-- // converted using mech's animoduler
local cfr = CFrame.new

return {{tm=0;["HumanoidRootPart"]={tm=0;cf=cfr(0,0,0,1,0,0,0,1,0,0,0,1);es="Linear";ed="In";};["Torso"]={tm=0;cf=cfr(-.035,.056,.034,.984,-.172,-.05,.179,.959,.221,.01,-.227,.974);es="Linear";ed="In";};["Left Leg"]={tm=0;cf=cfr(-.914,-.102,-.011,.321,-.947,.006,.916,.312,.25,-.239,-.075,.968);es="Linear";ed="In";};["Right Arm"]={tm=0;cf=cfr(-.521,-.679,-.057,.434,-.891,-.137,.631,.192,.752,-.643,-.412,.645);es="Linear";ed="In";};["Head"]={tm=0;cf=cfr(0,0,0,1,.012,-.005,-.013,.939,-.343,.001,.343,.939);es="Linear";ed="In";};["Right Leg"]={tm=0;cf=cfr(.225,.106,.038,.776,.572,-.266,-.559,.819,.13,.292,.047,.955);es="Linear";ed="In";};["Left Arm"]={tm=0;cf=cfr(.258,-.648,.244,.416,.859,-.298,-.747,.51,.426,.518,.046,.854);es="Linear";ed="In";};};}