-- // converted using mech's animoduler
local cfr = CFrame.new

return {{tm=0;["HumanoidRootPart"]={tm=.017;cf=cfr(0,0,0,1,0,0,0,1,0,0,0,1);es="Linear";ed="In";};["Torso"]={tm=.017;cf=cfr(.015,.017,.015,.822,.555,.131,-.569,.809,.146,-.025,-.194,.981);es="Sine";ed="InOut";};["Left Arm"]={tm=.017;cf=cfr(-.1,-.043,.099,.702,.017,-.712,.233,.939,.253,.673,-.344,.655);es="Sine";ed="InOut";};["Handle"]={tm=0;cf=cfr(0,0,0,1,0,0,0,1,0,0,0,1);es="Linear";ed="In";};["Chain"]={tm=.017;cf=cfr(0,-.499,0,.643,-.365,.673,.306,.928,.212,-.702,.07,.708);es="Quad";ed="Out";};["Left Leg"]={tm=.017;cf=cfr(0,0,0,.95,-.312,.016,.283,.881,.378,-.133,-.355,.926);es="Sine";ed="InOut";};["Right Arm"]={tm=.017;cf=cfr(0,0,.376,-.866,-.5,.017,.004,-.042,-.999,.5,-.865,.038);es="Sine";ed="InOut";};["Handle"]={tm=0;cf=cfr(0,0,0,1,0,0,0,1,0,0,0,1);es="Linear";ed="In";};["h2"]={tm=.017;cf=cfr(-.45,-.024,.406,.166,-.255,.953,0,.966,.259,-.986,-.043,.16);es="Sine";ed="Out";};["h1"]={tm=.017;cf=cfr(-.391,-.024,.619,.166,-.493,.854,0,.866,.5,-.986,-.083,.144);es="Sine";ed="Out";};["h3"]={tm=.017;cf=cfr(-.545,-.024,.207,.166,0,.986,0,1,0,-.986,0,.166);es="Sine";ed="Out";};["Head"]={tm=.017;cf=cfr(0,0,0,.882,-.466,.069,.462,.827,-.321,.093,.315,.945);es="Sine";ed="Out";};["Right Leg"]={tm=.017;cf=cfr(0,0,0,.932,.344,.114,-.362,.907,.215,-.03,-.242,.97);es="Sine";ed="InOut";};};{tm=.017;["HumanoidRootPart"]={tm=.016;cf=cfr(0,0,0,1,0,0,0,1,0,0,0,1);es="Linear";ed="In";};["Torso"]={tm=.016;cf=cfr(.015,.017,.015,.822,.555,.131,-.569,.809,.146,-.025,-.194,.981);es="Linear";ed="In";};["Left Arm"]={tm=.016;cf=cfr(-.1,-.043,.099,.703,.017,-.711,.234,.939,.253,.672,-.344,.656);es="Linear";ed="In";};["Handle"]={tm=0;cf=cfr(0,0,0,1,0,0,0,1,0,0,0,1);es="Linear";ed="In";};["Chain"]={tm=.016;cf=cfr(0,-.499,0,.625,-.381,.681,.348,.917,.193,-.698,.117,.706);es="Linear";ed="In";};["Left Leg"]={tm=.016;cf=cfr(0,0,0,.95,-.313,.017,.283,.881,.378,-.133,-.354,.926);es="Linear";ed="In";};["Right Arm"]={tm=.016;cf=cfr(0,0,.376,-.866,-.5,.018,.004,-.042,-.999,.501,-.865,.038);es="Linear";ed="In";};["Handle"]={tm=0;cf=cfr(0,0,0,1,0,0,0,1,0,0,0,1);es="Linear";ed="In";};["h2"]={tm=.016;cf=cfr(-.45,-.024,.406,.166,-.275,.947,.006,.961,.278,-.986,-.04,.161);es="Linear";ed="In";};["h1"]={tm=.016;cf=cfr(-.391,-.024,.619,.166,-.528,.833,.002,.845,.535,-.986,-.087,.142);es="Linear";ed="In";};["h3"]={tm=.016;cf=cfr(-.545,-.024,.207,.165,.001,.986,.009,1,-.002,-.986,.009,.165);es="Linear";ed="In";};["Head"]={tm=.016;cf=cfr(0,0,0,.881,-.469,.063,.464,.828,-.316,.096,.308,.947);es="Linear";ed="In";};["Right Leg"]={tm=.016;cf=cfr(0,0,0,.932,.344,.114,-.362,.907,.215,-.03,-.242,.97);es="Linear";ed="In";};};{tm=.033;["HumanoidRootPart"]={tm=.017;cf=cfr(0,0,0,1,0,0,0,1,0,0,0,1);es="Linear";ed="In";};["Torso"]={tm=.017;cf=cfr(.015,.017,.014,.822,.555,.131,-.57,.809,.146,-.025,-.194,.981);es="Linear";ed="In";};["Left Arm"]={tm=.017;cf=cfr(-.1,-.043,.099,.703,.016,-.711,.235,.938,.253,.671,-.345,.656);es="Linear";ed="In";};["Handle"]={tm=0;cf=cfr(0,0,0,1,0,0,0,1,0,0,0,1);es="Linear";ed="In";};["Chain"]={tm=.017;cf=cfr(0,-.499,0,.608,-.394,.689,.389,.905,.175,-.692,.162,.703);es="Linear";ed="In";};["Left Leg"]={tm=.017;cf=cfr(-.001,.001,0,.95,-.313,.017,.284,.881,.378,-.133,-.354,.926);es="Linear";ed="In";};["Right Arm"]={tm=.017;cf=cfr(0,0,.376,-.865,-.501,.018,.004,-.043,-.999,.502,-.864,.039);es="Linear";ed="In";};["Handle"]={tm=0;cf=cfr(0,0,0,1,0,0,0,1,0,0,0,1);es="Linear";ed="In";};["h2"]={tm=.017;cf=cfr(-.45,-.024,.406,.165,-.294,.941,.012,.955,.296,-.986,-.038,.161);es="Linear";ed="In";};["h1"]={tm=.017;cf=cfr(-.391,-.024,.619,.166,-.562,.811,.005,.822,.569,-.986,-.09,.139);es="Linear";ed="In";};["h3"]={tm=.017;cf=cfr(-.545,-.024,.207,.163,.001,.987,.018,1,-.004,-.986,.019,.163);es="Linear";ed="In";};["Head"]={tm=.017;cf=cfr(0,0,0,.879,-.472,.058,.466,.829,-.311,.099,.3,.949);es="Linear";ed="In";};["Right Leg"]={tm=.017;cf=cfr(.001,.001,0,.932,.345,.115,-.362,.907,.215,-.03,-.242,.97);es="Linear";ed="In";};};{tm=.05;["HumanoidRootPart"]={tm=.017;cf=cfr(0,0,0,1,0,0,0,1,0,0,0,1);es="Linear";ed="In";};["Torso"]={tm=.017;cf=cfr(.015,.017,.012,.821,.555,.131,-.57,.809,.146,-.025,-.194,.981);es="Linear";ed="In";};["Left Arm"]={tm=.017;cf=cfr(-.1,-.043,.099,.704,.014,-.71,.237,.938,.254,.669,-.347,.657);es="Linear";ed="In";};["Handle"]={tm=0;cf=cfr(0,0,0,1,0,0,0,1,0,0,0,1);es="Linear";ed="In";};["Chain"]={tm=.017;cf=cfr(0,-.499,0,.591,-.406,.697,.426,.891,.158,-.685,.204,.7);es="Linear";ed="In";};["Left Leg"]={tm=.017;cf=cfr(-.003,.003,0,.949,-.314,.017,.285,.881,.378,-.134,-.354,.926);es="Linear";ed="In";};["Right Arm"]={tm=.017;cf=cfr(0,0,.376,-.864,-.503,.019,.004,-.045,-.999,.503,-.863,.041);es="Linear";ed="In";};["Handle"]={tm=0;cf=cfr(0,0,0,1,0,0,0,1,0,0,0,1);es="Linear";ed="In";};["h2"]={tm=.017;cf=cfr(-.45,-.024,.406,.165,-.313,.935,.017,.949,.315,-.986,-.035,.162);es="Linear";ed="In";};["h1"]={tm=.017;cf=cfr(-.391,-.024,.619,.166,-.594,.787,.007,.799,.602,-.986,-.094,.137);es="Linear";ed="In";};["h3"]={tm=.017;cf=cfr(-.545,-.024,.207,.162,.002,.987,.027,1,-.006,-.986,.028,.161);es="Linear";ed="In";};["Head"]={tm=.017;cf=cfr(0,0,0,.878,-.475,.053,.467,.829,-.306,.101,.293,.951);es="Linear";ed="In";};["Right Leg"]={tm=.017;cf=cfr(.003,.003,0,.931,.345,.115,-.363,.907,.215,-.03,-.242,.97);es="Linear";ed="In";};};{tm=.067;["HumanoidRootPart"]={tm=.016;cf=cfr(0,0,0,1,0,0,0,1,0,0,0,1);es="Linear";ed="In";};["Torso"]={tm=.016;cf=cfr(.015,.017,.009,.821,.555,.131,-.57,.809,.146,-.025,-.194,.981);es="Linear";ed="In";};["Left Arm"]={tm=.016;cf=cfr(-.1,-.043,.099,.706,.012,-.708,.239,.937,.255,.666,-.349,.659);es="Linear";ed="In";};["Handle"]={tm=0;cf=cfr(0,0,0,1,0,0,0,1,0,0,0,1);es="Linear";ed="In";};["Chain"]={tm=.016;cf=cfr(0,-.499,0,.575,-.417,.704,.461,.876,.142,-.676,.243,.696);es="Linear";ed="In";};["Left Leg"]={tm=.016;cf=cfr(-.006,.005,.001,.949,-.316,.018,.286,.881,.378,-.135,-.354,.926);es="Linear";ed="In";};["Right Arm"]={tm=.016;cf=cfr(0,0,.376,-.863,-.505,.02,.004,-.048,-.999,.505,-.862,.044);es="Linear";ed="In";};["Handle"]={tm=0;cf=cfr(0,0,0,1,0,0,0,1,0,0,0,1);es="Linear";ed="In";};["h2"]={tm=.016;cf=cfr(-.45,-.024,.406,.164,-.332,.929,.023,.943,.333,-.986,-.033,.162);es="Linear";ed="In";};["h1"]={tm=.016;cf=cfr(-.391,-.024,.619,.165,-.625,.763,.009,.774,.633,-.986,-.097,.134);es="Linear";ed="In";};["h3"]={tm=.016;cf=cfr(-.545,-.024,.207,.16,.003,.987,.036,.999,-.008,-.986,.037,.16);es="Linear";ed="In";};["Head"]={tm=.016;cf=cfr(0,0,0,.877,-.478,.048,.469,.83,-.301,.104,.286,.953);es="Linear";ed="In";};["Right Leg"]={tm=.016;cf=cfr(.006,.006,-.001,.931,.346,.115,-.363,.906,.215,-.03,-.242,.97);es="Linear";ed="In";};};{tm=.083;["HumanoidRootPart"]={tm=.017;cf=cfr(0,0,0,1,0,0,0,1,0,0,0,1);es="Linear";ed="In";};["Torso"]={tm=.017;cf=cfr(.015,.017,.006,.821,.556,.131,-.57,.808,.146,-.025,-.194,.981);es="Linear";ed="In";};["Left Arm"]={tm=.017;cf=cfr(-.1,-.043,.099,.708,.01,-.706,.242,.936,.256,.663,-.352,.661);es="Linear";ed="In";};["Handle"]={tm=0;cf=cfr(0,0,0,1,0,0,0,1,0,0,0,1);es="Linear";ed="In";};["Chain"]={tm=.017;cf=cfr(0,-.499,0,.559,-.426,.711,.493,.861,.128,-.666,.279,.692);es="Linear";ed="In";};["Left Leg"]={tm=.017;cf=cfr(-.009,.008,.001,.948,-.317,.018,.288,.88,.378,-.136,-.353,.926);es="Linear";ed="In";};["Right Arm"]={tm=.017;cf=cfr(0,0,.376,-.862,-.507,.022,.005,-.052,-.999,.508,-.86,.047);es="Linear";ed="In";};["Handle"]={tm=0;cf=cfr(0,0,0,1,0,0,0,1,0,0,0,1);es="Linear";ed="In";};["h2"]={tm=.017;cf=cfr(-.45,-.024,.406,.163,-.35,.922,.029,.936,.35,-.986,-.031,.163);es="Linear";ed="In";};["h1"]={tm=.017;cf=cfr(-.391,-.024,.619,.165,-.654,.738,.012,.75,.662,-.986,-.1,.131);es="Linear";ed="In";};["h3"]={tm=.017;cf=cfr(-.545,-.024,.207,.159,.003,.987,.044,.999,-.01,-.986,.045,.158);es="Linear";ed="In";};["Head"]={tm=.017;cf=cfr(0,0,0,.876,-.481,.043,.471,.831,-.296,.107,.279,.954);es="Linear";ed="In";};["Right Leg"]={tm=.017;cf=cfr(.009,.009,-.001,.931,.347,.116,-.364,.906,.215,-.03,-.243,.97);es="Linear";ed="In";};};{tm=.1;["HumanoidRootPart"]={tm=.017;cf=cfr(0,0,0,1,0,0,0,1,0,0,0,1);es="Linear";ed="In";};["Torso"]={tm=.017;cf=cfr(.015,.017,.002,.821,.556,.131,-.571,.808,.146,-.025,-.194,.981);es="Linear";ed="In";};["Left Arm"]={tm=.017;cf=cfr(-.1,-.043,.099,.711,.006,-.703,.246,.934,.257,.659,-.356,.663);es="Linear";ed="In";};["Handle"]={tm=0;cf=cfr(0,0,0,1,0,0,0,1,0,0,0,1);es="Linear";ed="In";};["Chain"]={tm=.017;cf=cfr(0,-.499,0,.545,-.434,.718,.523,.845,.114,-.656,.313,.687);es="Linear";ed="In";};["Left Leg"]={tm=.017;cf=cfr(-.013,.011,.002,.947,-.32,.019,.289,.88,.378,-.137,-.352,.926);es="Linear";ed="In";};["Right Arm"]={tm=.017;cf=cfr(0,0,.376,-.86,-.51,.024,.005,-.056,-.998,.511,-.858,.051);es="Linear";ed="In";};["Handle"]={tm=0;cf=cfr(0,0,0,1,0,0,0,1,0,0,0,1);es="Linear";ed="In";};["h2"]={tm=.017;cf=cfr(-.45,-.024,.406,.162,-.367,.916,.034,.93,.367,-.986,-.028,.163);es="Linear";ed="In";};["h1"]={tm=.017;cf=cfr(-.391,-.024,.619,.164,-.682,.713,.014,.724,.689,-.986,-.103,.128);es="Linear";ed="In";};["h3"]={tm=.017;cf=cfr(-.545,-.024,.207,.157,.004,.988,.052,.999,-.012,-.986,.054,.157);es="Linear";ed="In";};["Head"]={tm=.017;cf=cfr(0,0,0,.874,-.484,.038,.473,.832,-.291,.109,.272,.956);es="Linear";ed="In";};["Right Leg"]={tm=.017;cf=cfr(.013,.013,-.002,.93,.347,.117,-.365,.906,.216,-.031,-.243,.97);es="Linear";ed="In";};};{tm=.117;["HumanoidRootPart"]={tm=.016;cf=cfr(0,0,0,1,0,0,0,1,0,0,0,1);es="Linear";ed="In";};["Torso"]={tm=.016;cf=cfr(.015,.017,-.003,.821,.556,.131,-.571,.808,.146,-.025,-.194,.981);es="Linear";ed="In";};["Left Arm"]={tm=.016;cf=cfr(-.1,-.043,.099,.714,.003,-.7,.251,.933,.259,.654,-.36,.665);es="Linear";ed="In";};["Handle"]={tm=0;cf=cfr(0,0,0,1,0,0,0,1,0,0,0,1);es="Linear";ed="In";};["Chain"]={tm=.016;cf=cfr(0,-.499,0,.53,-.441,.724,.55,.829,.102,-.645,.344,.682);es="Linear";ed="In";};["Left Leg"]={tm=.016;cf=cfr(-.017,.015,.002,.946,-.322,.02,.291,.879,.377,-.139,-.352,.926);es="Linear";ed="In";};["Right Arm"]={tm=.016;cf=cfr(0,0,.376,-.858,-.513,.027,.005,-.061,-.998,.514,-.856,.055);es="Linear";ed="In";};["Handle"]={tm=0;cf=cfr(0,0,0,1,0,0,0,1,0,0,0,1);es="Linear";ed="In";};["h2"]={tm=.016;cf=cfr(-.45,-.024,.406,.161,-.384,.909,.039,.923,.383,-.986,-.026,.164);es="Linear";ed="In";};["h1"]={tm=.016;cf=cfr(-.391,-.024,.619,.164,-.707,.688,.016,.699,.715,-.986,-.106,.126);es="Linear";ed="In";};["h3"]={tm=.016;cf=cfr(-.545,-.024,.207,.156,.004,.988,.06,.998,-.014,-.986,.062,.156);es="Linear";ed="In";};["Head"]={tm=.016;cf=cfr(0,0,0,.873,-.486,.033,.475,.832,-.286,.112,.266,.958);es="Linear";ed="In";};["Right Leg"]={tm=.016;cf=cfr(.018,.017,-.002,.93,.349,.117,-.366,.905,.216,-.031,-.244,.969);es="Linear";ed="In";};};{tm=.133;["HumanoidRootPart"]={tm=.0169;cf=cfr(0,0,0,1,0,0,0,1,0,0,0,1);es="Linear";ed="In";};["Torso"]={tm=.0169;cf=cfr(.015,.017,-.008,.82,.557,.131,-.572,.808,.146,-.025,-.194,.981);es="Linear";ed="In";};["Left Arm"]={tm=.0169;cf=cfr(-.1,-.043,.099,.717,-.002,-.697,.256,.931,.261,.648,-.365,.668);es="Linear";ed="In";};["Handle"]={tm=0;cf=cfr(0,0,0,1,0,0,0,1,0,0,0,1);es="Linear";ed="In";};["Chain"]={tm=.0169;cf=cfr(0,-.499,0,.517,-.447,.73,.574,.814,.091,-.635,.372,.677);es="Linear";ed="In";};["Left Leg"]={tm=.0169;cf=cfr(-.022,.02,.003,.945,-.325,.021,.294,.878,.377,-.141,-.351,.926);es="Linear";ed="In";};["Right Arm"]={tm=.0169;cf=cfr(0,0,.376,-.855,-.517,.029,.006,-.067,-.998,.518,-.853,.06);es="Linear";ed="In";};["Handle"]={tm=0;cf=cfr(0,0,0,1,0,0,0,1,0,0,0,1);es="Linear";ed="In";};["h2"]={tm=.0169;cf=cfr(-.45,-.024,.406,.16,-.399,.903,.044,.916,.398,-.986,-.024,.164);es="Linear";ed="In";};["h1"]={tm=.0169;cf=cfr(-.391,-.024,.619,.163,-.73,.663,.018,.675,.738,-.986,-.109,.123);es="Linear";ed="In";};["h3"]={tm=.0169;cf=cfr(-.545,-.024,.207,.155,.005,.988,.068,.998,-.016,-.986,.07,.154);es="Linear";ed="In";};["Head"]={tm=.0169;cf=cfr(0,0,0,.872,-.489,.029,.476,.833,-.282,.114,.26,.959);es="Linear";ed="In";};["Right Leg"]={tm=.0169;cf=cfr(.023,.022,-.003,.929,.35,.118,-.368,.904,.216,-.032,-.244,.969);es="Linear";ed="In";};};{tm=.15;["HumanoidRootPart"]={tm=.0170;cf=cfr(0,0,0,1,0,0,0,1,0,0,0,1);es="Linear";ed="In";};["Torso"]={tm=.0170;cf=cfr(.015,.017,-.015,.82,.557,.131,-.572,.807,.146,-.025,-.194,.981);es="Linear";ed="In";};["Left Arm"]={tm=.0170;cf=cfr(-.1,-.043,.099,.721,-.006,-.693,.261,.929,.263,.642,-.371,.671);es="Linear";ed="In";};["Handle"]={tm=0;cf=cfr(0,0,0,1,0,0,0,1,0,0,0,1);es="Linear";ed="In";};["Chain"]={tm=.0170;cf=cfr(0,-.499,0,.505,-.452,.736,.596,.799,.081,-.624,.398,.672);es="Linear";ed="In";};["Left Leg"]={tm=.0170;cf=cfr(-.028,.025,.004,.944,-.329,.022,.297,.877,.377,-.143,-.35,.926);es="Linear";ed="In";};["Right Arm"]={tm=.0170;cf=cfr(0,0,.376,-.853,-.522,.033,.007,-.073,-.997,.523,-.85,.065);es="Linear";ed="In";};["Handle"]={tm=0;cf=cfr(0,0,0,1,0,0,0,1,0,0,0,1);es="Linear";ed="In";};["h2"]={tm=.0170;cf=cfr(-.45,-.024,.406,.159,-.414,.896,.048,.91,.412,-.986,-.022,.165);es="Linear";ed="In";};["h1"]={tm=.0170;cf=cfr(-.391,-.024,.619,.162,-.751,.639,.02,.65,.759,-.987,-.111,.12);es="Linear";ed="In";};["h3"]={tm=.0170;cf=cfr(-.545,-.024,.207,.154,.006,.988,.075,.997,-.017,-.985,.077,.153);es="Linear";ed="In";};["Head"]={tm=.0170;cf=cfr(0,0,0,.871,-.491,.025,.478,.833,-.278,.116,.254,.96);es="Linear";ed="In";};["Right Leg"]={tm=.0170;cf=cfr(.028,.028,-.004,.929,.351,.119,-.37,.904,.216,-.032,-.245,.969);es="Linear";ed="In";};};{tm=.167;["HumanoidRootPart"]={tm=.0159;cf=cfr(0,0,0,1,0,0,0,1,0,0,0,1);es="Linear";ed="In";};["Torso"]={tm=.0159;cf=cfr(.015,.017,-.021,.819,.558,.131,-.573,.807,.145,-.025,-.194,.981);es="Linear";ed="In";};["Left Arm"]={tm=.0159;cf=cfr(-.1,-.043,.099,.725,-.012,-.689,.267,.926,.266,.635,-.377,.675);es="Linear";ed="In";};["Handle"]={tm=0;cf=cfr(0,0,0,1,0,0,0,1,0,0,0,1);es="Linear";ed="In";};["Chain"]={tm=.0159;cf=cfr(0,-.499,0,.493,-.456,.741,.616,.784,.072,-.614,.421,.668);es="Linear";ed="In";};["Left Leg"]={tm=.0159;cf=cfr(-.034,.031,.005,.943,-.332,.023,.3,.876,.377,-.145,-.349,.926);es="Linear";ed="In";};["Right Arm"]={tm=.0159;cf=cfr(0,0,.376,-.849,-.526,.036,.007,-.08,-.997,.528,-.847,.072);es="Linear";ed="In";};["Handle"]={tm=0;cf=cfr(0,0,0,1,0,0,0,1,0,0,0,1);es="Linear";ed="In";};["h2"]={tm=.0159;cf=cfr(-.45,-.024,.406,.158,-.428,.89,.052,.904,.425,-.986,-.021,.165);es="Linear";ed="In";};["h1"]={tm=.0159;cf=cfr(-.391,-.024,.619,.162,-.771,.616,.021,.627,.779,-.987,-.113,.118);es="Linear";ed="In";};["h3"]={tm=.0159;cf=cfr(-.545,-.024,.207,.153,.006,.988,.082,.996,-.019,-.985,.084,.152);es="Linear";ed="In";};["Head"]={tm=.0159;cf=cfr(0,0,0,.87,-.493,.021,.479,.834,-.274,.118,.248,.961);es="Linear";ed="In";};["Right Leg"]={tm=.0159;cf=cfr(.035,.034,-.005,.928,.353,.121,-.371,.903,.216,-.033,-.245,.969);es="Linear";ed="In";};};{tm=.183;["HumanoidRootPart"]={tm=.0170;cf=cfr(0,0,0,1,0,0,0,1,0,0,0,1);es="Linear";ed="In";};["Torso"]={tm=.0170;cf=cfr(.015,.017,-.028,.819,.559,.131,-.573,.806,.145,-.025,-.194,.981);es="Linear";ed="In";};["Left Arm"]={tm=.0170;cf=cfr(-.1,-.043,.099,.729,-.018,-.684,.274,.924,.268,.627,-.383,.678);es="Linear";ed="In";};["Handle"]={tm=0;cf=cfr(0,0,0,1,0,0,0,1,0,0,0,1);es="Linear";ed="In";};["Chain"]={tm=.0170;cf=cfr(0,-.499,0,.483,-.459,.746,.634,.771,.064,-.604,.441,.663);es="Linear";ed="In";};["Left Leg"]={tm=.0170;cf=cfr(-.041,.037,.006,.942,-.336,.024,.303,.875,.377,-.147,-.347,.926);es="Linear";ed="In";};["Right Arm"]={tm=.0170;cf=cfr(0,0,.376,-.846,-.531,.04,.008,-.087,-.996,.533,-.843,.078);es="Linear";ed="In";};["Handle"]={tm=0;cf=cfr(0,0,0,1,0,0,0,1,0,0,0,1);es="Linear";ed="In";};["h2"]={tm=.0170;cf=cfr(-.45,-.024,.406,.157,-.44,.884,.056,.898,.437,-.986,-.019,.166);es="Linear";ed="In";};["h1"]={tm=.0170;cf=cfr(-.391,-.024,.619,.161,-.788,.595,.023,.605,.796,-.987,-.115,.115);es="Linear";ed="In";};["h3"]={tm=.0170;cf=cfr(-.545,-.024,.207,.152,.007,.988,.088,.996,-.02,-.985,.09,.15);es="Linear";ed="In";};["Head"]={tm=.0170;cf=cfr(0,0,0,.869,-.495,.017,.481,.834,-.271,.12,.243,.963);es="Linear";ed="In";};["Right Leg"]={tm=.0170;cf=cfr(.042,.041,-.006,.927,.354,.122,-.373,.902,.216,-.033,-.246,.969);es="Linear";ed="In";};};{tm=.2;["HumanoidRootPart"]={tm=.0169;cf=cfr(0,0,0,1,0,0,0,1,0,0,0,1);es="Linear";ed="In";};["Torso"]={tm=.0169;cf=cfr(.015,.017,-.036,.818,.559,.131,-.574,.806,.145,-.025,-.194,.981);es="Linear";ed="In";};["Left Arm"]={tm=.0169;cf=cfr(-.1,-.043,.099,.734,-.024,-.679,.281,.921,.271,.619,-.39,.682);es="Linear";ed="In";};["Handle"]={tm=0;cf=cfr(0,0,0,1,0,0,0,1,0,0,0,1);es="Linear";ed="In";};["Chain"]={tm=.0169;cf=cfr(0,-.499,0,.474,-.462,.75,.649,.758,.058,-.595,.46,.659);es="Linear";ed="In";};["Left Leg"]={tm=.0169;cf=cfr(-.048,.043,.007,.94,-.34,.025,.306,.874,.376,-.15,-.346,.926);es="Linear";ed="In";};["Right Arm"]={tm=.0169;cf=cfr(0,0,.376,-.843,-.537,.044,.009,-.095,-.995,.538,-.838,.085);es="Linear";ed="In";};["Handle"]={tm=0;cf=cfr(0,0,0,1,0,0,0,1,0,0,0,1);es="Linear";ed="In";};["h2"]={tm=.0169;cf=cfr(-.45,-.024,.406,.156,-.451,.879,.06,.892,.448,-.986,-.017,.166);es="Linear";ed="In";};["h1"]={tm=.0169;cf=cfr(-.391,-.024,.619,.161,-.803,.574,.024,.585,.811,-.987,-.116,.113);es="Linear";ed="In";};["h3"]={tm=.0169;cf=cfr(-.545,-.024,.207,.151,.007,.989,.093,.995,-.021,-.984,.096,.149);es="Linear";ed="In";};["Head"]={tm=.0169;cf=cfr(0,0,0,.868,-.497,.014,.482,.834,-.267,.122,.239,.963);es="Linear";ed="In";};["Right Leg"]={tm=.0169;cf=cfr(.049,.048,-.007,.926,.356,.123,-.375,.901,.217,-.034,-.247,.968);es="Linear";ed="In";};};{tm=.217;["HumanoidRootPart"]={tm=.0160;cf=cfr(0,0,0,1,0,0,0,1,0,0,0,1);es="Linear";ed="In";};["Torso"]={tm=.0160;cf=cfr(.015,.017,-.044,.818,.56,.131,-.575,.805,.145,-.025,-.194,.981);es="Linear";ed="In";};["Left Arm"]={tm=.0160;cf=cfr(-.1,-.043,.099,.738,-.03,-.674,.288,.917,.274,.61,-.397,.686);es="Linear";ed="In";};["Handle"]={tm=0;cf=cfr(0,0,0,1,0,0,0,1,0,0,0,1);es="Linear";ed="In";};["Chain"]={tm=.0160;cf=cfr(0,-.499,0,.465,-.465,.754,.663,.747,.051,-.587,.475,.655);es="Linear";ed="In";};["Left Leg"]={tm=.0160;cf=cfr(-.056,.05,.008,.938,-.344,.027,.31,.873,.376,-.153,-.345,.926);es="Linear";ed="In";};["Right Arm"]={tm=.0160;cf=cfr(0,0,.376,-.839,-.542,.048,.01,-.104,-.995,.544,-.834,.092);es="Linear";ed="In";};["Handle"]={tm=0;cf=cfr(0,0,0,1,0,0,0,1,0,0,0,1);es="Linear";ed="In";};["h2"]={tm=.0160;cf=cfr(-.45,-.024,.406,.155,-.461,.873,.063,.887,.457,-.986,-.016,.167);es="Linear";ed="In";};["h1"]={tm=.0160;cf=cfr(-.391,-.024,.619,.16,-.816,.556,.025,.566,.824,-.987,-.118,.111);es="Linear";ed="In";};["h3"]={tm=.0160;cf=cfr(-.545,-.024,.207,.15,.008,.989,.099,.995,-.023,-.984,.101,.148);es="Linear";ed="In";};["Head"]={tm=.0160;cf=cfr(0,0,0,.867,-.498,.01,.483,.835,-.265,.123,.234,.964);es="Linear";ed="In";};["Right Leg"]={tm=.0160;cf=cfr(.057,.055,-.008,.925,.358,.124,-.377,.9,.217,-.034,-.248,.968);es="Linear";ed="In";};};{tm=.233;["HumanoidRootPart"]={tm=.0169;cf=cfr(0,0,0,1,0,0,0,1,0,0,0,1);es="Linear";ed="In";};["Torso"]={tm=.0169;cf=cfr(.015,.017,-.053,.817,.561,.132,-.576,.805,.145,-.025,-.194,.981);es="Linear";ed="In";};["Left Arm"]={tm=.0169;cf=cfr(-.1,-.043,.099,.743,-.038,-.668,.296,.914,.278,.6,-.404,.69);es="Linear";ed="In";};["Handle"]={tm=0;cf=cfr(0,0,0,1,0,0,0,1,0,0,0,1);es="Linear";ed="In";};["Chain"]={tm=.0169;cf=cfr(0,-.499,0,.458,-.466,.757,.674,.737,.046,-.579,.489,.652);es="Linear";ed="In";};["Left Leg"]={tm=.0169;cf=cfr(-.064,.057,.009,.937,-.349,.028,.314,.872,.376,-.156,-.343,.926);es="Linear";ed="In";};["Right Arm"]={tm=.0169;cf=cfr(0,0,.376,-.835,-.548,.053,.011,-.113,-.994,.55,-.829,.1);es="Linear";ed="In";};["Handle"]={tm=0;cf=cfr(0,0,0,1,0,0,0,1,0,0,0,1);es="Linear";ed="In";};["h2"]={tm=.0169;cf=cfr(-.45,-.024,.406,.155,-.47,.869,.066,.882,.466,-.986,-.015,.167);es="Linear";ed="In";};["h1"]={tm=.0169;cf=cfr(-.391,-.024,.619,.159,-.827,.539,.026,.55,.835,-.987,-.119,.109);es="Linear";ed="In";};["h3"]={tm=.0169;cf=cfr(-.545,-.024,.207,.149,.008,.989,.103,.994,-.024,-.983,.105,.148);es="Linear";ed="In";};["Head"]={tm=.0169;cf=cfr(0,0,0,.866,-.5,.008,.484,.835,-.262,.124,.231,.965);es="Linear";ed="In";};["Right Leg"]={tm=.0169;cf=cfr(.065,.063,-.009,.924,.36,.126,-.38,.899,.217,-.035,-.248,.968);es="Linear";ed="In";};};{tm=.25;["HumanoidRootPart"]={tm=.0170;cf=cfr(0,0,0,1,0,0,0,1,0,0,0,1);es="Linear";ed="In";};["Torso"]={tm=.0170;cf=cfr(.015,.017,-.062,.817,.562,.132,-.576,.804,.145,-.025,-.194,.981);es="Linear";ed="In";};["Left Arm"]={tm=.0170;cf=cfr(-.1,-.043,.099,.748,-.045,-.662,.304,.91,.281,.59,-.411,.695);es="Linear";ed="In";};["Handle"]={tm=0;cf=cfr(0,0,0,1,0,0,0,1,0,0,0,1);es="Linear";ed="In";};["Chain"]={tm=.0170;cf=cfr(0,-.499,0,.452,-.468,.76,.684,.728,.042,-.573,.5,.649);es="Linear";ed="In";};["Left Leg"]={tm=.0170;cf=cfr(-.072,.064,.01,.935,-.354,.03,.318,.871,.375,-.159,-.342,.926);es="Linear";ed="In";};["Right Arm"]={tm=.0170;cf=cfr(0,0,.376,-.831,-.554,.058,.012,-.122,-.992,.557,-.824,.108);es="Linear";ed="In";};["Handle"]={tm=0;cf=cfr(0,0,0,1,0,0,0,1,0,0,0,1);es="Linear";ed="In";};["h2"]={tm=.0170;cf=cfr(-.45,-.024,.406,.154,-.478,.865,.068,.878,.473,-.986,-.014,.168);es="Linear";ed="In";};["h1"]={tm=.0170;cf=cfr(-.391,-.024,.619,.159,-.836,.525,.027,.535,.844,-.987,-.12,.108);es="Linear";ed="In";};["h3"]={tm=.0170;cf=cfr(-.545,-.024,.207,.149,.008,.989,.107,.994,-.024,-.983,.109,.147);es="Linear";ed="In";};["Head"]={tm=.0170;cf=cfr(0,0,0,.866,-.501,.006,.485,.835,-.26,.125,.228,.966);es="Linear";ed="In";};["Right Leg"]={tm=.0170;cf=cfr(.073,.071,-.01,.923,.362,.127,-.382,.898,.217,-.036,-.249,.968);es="Linear";ed="In";};};{tm=.267;["HumanoidRootPart"]={tm=.0159;cf=cfr(0,0,0,1,0,0,0,1,0,0,0,1);es="Linear";ed="In";};["Torso"]={tm=.0159;cf=cfr(.015,.017,-.071,.816,.562,.132,-.577,.804,.145,-.025,-.194,.981);es="Linear";ed="In";};["Left Arm"]={tm=.0159;cf=cfr(-.1,-.043,.099,.753,-.053,-.656,.312,.907,.285,.58,-.419,.699);es="Linear";ed="In";};["Handle"]={tm=0;cf=cfr(0,0,0,1,0,0,0,1,0,0,0,1);es="Linear";ed="In";};["Chain"]={tm=.0159;cf=cfr(0,-.499,0,.447,-.469,.762,.692,.721,.039,-.568,.51,.647);es="Linear";ed="In";};["Left Leg"]={tm=.0159;cf=cfr(-.081,.072,.011,.933,-.359,.031,.322,.869,.375,-.162,-.34,.926);es="Linear";ed="In";};["Right Arm"]={tm=.0159;cf=cfr(0,0,.376,-.826,-.56,.063,.014,-.131,-.991,.563,-.818,.116);es="Linear";ed="In";};["Handle"]={tm=0;cf=cfr(0,0,0,1,0,0,0,1,0,0,0,1);es="Linear";ed="In";};["h2"]={tm=.0159;cf=cfr(-.45,-.024,.406,.153,-.484,.862,.07,.875,.479,-.986,-.013,.168);es="Linear";ed="In";};["h1"]={tm=.0159;cf=cfr(-.391,-.024,.619,.159,-.844,.513,.028,.523,.852,-.987,-.121,.107);es="Linear";ed="In";};["h3"]={tm=.0159;cf=cfr(-.545,-.024,.207,.148,.009,.989,.11,.994,-.025,-.983,.112,.146);es="Linear";ed="In";};["Head"]={tm=.0159;cf=cfr(0,0,0,.865,-.502,.004,.485,.835,-.258,.126,.225,.966);es="Linear";ed="In";};["Right Leg"]={tm=.0159;cf=cfr(.082,.08,-.011,.922,.364,.129,-.384,.897,.218,-.037,-.25,.967);es="Linear";ed="In";};};{tm=.283;["HumanoidRootPart"]={tm=.0170;cf=cfr(0,0,0,1,0,0,0,1,0,0,0,1);es="Linear";ed="In";};["Torso"]={tm=.0170;cf=cfr(.015,.017,-.08,.816,.563,.132,-.578,.803,.145,-.025,-.194,.981);es="Linear";ed="In";};["Left Arm"]={tm=.0170;cf=cfr(-.1,-.043,.099,.758,-.061,-.65,.32,.902,.289,.569,-.426,.703);es="Linear";ed="In";};["Handle"]={tm=0;cf=cfr(0,0,0,1,0,0,0,1,0,0,0,1);es="Linear";ed="In";};["Chain"]={tm=.0170;cf=cfr(0,-.499,0,.443,-.47,.764,.698,.716,.036,-.563,.517,.645);es="Linear";ed="In";};["Left Leg"]={tm=.0170;cf=cfr(-.089,.08,.012,.931,-.364,.033,.326,.868,.375,-.165,-.338,.926);es="Linear";ed="In";};["Right Arm"]={tm=.0170;cf=cfr(0,0,.376,-.822,-.566,.068,.015,-.141,-.99,.57,-.812,.124);es="Linear";ed="In";};["Handle"]={tm=0;cf=cfr(0,0,0,1,0,0,0,1,0,0,0,1);es="Linear";ed="In";};["h2"]={tm=.0170;cf=cfr(-.45,-.024,.406,.153,-.489,.859,.072,.872,.484,-.986,-.012,.168);es="Linear";ed="In";};["h1"]={tm=.0170;cf=cfr(-.391,-.024,.619,.158,-.849,.503,.029,.514,.858,-.987,-.121,.106);es="Linear";ed="In";};["h3"]={tm=.0170;cf=cfr(-.545,-.024,.207,.148,.009,.989,.112,.993,-.026,-.983,.115,.146);es="Linear";ed="In";};["Head"]={tm=.0170;cf=cfr(0,0,0,.865,-.502,.002,.486,.835,-.257,.127,.223,.967);es="Linear";ed="In";};["Right Leg"]={tm=.0170;cf=cfr(.091,.089,-.012,.921,.366,.131,-.387,.896,.218,-.037,-.251,.967);es="Linear";ed="In";};};{tm=.3;["HumanoidRootPart"]={tm=.0170;cf=cfr(0,0,0,1,0,0,0,1,0,0,0,1);es="Linear";ed="In";};["Torso"]={tm=.0170;cf=cfr(.015,.017,-.09,.815,.564,.132,-.579,.803,.145,-.025,-.194,.981);es="Linear";ed="In";};["Left Arm"]={tm=.0170;cf=cfr(-.1,-.043,.099,.762,-.069,-.643,.328,.898,.293,.558,-.434,.707);es="Linear";ed="In";};["Handle"]={tm=0;cf=cfr(0,0,0,1,0,0,0,1,0,0,0,1);es="Linear";ed="In";};["Chain"]={tm=.0170;cf=cfr(0,-.499,0,.44,-.47,.765,.702,.712,.034,-.56,.522,.643);es="Linear";ed="In";};["Left Leg"]={tm=.0170;cf=cfr(-.098,.088,.014,.929,-.369,.034,.33,.866,.375,-.168,-.337,.927);es="Linear";ed="In";};["Right Arm"]={tm=.0170;cf=cfr(0,0,.376,-.817,-.572,.074,.017,-.151,-.988,.577,-.806,.133);es="Linear";ed="In";};["Handle"]={tm=0;cf=cfr(0,0,0,1,0,0,0,1,0,0,0,1);es="Linear";ed="In";};["h2"]={tm=.0170;cf=cfr(-.45,-.024,.406,.152,-.492,.857,.073,.87,.487,-.986,-.012,.168);es="Linear";ed="In";};["h1"]={tm=.0170;cf=cfr(-.391,-.024,.619,.158,-.853,.497,.029,.507,.862,-.987,-.122,.105);es="Linear";ed="In";};["h3"]={tm=.0170;cf=cfr(-.545,-.024,.207,.147,.009,.989,.114,.993,-.026,-.982,.117,.145);es="Linear";ed="In";};["Head"]={tm=.0170;cf=cfr(0,0,0,.864,-.503,.001,.486,.836,-.256,.128,.221,.967);es="Linear";ed="In";};["Right Leg"]={tm=.0170;cf=cfr(.1,.098,-.013,.92,.368,.132,-.389,.895,.218,-.038,-.252,.967);es="Linear";ed="In";};};{tm=.317;["HumanoidRootPart"]={tm=.0160;cf=cfr(0,0,0,1,0,0,0,1,0,0,0,1);es="Linear";ed="In";};["Torso"]={tm=.0160;cf=cfr(.015,.017,-.1,.814,.565,.132,-.58,.802,.144,-.025,-.194,.981);es="Linear";ed="In";};["Left Arm"]={tm=.0160;cf=cfr(-.1,-.043,.099,.767,-.077,-.637,.336,.894,.297,.546,-.442,.712);es="Linear";ed="In";};["Handle"]={tm=0;cf=cfr(0,0,0,1,0,0,0,1,0,0,0,1);es="Linear";ed="In";};["Chain"]={tm=.0160;cf=cfr(0,-.499,0,.438,-.471,.766,.704,.709,.033,-.558,.525,.642);es="Linear";ed="In";};["Left Leg"]={tm=.0160;cf=cfr(-.107,.096,.015,.927,-.374,.036,.334,.865,.374,-.171,-.335,.927);es="Linear";ed="In";};["Right Arm"]={tm=.0160;cf=cfr(0,0,.376,-.812,-.578,.079,.018,-.161,-.987,.583,-.8,.141);es="Linear";ed="In";};["Handle"]={tm=0;cf=cfr(0,0,0,1,0,0,0,1,0,0,0,1);es="Linear";ed="In";};["h2"]={tm=.0160;cf=cfr(-.45,-.024,.406,.152,-.494,.856,.073,.869,.489,-.986,-.012,.169);es="Linear";ed="In";};["h1"]={tm=.0160;cf=cfr(-.391,-.024,.619,.158,-.856,.493,.029,.503,.864,-.987,-.122,.104);es="Linear";ed="In";};["h3"]={tm=.0160;cf=cfr(-.545,-.024,.207,.147,.009,.989,.115,.993,-.026,-.982,.118,.145);es="Linear";ed="In";};["Head"]={tm=.0160;cf=cfr(0,0,0,.864,-.503,0,.487,.836,-.255,.128,.221,.967);es="Linear";ed="In";};["Right Leg"]={tm=.0160;cf=cfr(.11,.107,-.015,.919,.37,.134,-.392,.894,.218,-.039,-.253,.967);es="Linear";ed="In";};};{tm=.333;["HumanoidRootPart"]={tm=.0169;cf=cfr(0,0,0,1,0,0,0,1,0,0,0,1);es="Linear";ed="In";};["Torso"]={tm=.0169;cf=cfr(.015,.017,-.11,.814,.566,.133,-.581,.801,.144,-.025,-.194,.981);es="Linear";ed="In";};["Left Arm"]={tm=.0169;cf=cfr(-.1,-.043,.099,.772,-.086,-.63,.344,.889,.301,.535,-.449,.716);es="Linear";ed="In";};["Handle"]={tm=0;cf=cfr(0,0,0,1,0,0,0,1,0,0,0,1);es="Linear";ed="In";};["Chain"]={tm=.0169;cf=cfr(0,-.499,0,.438,-.471,.766,.705,.708,.032,-.558,.526,.642);es="Quad";ed="In";};["Left Leg"]={tm=.0169;cf=cfr(-.117,.104,.016,.925,-.379,.038,.339,.863,.374,-.174,-.333,.927);es="Linear";ed="In";};["Right Arm"]={tm=.0169;cf=cfr(0,0,.376,-.807,-.584,.085,.02,-.171,-.985,.59,-.793,.15);es="Linear";ed="In";};["Handle"]={tm=0;cf=cfr(0,0,0,1,0,0,0,1,0,0,0,1);es="Linear";ed="In";};["h2"]={tm=.0169;cf=cfr(-.45,-.024,.406,.152,-.495,.855,.074,.869,.49,-.986,-.012,.169);es="Sine";ed="In";};["h1"]={tm=.0169;cf=cfr(-.391,-.024,.619,.158,-.857,.491,.029,.501,.865,-.987,-.122,.104);es="Sine";ed="In";};["h3"]={tm=.0169;cf=cfr(-.545,-.024,.207,.147,.009,.989,.115,.993,-.026,-.982,.118,.145);es="Sine";ed="In";};["Head"]={tm=.0169;cf=cfr(0,0,0,.864,-.503,0,.487,.836,-.255,.128,.22,.967);es="Sine";ed="In";};["Right Leg"]={tm=.0169;cf=cfr(.119,.116,-.016,.918,.373,.136,-.395,.893,.218,-.04,-.254,.966);es="Linear";ed="In";};};{tm=.35;["HumanoidRootPart"]={tm=.0170;cf=cfr(0,0,0,1,0,0,0,1,0,0,0,1);es="Linear";ed="In";};["Torso"]={tm=.0170;cf=cfr(.015,.017,-.119,.813,.567,.133,-.581,.801,.144,-.025,-.194,.981);es="Linear";ed="In";};["Left Arm"]={tm=.0170;cf=cfr(-.1,-.043,.099,.776,-.094,-.624,.353,.885,.305,.523,-.457,.72);es="Linear";ed="In";};["Handle"]={tm=0;cf=cfr(0,0,0,1,0,0,0,1,0,0,0,1);es="Linear";ed="In";};["Chain"]={tm=.0170;cf=cfr(0,-.499,0,.438,-.471,.766,.704,.709,.033,-.558,.525,.642);es="Linear";ed="In";};["Left Leg"]={tm=.0170;cf=cfr(-.126,.112,.017,.922,-.384,.039,.343,.862,.374,-.178,-.331,.927);es="Linear";ed="In";};["Right Arm"]={tm=.0170;cf=cfr(0,0,.376,-.802,-.59,.091,.022,-.181,-.983,.597,-.787,.158);es="Linear";ed="In";};["Handle"]={tm=0;cf=cfr(0,0,0,1,0,0,0,1,0,0,0,1);es="Linear";ed="In";};["h2"]={tm=.0170;cf=cfr(-.45,-.024,.406,.152,-.494,.856,.073,.869,.489,-.986,-.012,.169);es="Linear";ed="In";};["h1"]={tm=.0170;cf=cfr(-.391,-.024,.619,.158,-.856,.493,.029,.503,.864,-.987,-.122,.104);es="Linear";ed="In";};["h3"]={tm=.0170;cf=cfr(-.545,-.024,.207,.147,.009,.989,.115,.993,-.026,-.982,.118,.145);es="Linear";ed="In";};["Head"]={tm=.0170;cf=cfr(0,0,0,.864,-.503,0,.487,.835,-.255,.128,.22,.967);es="Linear";ed="In";};["Right Leg"]={tm=.0170;cf=cfr(.128,.125,-.017,.917,.375,.137,-.397,.891,.219,-.04,-.255,.966);es="Linear";ed="In";};};{tm=.367;["HumanoidRootPart"]={tm=.0160;cf=cfr(0,0,0,1,0,0,0,1,0,0,0,1);es="Linear";ed="In";};["Torso"]={tm=.0160;cf=cfr(.015,.017,-.129,.813,.567,.133,-.582,.8,.144,-.025,-.194,.981);es="Linear";ed="In";};["Left Arm"]={tm=.0160;cf=cfr(-.1,-.043,.099,.78,-.103,-.617,.361,.88,.309,.511,-.464,.724);es="Linear";ed="In";};["Handle"]={tm=0;cf=cfr(0,0,0,1,0,0,0,1,0,0,0,1);es="Linear";ed="In";};["Chain"]={tm=.0160;cf=cfr(0,-.499,0,.44,-.47,.765,.702,.711,.034,-.56,.522,.643);es="Linear";ed="In";};["Left Leg"]={tm=.0160;cf=cfr(-.135,.121,.019,.92,-.389,.041,.347,.86,.373,-.181,-.329,.927);es="Linear";ed="In";};["Right Arm"]={tm=.0160;cf=cfr(0,0,.376,-.797,-.596,.096,.024,-.191,-.981,.603,-.78,.166);es="Linear";ed="In";};["Handle"]={tm=0;cf=cfr(0,0,0,1,0,0,0,1,0,0,0,1);es="Linear";ed="In";};["h2"]={tm=.0160;cf=cfr(-.45,-.024,.406,.152,-.492,.857,.073,.87,.487,-.986,-.012,.168);es="Linear";ed="In";};["h1"]={tm=.0160;cf=cfr(-.391,-.024,.619,.158,-.853,.497,.029,.507,.862,-.987,-.122,.105);es="Linear";ed="In";};["h3"]={tm=.0160;cf=cfr(-.545,-.024,.207,.147,.009,.989,.114,.993,-.026,-.982,.117,.145);es="Linear";ed="In";};["Head"]={tm=.0160;cf=cfr(0,0,0,.864,-.504,.001,.487,.835,-.256,.128,.221,.967);es="Linear";ed="In";};["Right Leg"]={tm=.0160;cf=cfr(.137,.134,-.018,.916,.377,.139,-.4,.89,.219,-.041,-.256,.966);es="Linear";ed="In";};};{tm=.383;["HumanoidRootPart"]={tm=.0170;cf=cfr(0,0,0,1,0,0,0,1,0,0,0,1);es="Linear";ed="In";};["Torso"]={tm=.0170;cf=cfr(.015,.017,-.139,.812,.568,.133,-.583,.8,.144,-.025,-.194,.981);es="Linear";ed="In";};["Left Arm"]={tm=.0170;cf=cfr(-.1,-.043,.099,.784,-.111,-.611,.368,.875,.314,.499,-.471,.727);es="Linear";ed="In";};["Handle"]={tm=0;cf=cfr(0,0,0,1,0,0,0,1,0,0,0,1);es="Linear";ed="In";};["Chain"]={tm=.0170;cf=cfr(0,-.499,0,.443,-.469,.764,.698,.715,.035,-.563,.518,.644);es="Linear";ed="In";};["Left Leg"]={tm=.0170;cf=cfr(-.144,.129,.02,.918,-.394,.043,.351,.859,.373,-.184,-.328,.927);es="Linear";ed="In";};["Right Arm"]={tm=.0170;cf=cfr(0,0,.376,-.792,-.602,.102,.026,-.2,-.979,.61,-.773,.174);es="Linear";ed="In";};["Handle"]={tm=0;cf=cfr(0,0,0,1,0,0,0,1,0,0,0,1);es="Linear";ed="In";};["h2"]={tm=.0170;cf=cfr(-.45,-.024,.406,.153,-.489,.859,.072,.872,.484,-.986,-.012,.168);es="Linear";ed="In";};["h1"]={tm=.0170;cf=cfr(-.391,-.024,.619,.158,-.849,.503,.029,.514,.858,-.987,-.121,.106);es="Linear";ed="In";};["h3"]={tm=.0170;cf=cfr(-.545,-.024,.207,.148,.009,.989,.112,.993,-.026,-.983,.115,.146);es="Linear";ed="In";};["Head"]={tm=.0170;cf=cfr(0,0,0,.864,-.504,.001,.488,.834,-.257,.128,.223,.966);es="Linear";ed="In";};["Right Leg"]={tm=.0170;cf=cfr(.147,.143,-.02,.915,.379,.141,-.402,.889,.219,-.042,-.257,.966);es="Linear";ed="In";};};{tm=.4;["HumanoidRootPart"]={tm=.0169;cf=cfr(0,0,0,1,0,0,0,1,0,0,0,1);es="Linear";ed="In";};["Torso"]={tm=.0169;cf=cfr(.015,.017,-.148,.811,.569,.133,-.584,.799,.144,-.025,-.194,.981);es="Linear";ed="In";};["Left Arm"]={tm=.0169;cf=cfr(-.1,-.043,.099,.788,-.12,-.604,.376,.87,.318,.488,-.478,.731);es="Linear";ed="In";};["Handle"]={tm=0;cf=cfr(0,0,0,1,0,0,0,1,0,0,0,1);es="Linear";ed="In";};["Chain"]={tm=.0169;cf=cfr(0,-.499,0,.447,-.468,.763,.692,.721,.037,-.567,.511,.646);es="Linear";ed="In";};["Left Leg"]={tm=.0169;cf=cfr(-.153,.136,.021,.916,-.399,.044,.355,.857,.373,-.187,-.326,.927);es="Linear";ed="In";};["Right Arm"]={tm=.0169;cf=cfr(0,0,.376,-.787,-.607,.108,.028,-.21,-.977,.616,-.766,.182);es="Linear";ed="In";};["Handle"]={tm=0;cf=cfr(0,0,0,1,0,0,0,1,0,0,0,1);es="Linear";ed="In";};["h2"]={tm=.0169;cf=cfr(-.45,-.024,.406,.153,-.484,.862,.07,.875,.479,-.986,-.013,.168);es="Linear";ed="In";};["h1"]={tm=.0169;cf=cfr(-.391,-.024,.619,.159,-.844,.513,.028,.523,.852,-.987,-.121,.107);es="Linear";ed="In";};["h3"]={tm=.0169;cf=cfr(-.545,-.024,.207,.148,.009,.989,.11,.994,-.025,-.983,.112,.146);es="Linear";ed="In";};["Head"]={tm=.0169;cf=cfr(0,0,0,.863,-.505,.002,.488,.834,-.259,.129,.224,.966);es="Linear";ed="In";};["Right Leg"]={tm=.0169;cf=cfr(.156,.152,-.021,.914,.381,.142,-.405,.888,.219,-.043,-.258,.965);es="Linear";ed="In";};};{tm=.417;["HumanoidRootPart"]={tm=.0160;cf=cfr(0,0,0,1,0,0,0,1,0,0,0,1);es="Linear";ed="In";};["Torso"]={tm=.0160;cf=cfr(.015,.017,-.157,.811,.57,.133,-.585,.798,.144,-.025,-.194,.981);es="Linear";ed="In";};["Left Arm"]={tm=.0160;cf=cfr(-.1,-.043,.099,.791,-.128,-.598,.383,.866,.322,.476,-.484,.734);es="Linear";ed="In";};["Handle"]={tm=0;cf=cfr(0,0,0,1,0,0,0,1,0,0,0,1);es="Linear";ed="In";};["Chain"]={tm=.0160;cf=cfr(0,-.499,0,.452,-.466,.761,.684,.728,.04,-.572,.503,.648);es="Linear";ed="In";};["Left Leg"]={tm=.0160;cf=cfr(-.161,.144,.022,.914,-.404,.046,.359,.855,.373,-.19,-.324,.927);es="Linear";ed="In";};["Right Arm"]={tm=.0160;cf=cfr(0,0,.376,-.782,-.612,.113,.03,-.219,-.975,.622,-.76,.19);es="Linear";ed="In";};["Handle"]={tm=0;cf=cfr(0,0,0,1,0,0,0,1,0,0,0,1);es="Linear";ed="In";};["h2"]={tm=.0160;cf=cfr(-.45,-.024,.406,.154,-.478,.865,.068,.878,.473,-.986,-.014,.168);es="Linear";ed="In";};["h1"]={tm=.0160;cf=cfr(-.391,-.024,.619,.159,-.836,.525,.027,.535,.844,-.987,-.12,.108);es="Linear";ed="In";};["h3"]={tm=.0160;cf=cfr(-.545,-.024,.207,.149,.008,.989,.107,.994,-.024,-.983,.109,.147);es="Linear";ed="In";};["Head"]={tm=.0160;cf=cfr(0,0,0,.863,-.506,.003,.489,.832,-.261,.129,.227,.965);es="Linear";ed="In";};["Right Leg"]={tm=.0160;cf=cfr(.164,.16,-.022,.912,.383,.144,-.407,.887,.22,-.043,-.259,.965);es="Linear";ed="In";};};{tm=.433;["HumanoidRootPart"]={tm=.0170;cf=cfr(0,0,0,1,0,0,0,1,0,0,0,1);es="Linear";ed="In";};["Torso"]={tm=.0170;cf=cfr(.015,.017,-.166,.81,.571,.133,-.586,.798,.143,-.025,-.194,.981);es="Linear";ed="In";};["Left Arm"]={tm=.0170;cf=cfr(-.1,-.043,.099,.795,-.136,-.592,.39,.861,.326,.465,-.49,.737);es="Linear";ed="In";};["Handle"]={tm=0;cf=cfr(0,0,0,1,0,0,0,1,0,0,0,1);es="Linear";ed="In";};["Chain"]={tm=.0170;cf=cfr(0,-.499,0,.458,-.464,.758,.675,.737,.043,-.579,.492,.65);es="Linear";ed="In";};["Left Leg"]={tm=.0170;cf=cfr(-.169,.152,.023,.911,-.409,.048,.363,.854,.373,-.193,-.322,.927);es="Linear";ed="In";};["Right Arm"]={tm=.0170;cf=cfr(0,0,.376,-.778,-.617,.119,.032,-.228,-.973,.628,-.753,.197);es="Linear";ed="In";};["Handle"]={tm=0;cf=cfr(0,0,0,1,0,0,0,1,0,0,0,1);es="Linear";ed="In";};["h2"]={tm=.0170;cf=cfr(-.45,-.024,.406,.155,-.47,.869,.066,.882,.466,-.986,-.015,.167);es="Linear";ed="In";};["h1"]={tm=.0170;cf=cfr(-.391,-.024,.619,.159,-.827,.539,.026,.55,.835,-.987,-.119,.109);es="Linear";ed="In";};["h3"]={tm=.0170;cf=cfr(-.545,-.024,.207,.149,.008,.989,.103,.994,-.024,-.983,.105,.148);es="Linear";ed="In";};["Head"]={tm=.0170;cf=cfr(0,0,0,.862,-.507,.005,.49,.831,-.264,.13,.23,.965);es="Linear";ed="In";};["Right Leg"]={tm=.0170;cf=cfr(.173,.168,-.023,.911,.385,.145,-.409,.886,.22,-.044,-.26,.965);es="Linear";ed="In";};};{tm=.45;["HumanoidRootPart"]={tm=.0170;cf=cfr(0,0,0,1,0,0,0,1,0,0,0,1);es="Linear";ed="In";};["Torso"]={tm=.0170;cf=cfr(.015,.017,-.175,.81,.571,.134,-.586,.797,.143,-.025,-.194,.981);es="Linear";ed="In";};["Left Arm"]={tm=.0170;cf=cfr(-.1,-.043,.099,.798,-.144,-.586,.397,.856,.33,.454,-.496,.74);es="Linear";ed="In";};["Handle"]={tm=0;cf=cfr(0,0,0,1,0,0,0,1,0,0,0,1);es="Linear";ed="In";};["Chain"]={tm=.0170;cf=cfr(0,-.499,0,.465,-.461,.756,.664,.746,.047,-.586,.48,.653);es="Linear";ed="In";};["Left Leg"]={tm=.0170;cf=cfr(-.177,.159,.025,.909,-.413,.049,.367,.852,.372,-.196,-.321,.927);es="Linear";ed="In";};["Right Arm"]={tm=.0170;cf=cfr(0,0,.376,-.773,-.622,.124,.034,-.237,-.971,.633,-.746,.204);es="Linear";ed="In";};["Handle"]={tm=0;cf=cfr(0,0,0,1,0,0,0,1,0,0,0,1);es="Linear";ed="In";};["h2"]={tm=.0170;cf=cfr(-.45,-.024,.406,.155,-.461,.873,.063,.887,.457,-.986,-.016,.167);es="Linear";ed="In";};["h1"]={tm=.0170;cf=cfr(-.391,-.024,.619,.16,-.816,.556,.025,.566,.824,-.987,-.118,.111);es="Linear";ed="In";};["h3"]={tm=.0170;cf=cfr(-.545,-.024,.207,.15,.008,.989,.099,.995,-.023,-.984,.101,.148);es="Linear";ed="In";};["Head"]={tm=.0170;cf=cfr(0,0,0,.861,-.508,.006,.491,.829,-.267,.13,.233,.964);es="Linear";ed="In";};["Right Leg"]={tm=.0170;cf=cfr(.181,.176,-.024,.91,.387,.147,-.412,.884,.22,-.045,-.261,.964);es="Linear";ed="In";};};{tm=.467;["HumanoidRootPart"]={tm=.0159;cf=cfr(0,0,0,1,0,0,0,1,0,0,0,1);es="Linear";ed="In";};["Torso"]={tm=.0159;cf=cfr(.015,.017,-.183,.809,.572,.134,-.587,.797,.143,-.025,-.194,.981);es="Linear";ed="In";};["Left Arm"]={tm=.0159;cf=cfr(-.1,-.043,.099,.8,-.151,-.58,.403,.852,.334,.444,-.501,.743);es="Linear";ed="In";};["Handle"]={tm=0;cf=cfr(0,0,0,1,0,0,0,1,0,0,0,1);es="Linear";ed="In";};["Chain"]={tm=.0159;cf=cfr(0,-.499,0,.473,-.458,.753,.651,.758,.052,-.594,.465,.656);es="Linear";ed="In";};["Left Leg"]={tm=.0159;cf=cfr(-.185,.166,.026,.907,-.417,.05,.371,.851,.372,-.198,-.319,.927);es="Linear";ed="In";};["Right Arm"]={tm=.0159;cf=cfr(0,0,.376,-.769,-.626,.129,.036,-.245,-.969,.639,-.74,.211);es="Linear";ed="In";};["Handle"]={tm=0;cf=cfr(0,0,0,1,0,0,0,1,0,0,0,1);es="Linear";ed="In";};["h2"]={tm=.0159;cf=cfr(-.45,-.024,.406,.156,-.451,.879,.06,.892,.448,-.986,-.017,.166);es="Linear";ed="In";};["h1"]={tm=.0159;cf=cfr(-.391,-.024,.619,.161,-.803,.574,.024,.585,.811,-.987,-.116,.113);es="Linear";ed="In";};["h3"]={tm=.0159;cf=cfr(-.545,-.024,.207,.151,.007,.989,.093,.995,-.021,-.984,.096,.149);es="Linear";ed="In";};["Head"]={tm=.0159;cf=cfr(0,0,0,.861,-.509,.008,.492,.827,-.271,.131,.237,.963);es="Linear";ed="In";};["Right Leg"]={tm=.0159;cf=cfr(.189,.184,-.025,.909,.389,.148,-.414,.883,.22,-.045,-.261,.964);es="Linear";ed="In";};};{tm=.483;["HumanoidRootPart"]={tm=.0170;cf=cfr(0,0,0,1,0,0,0,1,0,0,0,1);es="Linear";ed="In";};["Torso"]={tm=.0170;cf=cfr(.015,.017,-.191,.809,.573,.134,-.588,.796,.143,-.025,-.194,.981);es="Linear";ed="In";};["Left Arm"]={tm=.0170;cf=cfr(-.1,-.043,.099,.803,-.158,-.575,.409,.848,.338,.434,-.506,.745);es="Linear";ed="In";};["Handle"]={tm=0;cf=cfr(0,0,0,1,0,0,0,1,0,0,0,1);es="Linear";ed="In";};["Chain"]={tm=.0170;cf=cfr(0,-.499,0,.482,-.454,.749,.636,.77,.057,-.603,.449,.66);es="Linear";ed="In";};["Left Leg"]={tm=.0170;cf=cfr(-.192,.172,.027,.906,-.421,.052,.374,.85,.372,-.201,-.317,.927);es="Linear";ed="In";};["Right Arm"]={tm=.0170;cf=cfr(0,0,.376,-.764,-.631,.134,.038,-.252,-.967,.644,-.734,.217);es="Linear";ed="In";};["Handle"]={tm=0;cf=cfr(0,0,0,1,0,0,0,1,0,0,0,1);es="Linear";ed="In";};["h2"]={tm=.0170;cf=cfr(-.45,-.024,.406,.157,-.44,.884,.056,.898,.437,-.986,-.019,.166);es="Linear";ed="In";};["h1"]={tm=.0170;cf=cfr(-.391,-.024,.619,.161,-.788,.595,.023,.60