-- // converted using mech's animoduler
local cfr = CFrame.new

return {{tm=0;["HumanoidRootPart"]={tm=.083;cf=cfr(0,0,0,1,0,0,0,1,0,0,0,1);es="Linear";ed="In";};["Torso"]={tm=.083;cf=cfr(0,0,0,-.384,.91,.154,-.923,-.384,-.031,.031,-.154,.988);es="Linear";ed="In";};["Head"]={tm=.083;cf=cfr(0,0,0,.612,-.781,.125,.774,.56,-.295,.16,.277,.947);es="Linear";ed="In";};["Left Leg"]={tm=.083;cf=cfr(.032,.003,.078,.917,-.374,.138,.248,.806,.537,-.312,-.458,.832);es="Linear";ed="In";};["Right Arm"]={tm=.083;cf=cfr(.404,-.315,-.338,.887,-.255,.386,.434,.168,-.885,.161,.952,.259);es="Linear";ed="In";};["Right Leg"]={tm=.083;cf=cfr(.33,.066,-.03,.923,.185,-.338,-.102,.963,.249,.372,-.195,.908);es="Linear";ed="In";};["Left Arm"]={tm=.083;cf=cfr(-.361,-.623,-.437,-.71,.456,-.537,-.681,-.64,.356,-.181,.618,.765);es="Linear";ed="In";};};{tm=.083;["HumanoidRootPart"]={tm=.0669;cf=cfr(0,0,0,1,0,0,0,1,0,0,0,1);es="Linear";ed="In";};["Torso"]={tm=.0669;cf=cfr(0,0,-.25,-.384,.904,-.189,-.923,-.369,.111,.031,.217,.976);es="Linear";ed="In";};["Head"]={tm=.1500;cf=cfr(0,0,0,.618,-.755,.219,.763,.509,-.399,.19,.414,.89);es="Linear";ed="In";};["Left Leg"]={tm=.0669;cf=cfr(-.747,.444,.339,.946,-.271,.176,.167,.877,.451,-.277,-.398,.875);es="Linear";ed="In";};["Right Arm"]={tm=.1500;cf=cfr(.404,-.315,-.338,.923,-.241,.3,.362,.279,-.89,.131,.93,.344);es="Linear";ed="In";};["Right Leg"]={tm=.0669;cf=cfr(1.502,.704,-.119,.904,.296,-.309,-.19,.925,.33,.383,-.239,.892);es="Linear";ed="In";};["Left Arm"]={tm=.1500;cf=cfr(-.361,-.623,-.437,-.588,.554,-.589,-.8,-.508,.321,-.121,.66,.742);es="Linear";ed="In";};};{tm=.15;["HumanoidRootPart"]={tm=.0830;cf=cfr(0,0,0,1,0,0,0,1,0,0,0,1);es="Linear";ed="In";};["Torso"]={tm=.0830;cf=cfr(.097,0,.231,-.498,.85,-.173,-.867,-.487,.103,.003,.201,.98);es="Linear";ed="In";};["Left Leg"]={tm=.0830;cf=cfr(-.101,-.11,.466,.933,.003,.359,-.091,.969,.228,-.347,-.246,.905);es="Linear";ed="In";};["Right Leg"]={tm=.0830;cf=cfr(.669,.016,-.25,.895,-.289,-.34,.333,.94,.077,.297,-.182,.937);es="Linear";ed="In";};};{tm=.233;["HumanoidRootPart"]={tm=.0839;cf=cfr(0,0,0,1,0,0,0,1,0,0,0,1);es="Linear";ed="In";};["Torso"]={tm=.0839;cf=cfr(.17,0,.592,-.579,.811,.077,-.815,-.576,-.059,-.003,-.097,.995);es="Linear";ed="In";};["Head"]={tm=.0839;cf=cfr(0,0,0,.631,-.728,.267,.766,.639,-.068,-.121,.248,.961);es="Linear";ed="In";};["Left Leg"]={tm=.1339;cf=cfr(-.175,.063,.155,.903,-.366,.223,.276,.895,.35,-.328,-.255,.91);es="Linear";ed="In";};["Right Arm"]={tm=.0839;cf=cfr(.404,-.315,-.338,-.422,-.434,.796,.819,.194,.54,-.389,.88,.274);es="Linear";ed="In";};["Right Leg"]={tm=.1339;cf=cfr(.175,.063,.155,.976,-.125,-.181,.116,.991,-.061,.187,.039,.982);es="Linear";ed="In";};["Left Arm"]={tm=.0839;cf=cfr(-.321,-.2,-.455,-.767,.36,-.531,-.619,-.199,.76,.168,.911,.376);es="Linear";ed="In";};};{tm=.317;["HumanoidRootPart"]={tm=.0329;cf=cfr(0,0,0,1,0,0,0,1,0,0,0,1);es="Linear";ed="In";};["Torso"]={tm=.0329;cf=cfr(.17,.057,1.072,-.202,.975,.091,-.961,-.18,-.209,-.187,-.129,.974);es="Linear";ed="In";};["Head"]={tm=.0499;cf=cfr(0,0,0,.702,-.665,.254,.642,.746,.177,-.307,.039,.951);es="Linear";ed="In";};["Right Arm"]={tm=.0329;cf=cfr(.263,-.327,.094,-.52,-.31,.796,.841,-.025,.54,-.147,.95,.274);es="Linear";ed="In";};["Left Arm"]={tm=.0329;cf=cfr(-.124,-.309,.043,-.767,.36,-.531,-.619,-.199,.76,.168,.911,.376);es="Linear";ed="In";};};{tm=.35;["HumanoidRootPart"]={tm=.0170;cf=cfr(0,0,0,1,0,0,0,1,0,0,0,1);es="Linear";ed="In";};["Torso"]={tm=.0170;cf=cfr(0,0,0,1,0,0,0,1,0,0,0,1);es="Linear";ed="In";};["Right Arm"]={tm=.0170;cf=cfr(.549,-.049,.212,.127,-.872,-.472,.982,.045,.182,-.138,-.487,.862);es="Linear";ed="In";};["Left Arm"]={tm=.0170;cf=cfr(-.778,-.039,.354,.118,.879,.462,-.947,-.04,.318,.298,-.476,.828);es="Linear";ed="In";};};{tm=.367;["HumanoidRootPart"]={tm=.0830;cf=cfr(0,0,0,1,0,0,0,1,0,0,0,1);es="Linear";ed="In";};["Torso"]={tm=.0830;cf=cfr(.17,.057,1.072,.985,.152,.077,-.123,.947,-.297,-.118,.284,.952);es="Linear";ed="In";};["Head"]={tm=.0830;cf=cfr(0,0,0,.981,-.165,.102,.173,.982,-.07,-.089,.086,.992);es="Linear";ed="In";};["Left Leg"]={tm=.0830;cf=cfr(.085,-.018,.205,.869,.451,.202,-.482,.865,.142,-.111,-.221,.969);es="Linear";ed="In";};["Right Arm"]={tm=.0830;cf=cfr(.216,-.168,.114,.264,-.282,-.922,.932,.321,.169,.249,-.904,.348);es="Linear";ed="In";};["Right Leg"]={tm=.0830;cf=cfr(-.147,-.038,.197,.869,-.451,-.202,.482,.865,.142,.111,-.221,.969);es="Linear";ed="In";};["Left Arm"]={tm=.0830;cf=cfr(-.216,-.168,.114,.264,.282,.922,-.932,.321,.169,-.249,-.904,.348);es="Linear";ed="In";};};{tm=.45;["HumanoidRootPart"]={tm=.0830;cf=cfr(0,0,0,1,0,0,0,1,0,0,0,1);es="Linear";ed="In";};["Torso"]={tm=.0830;cf=cfr(.17,.128,1.51,.997,-.009,.081,.05,.856,-.515,-.065,.517,.853);es="Linear";ed="In";};["Head"]={tm=.0830;cf=cfr(0,0,0,.994,-.056,.096,.051,.997,.052,-.099,-.046,.994);es="Linear";ed="In";};["Left Leg"]={tm=.0830;cf=cfr(-.285,.579,.153,.974,.097,.202,-.127,.982,.142,-.185,-.164,.969);es="Linear";ed="In";};["Right Arm"]={tm=.0830;cf=cfr(.076,.022,.558,.264,.248,-.932,.932,.183,.313,.249,-.951,-.183);es="Linear";ed="In";};["Right Leg"]={tm=.0830;cf=cfr(.154,-.127,.193,.869,-.49,-.065,.482,.869,-.111,.111,.065,.992);es="Linear";ed="In";};["Left Arm"]={tm=.0830;cf=cfr(-.076,.022,.558,.264,-.248,.932,-.932,.183,.313,-.249,-.951,-.183);es="Linear";ed="In";};};{tm=.533;["HumanoidRootPart"]={tm=.0170;cf=cfr(0,0,0,1,0,0,0,1,0,0,0,1);es="Linear";ed="In";};["Torso"]={tm=.0170;cf=cfr(.17,.128,1.693,.998,.001,.056,.034,.784,-.62,-.045,.621,.782);es="Sine";ed="In";};["Head"]={tm=.2999;cf=cfr(0,0,0,.998,-.041,.053,.046,.994,-.097,-.048,.099,.994);es="Linear";ed="In";};["Left Leg"]={tm=.0170;cf=cfr(-.599,.827,.133,.979,-.024,.202,-.005,.99,.142,-.204,-.14,.969);es="Sine";ed="In";};["Right Arm"]={tm=.2999;cf=cfr(.028,.077,.625,.264,.401,-.877,.932,.128,.339,.249,-.907,-.339);es="Linear";ed="In";};["Right Leg"]={tm=.0170;cf=cfr(.233,-.226,.184,.808,-.586,-.065,.578,.808,-.111,.117,.052,.992);es="Sine";ed="In";};["Left Arm"]={tm=.2999;cf=cfr(-.028,.077,.625,.264,-.401,.877,-.932,.128,.339,-.249,-.907,-.339);es="Linear";ed="In";};};{tm=.55;["HumanoidRootPart"]={tm=.0169;cf=cfr(0,0,0,1,0,0,0,1,0,0,0,1);es="Linear";ed="In";};["Torso"]={tm=.0169;cf=cfr(.17,.128,1.687,.998,.001,.056,.034,.785,-.619,-.045,.62,.783);es="Linear";ed="In";};["Left Leg"]={tm=.0169;cf=cfr(-.599,.826,.133,.979,-.025,.201,-.004,.99,.142,-.203,-.14,.969);es="Linear";ed="In";};["Right Leg"]={tm=.0169;cf=cfr(.233,-.226,.184,.808,-.585,-.065,.577,.809,-.11,.117,.052,.992);es="Linear";ed="In";};};{tm=.567;["HumanoidRootPart"]={tm=.0160;cf=cfr(0,0,0,1,0,0,0,1,0,0,0,1);es="Linear";ed="In";};["Torso"]={tm=.0160;cf=cfr(.17,.128,1.668,.998,.001,.056,.034,.788,-.614,-.045,.615,.787);es="Linear";ed="In";};["Left Leg"]={tm=.0160;cf=cfr(-.6,.822,.133,.98,-.028,.199,0,.99,.141,-.201,-.138,.97);es="Linear";ed="In";};["Right Leg"]={tm=.0160;cf=cfr(.231,-.224,.182,.811,-.582,-.065,.574,.812,-.109,.116,.051,.992);es="Linear";ed="In";};};{tm=.583;["HumanoidRootPart"]={tm=.0170;cf=cfr(0,0,0,1,0,0,0,1,0,0,0,1);es="Linear";ed="In";};["Torso"]={tm=.0170;cf=cfr(.17,.128,1.638,.998,0,.056,.034,.794,-.607,-.045,.608,.793);es="Linear";ed="In";};["Left Leg"]={tm=.0170;cf=cfr(-.602,.816,.133,.98,-.032,.195,.005,.99,.139,-.197,-.136,.971);es="Linear";ed="In";};["Right Leg"]={tm=.0170;cf=cfr(.229,-.221,.179,.815,-.576,-.066,.568,.816,-.107,.115,.05,.992);es="Linear";ed="In";};};{tm=.6;["HumanoidRootPart"]={tm=.0170;cf=cfr(0,0,0,1,0,0,0,1,0,0,0,1);es="Linear";ed="In";};["Torso"]={tm=.0170;cf=cfr(.17,.128,1.595,.998,-.001,.056,.034,.802,-.596,-.045,.597,.801);es="Linear";ed="In";};["Left Leg"]={tm=.0170;cf=cfr(-.605,.807,.134,.981,-.038,.189,.012,.99,.137,-.192,-.132,.972);es="Linear";ed="In";};["Right Leg"]={tm=.0170;cf=cfr(.225,-.217,.175,.82,-.568,-.066,.561,.821,-.104,.114,.048,.992);es="Linear";ed="In";};};{tm=.617;["HumanoidRootPart"]={tm=.0160;cf=cfr(0,0,0,1,0,0,0,1,0,0,0,1);es="Linear";ed="In";};["Torso"]={tm=.0160;cf=cfr(.17,.128,1.541,.998,-.002,.056,.034,.812,-.583,-.045,.584,.811);es="Linear";ed="In";};["Left Leg"]={tm=.0160;cf=cfr(-.608,.796,.134,.982,-.046,.181,.022,.991,.134,-.186,-.128,.974);es="Linear";ed="In";};["Right Leg"]={tm=.0160;cf=cfr(.22,-.212,.17,.827,-.558,-.067,.551,.828,-.1,.111,.046,.993);es="Linear";ed="In";};};{tm=.633;["HumanoidRootPart"]={tm=.0170;cf=cfr(0,0,0,1,0,0,0,1,0,0,0,1);es="Linear";ed="In";};["Torso"]={tm=.0170;cf=cfr(.17,.128,1.475,.998,-.003,.056,.034,.824,-.566,-.045,.567,.822);es="Linear";ed="In";};["Left Leg"]={tm=.0170;cf=cfr(-.612,.783,.135,.983,-.056,.172,.033,.991,.13,-.178,-.122,.976);es="Linear";ed="In";};["Right Leg"]={tm=.0170;cf=cfr(.215,-.206,.164,.835,-.546,-.068,.539,.837,-.096,.109,.043,.993);es="Linear";ed="In";};};{tm=.65;["HumanoidRootPart"]={tm=.0170;cf=cfr(0,0,0,1,0,0,0,1,0,0,0,1);es="Linear";ed="In";};["Torso"]={tm=.0170;cf=cfr(.17,.128,1.399,.998,-.004,.056,.034,.837,-.546,-.045,.548,.836);es="Linear";ed="In";};["Left Leg"]={tm=.0170;cf=cfr(-.617,.767,.136,.985,-.067,.162,.046,.991,.126,-.169,-.116,.979);es="Linear";ed="In";};["Right Leg"]={tm=.0170;cf=cfr(.209,-.199,.157,.844,-.532,-.069,.525,.846,-.09,.106,.04,.994);es="Linear";ed="In";};};{tm=.667;["HumanoidRootPart"]={tm=.0160;cf=cfr(0,0,0,1,0,0,0,1,0,0,0,1);es="Linear";ed="In";};["Torso"]={tm=.0160;cf=cfr(.17,.128,1.312,.998,-.006,.056,.034,.851,-.524,-.045,.525,.85);es="Linear";ed="In";};["Left Leg"]={tm=.0160;cf=cfr(-.622,.749,.137,.985,-.079,.15,.061,.991,.121,-.159,-.11,.981);es="Linear";ed="In";};["Right Leg"]={tm=.0160;cf=cfr(.201,-.191,.149,.854,-.515,-.069,.509,.856,-.084,.103,.037,.994);es="Linear";ed="In";};};{tm=.683;["HumanoidRootPart"]={tm=.0169;cf=cfr(0,0,0,1,0,0,0,1,0,0,0,1);es="Linear";ed="In";};["Torso"]={tm=.0169;cf=cfr(.17,.128,1.216,.998,-.007,.056,.034,.866,-.498,-.045,.499,.865);es="Linear";ed="In";};["Left Leg"]={tm=.0169;cf=cfr(-.628,.73,.137,.986,-.093,.138,.078,.99,.115,-.147,-.102,.984);es="Linear";ed="In";};["Right Leg"]={tm=.0169;cf=cfr(.193,-.183,.14,.865,-.496,-.07,.491,.867,-.077,.099,.033,.995);es="Linear";ed="In";};};{tm=.7;["HumanoidRootPart"]={tm=.0170;cf=cfr(0,0,0,1,0,0,0,1,0,0,0,1);es="Linear";ed="In";};["Torso"]={tm=.0170;cf=cfr(.17,.128,1.112,.998,-.009,.055,.034,.882,-.47,-.045,.471,.881);es="Linear";ed="In";};["Left Leg"]={tm=.0170;cf=cfr(-.634,.708,.138,.986,-.109,.124,.096,.99,.108,-.134,-.094,.986);es="Linear";ed="In";};["Right Leg"]={tm=.0170;cf=cfr(.185,-.173,.13,.877,-.476,-.071,.472,.879,-.07,.096,.028,.995);es="Linear";ed="In";};};{tm=.717;["HumanoidRootPart"]={tm=.0160;cf=cfr(0,0,0,1,0,0,0,1,0,0,0,1);es="Linear";ed="In";};["Torso"]={tm=.0160;cf=cfr(.17,.128,.999,.998,-.011,.055,.034,.898,-.439,-.045,.44,.897);es="Linear";ed="In";};["Left Leg"]={tm=.0160;cf=cfr(-.641,.685,.139,.986,-.125,.109,.115,.988,.1,-.12,-.086,.989);es="Linear";ed="In";};["Right Leg"]={tm=.0160;cf=cfr(.175,-.163,.12,.888,-.454,-.071,.45,.891,-.062,.092,.023,.996);es="Linear";ed="In";};};{tm=.733;["HumanoidRootPart"]={tm=.0170;cf=cfr(0,0,0,1,0,0,0,1,0,0,0,1);es="Linear";ed="In";};["Torso"]={tm=.0170;cf=cfr(.17,.128,.879,.998,-.013,.055,.034,.914,-.405,-.045,.406,.913);es="Linear";ed="In";};["Left Leg"]={tm=.0170;cf=cfr(-.648,.661,.141,.985,-.143,.093,.135,.987,.092,-.105,-.078,.991);es="Linear";ed="In";};["Right Leg"]={tm=.0170;cf=cfr(.165,-.152,.109,.9,-.43,-.072,.427,.903,-.054,.088,.018,.996);es="Linear";ed="In";};};{tm=.75;["HumanoidRootPart"]={tm=.0170;cf=cfr(0,0,0,1,0,0,0,1,0,0,0,1);es="Linear";ed="In";};["Torso"]={tm=.0170;cf=cfr(.17,.128,.753,.998,-.015,.054,.034,.929,-.369,-.045,.37,.928);es="Linear";ed="In";};["Left Leg"]={tm=.0170;cf=cfr(-.656,.635,.142,.984,-.162,.076,.156,.984,.082,-.089,-.069,.994);es="Linear";ed="In";};["Right Leg"]={tm=.0170;cf=cfr(.155,-.14,.097,.912,-.404,-.072,.402,.915,-.045,.084,.012,.996);es="Linear";ed="In";};};{tm=.767;["HumanoidRootPart"]={tm=.0160;cf=cfr(0,0,0,1,0,0,0,1,0,0,0,1);es="Linear";ed="In";};["Torso"]={tm=.0160;cf=cfr(.17,.128,.622,.998,-.017,.053,.034,.943,-.331,-.045,.332,.942);es="Linear";ed="In";};["Left Leg"]={tm=.0160;cf=cfr(-.664,.609,.143,.982,-.182,.059,.177,.981,.073,-.071,-.061,.996);es="Linear";ed="In";};["Right Leg"]={tm=.0160;cf=cfr(.144,-.128,.085,.924,-.377,-.072,.375,.926,-.035,.08,.006,.997);es="Linear";ed="In";};};{tm=.783;["HumanoidRootPart"]={tm=.0170;cf=cfr(0,0,0,1,0,0,0,1,0,0,0,1);es="Linear";ed="In";};["Torso"]={tm=.0170;cf=cfr(.17,.128,.487,.998,-.02,.053,.034,.956,-.291,-.045,.293,.955);es="Linear";ed="In";};["Left Leg"]={tm=.0170;cf=cfr(-.672,.581,.144,.978,-.202,.042,.199,.978,.062,-.054,-.052,.997);es="Linear";ed="In";};["Right Leg"]={tm=.0170;cf=cfr(.132,-.116,.072,.935,-.349,-.071,.348,.937,-.026,.076,-.001,.997);es="Linear";ed="In";};};{tm=.8;["HumanoidRootPart"]={tm=.0169;cf=cfr(0,0,0,1,0,0,0,1,0,0,0,1);es="Linear";ed="In";};["Torso"]={tm=.0169;cf=cfr(.17,.128,.348,.998,-.022,.052,.034,.968,-.25,-.045,.251,.967);es="Linear";ed="In";};["Left Leg"]={tm=.0169;cf=cfr(-.681,.553,.146,.975,-.223,.024,.222,.974,.05,-.035,-.044,.998);es="Linear";ed="In";};["Right Leg"]={tm=.0169;cf=cfr(.121,-.103,.059,.945,-.319,-.07,.319,.948,-.016,.072,-.007,.997);es="Linear";ed="In";};};{tm=.817;["HumanoidRootPart"]={tm=.0160;cf=cfr(0,0,0,1,0,0,0,1,0,0,0,1);es="Linear";ed="In";};["Torso"]={tm=.0160;cf=cfr(.17,.128,.207,.998,-.024,.051,.034,.978,-.207,-.045,.209,.977);es="Linear";ed="In";};["Left Leg"]={tm=.0160;cf=cfr(-.69,.524,.147,.97,-.244,.007,.244,.969,.039,-.016,-.036,.999);es="Linear";ed="In";};["Right Leg"]={tm=.0160;cf=cfr(.109,-.09,.046,.955,-.289,-.069,.29,.957,-.006,.068,-.014,.998);es="Linear";ed="In";};};{tm=.833;["HumanoidRootPart"]={tm=.0840;cf=cfr(0,0,0,1,0,0,0,1,0,0,0,1);es="Linear";ed="In";};["Torso"]={tm=.0840;cf=cfr(.17,.128,.066,.998,-.026,.05,.034,.986,-.164,-.045,.166,.985);es="Linear";ed="In";};["Head"]={tm=.0840;cf=cfr(0,0,0,.998,-.046,.049,.046,.999,-.014,-.048,.016,.999);es="Linear";ed="In";};["Left Leg"]={tm=.0840;cf=cfr(-.698,.495,.148,.964,-.266,-.01,.266,.964,.026,.003,-.028,1);es="Linear";ed="In";};["Right Arm"]={tm=.0840;cf=cfr(-.195,.01,.617,.969,-.033,-.245,.23,-.246,.942,-.091,-.969,-.231);es="Linear";ed="In";};["Right Leg"]={tm=.0840;cf=cfr(.097,-.078,.033,.964,-.259,-.068,.26,.966,.004,.064,-.022,.998);es="Linear";ed="In";};["Left Arm"]={tm=.0840;cf=cfr(.101,.038,.63,.948,.235,.216,-.173,-.188,.967,.267,-.954,-.138);es="Linear";ed="In";};};{tm=.917;["HumanoidRootPart"]={tm=.0829;cf=cfr(0,0,0,1,0,0,0,1,0,0,0,1);es="Linear";ed="In";};["Torso"]={tm=.0829;cf=cfr(.177,-.228,-.302,1,-.018,.018,.023,.949,-.314,-.011,.315,.949);es="Linear";ed="In";};["Head"]={tm=.0829;cf=cfr(0,0,0,.999,.034,.037,-.009,.849,-.529,-.049,.528,.848);es="Linear";ed="In";};["Left Leg"]={tm=.0829;cf=cfr(-1.27,.436,.027,.889,-.457,-.025,.458,.887,.054,-.003,-.06,.998);es="Linear";ed="In";};["Right Arm"]={tm=.0829;cf=cfr(-.192,.013,.438,.969,-.196,-.15,.23,.492,.84,-.091,-.848,.522);es="Linear";ed="In";};["Right Leg"]={tm=.0829;cf=cfr(.685,.341,.071,.994,.08,-.068,-.08,.997,.004,.068,.001,.998);es="Linear";ed="In";};["Left Arm"]={tm=.0829;cf=cfr(.192,.013,.438,.969,.196,.15,-.23,.492,.84,.091,-.848,.522);es="Linear";ed="In";};};{tm=1;["HumanoidRootPart"]={tm=.1169;cf=cfr(0,0,0,1,0,0,0,1,0,0,0,1);es="Linear";ed="In";};["Torso"]={tm=.1169;cf=cfr(.177,-.046,-.481,1,-.014,.021,.023,.864,-.504,-.011,.504,.864);es="Linear";ed="In";};["Head"]={tm=.1169;cf=cfr(0,0,0,.999,.023,.045,-.009,.96,-.28,-.049,.28,.959);es="Linear";ed="In";};["Left Leg"]={tm=.1169;cf=cfr(-1.031,.947,.019,1,-.001,-.025,.002,.999,.054,.025,-.054,.998);es="Linear";ed="In";};["Right Arm"]={tm=.1169;cf=cfr(.451,-.181,.083,.488,-.871,.052,.863,.49,.124,-.133,-.015,.991);es="Linear";ed="In";};["Right Leg"]={tm=.1169;cf=cfr(.474,.708,.076,.94,-.336,-.068,.337,.942,.004,.062,-.027,.998);es="Linear";ed="In";};["Left Arm"]={tm=.1169;cf=cfr(-.451,-.181,.083,.488,.871,-.052,-.863,.49,.124,.133,-.015,.991);es="Linear";ed="In";};};{tm=1.117;["HumanoidRootPart"]={tm=.0160;cf=cfr(0,0,0,1,0,0,0,1,0,0,0,1);es="Linear";ed="In";};["Torso"]={tm=.0160;cf=cfr(.094,.051,-.206,1,-.009,.01,.012,.971,-.241,-.008,.241,.971);es="Sine";ed="Out";};["Head"]={tm=.2159;cf=cfr(0,0,0,.999,.023,.024,-.01,.894,-.448,-.031,.447,.894);es="Linear";ed="In";};["Left Leg"]={tm=.0160;cf=cfr(-.588,.349,.011,1,-.001,-.013,.001,1,.029,.013,-.029,.999);es="Sine";ed="Out";};["Right Arm"]={tm=.1160;cf=cfr(.241,-.096,.044,.787,-.615,.045,.613,.788,.059,-.072,-.019,.997);es="Linear";ed="In";};["Right Leg"]={tm=.0160;cf=cfr(.291,.222,.039,.983,-.182,-.036,.182,.983,.005,.034,-.012,.999);es="Sine";ed="Out";};["Left Arm"]={tm=.1160;cf=cfr(-.241,-.096,.044,.787,.615,-.045,-.613,.788,.059,.072,-.019,.997);es="Linear";ed="In";};};{tm=1.133;["HumanoidRootPart"]={tm=.0169;cf=cfr(0,0,0,1,0,0,0,1,0,0,0,1);es="Linear";ed="In";};["Torso"]={tm=.0169;cf=cfr(.083,.044,-.181,1,-.008,.009,.01,.977,-.212,-.007,.212,.977);es="Linear";ed="In";};["Left Leg"]={tm=.0169;cf=cfr(-.518,.307,.01,1,-.001,-.012,.001,1,.025,.012,-.025,1);es="Linear";ed="In";};["Right Leg"]={tm=.0169;cf=cfr(.256,.195,.034,.987,-.16,-.032,.16,.987,.005,.03,-.01,.999);es="Linear";ed="In";};};{tm=1.15;["HumanoidRootPart"]={tm=.0170;cf=cfr(0,0,0,1,0,0,0,1,0,0,0,1);es="Linear";ed="In";};["Torso"]={tm=.0170;cf=cfr(.072,.038,-.156,1,-.007,.007,.009,.983,-.184,-.006,.184,.983);es="Linear";ed="In";};["Left Leg"]={tm=.0170;cf=cfr(-.448,.266,.009,1,-.001,-.01,.001,1,.022,.01,-.022,1);es="Linear";ed="In";};["Right Leg"]={tm=.0170;cf=cfr(.222,.169,.03,.99,-.139,-.027,.139,.99,.004,.026,-.008,1);es="Linear";ed="In";};};{tm=1.167;["HumanoidRootPart"]={tm=.0160;cf=cfr(0,0,0,1,0,0,0,1,0,0,0,1);es="Linear";ed="In";};["Torso"]={tm=.0160;cf=cfr(.061,.033,-.133,1,-.006,.006,.007,.988,-.156,-.005,.156,.988);es="Linear";ed="In";};["Left Leg"]={tm=.0160;cf=cfr(-.38,.225,.007,1,0,-.009,.001,1,.019,.009,-.019,1);es="Linear";ed="In";};["Right Leg"]={tm=.0160;cf=cfr(.188,.143,.025,.993,-.118,-.023,.118,.993,.004,.022,-.007,1);es="Linear";ed="In";};};{tm=1.183;["HumanoidRootPart"]={tm=.0169;cf=cfr(0,0,0,1,0,0,0,1,0,0,0,1);es="Linear";ed="In";};["Torso"]={tm=.0169;cf=cfr(.05,.027,-.11,1,-.005,.005,.006,.992,-.13,-.004,.13,.992);es="Linear";ed="In";};["Left Leg"]={tm=.0169;cf=cfr(-.315,.187,.006,1,0,-.007,0,1,.016,.007,-.016,1);es="Linear";ed="In";};["Right Leg"]={tm=.0169;cf=cfr(.156,.119,.021,.995,-.098,-.019,.098,.995,.004,.019,-.005,1);es="Linear";ed="In";};};{tm=1.2;["HumanoidRootPart"]={tm=.0170;cf=cfr(0,0,0,1,0,0,0,1,0,0,0,1);es="Linear";ed="In";};["Torso"]={tm=.0170;cf=cfr(.041,.022,-.089,1,-.004,.004,.005,.994,-.105,-.004,.105,.994);es="Linear";ed="In";};["Left Leg"]={tm=.0170;cf=cfr(-.254,.151,.005,1,0,-.006,0,1,.013,.006,-.013,1);es="Linear";ed="In";};["Right Leg"]={tm=.0170;cf=cfr(.126,.096,.017,.997,-.079,-.015,.079,.997,.003,.015,-.004,1);es="Linear";ed="In";};};{tm=1.217;["HumanoidRootPart"]={tm=.0160;cf=cfr(0,0,0,1,0,0,0,1,0,0,0,1);es="Linear";ed="In";};["Torso"]={tm=.0160;cf=cfr(.032,.017,-.069,1,-.003,.003,.004,.997,-.082,-.003,.082,.997);es="Linear";ed="In";};["Left Leg"]={tm=.0160;cf=cfr(-.198,.118,.004,1,0,-.004,0,1,.01,.004,-.01,1);es="Linear";ed="In";};["Right Leg"]={tm=.0160;cf=cfr(.098,.075,.013,.998,-.062,-.012,.062,.998,.002,.012,-.003,1);es="Linear";ed="In";};};{tm=1.233;["HumanoidRootPart"]={tm=.0169;cf=cfr(0,0,0,1,0,0,0,1,0,0,0,1);es="Linear";ed="In";};["Torso"]={tm=.0169;cf=cfr(.024,.013,-.052,1,-.003,.002,.003,.998,-.061,-.002,.061,.998);es="Linear";ed="In";};["Left Leg"]={tm=.0169;cf=cfr(-.148,.088,.003,1,0,-.003,0,1,.007,.003,-.007,1);es="Linear";ed="In";};["Right Arm"]={tm=.0999;cf=cfr(.111,-.044,.02,.98,-.2,.025,.199,.98,.024,-.03,-.018,.999);es="Linear";ed="In";};["Right Leg"]={tm=.0169;cf=cfr(.073,.056,.01,.999,-.046,-.009,.046,.999,.002,.009,-.002,1);es="Linear";ed="In";};["Left Arm"]={tm=.0999;cf=cfr(-.111,-.044,.02,.938,.346,-.025,-.346,.938,.024,.032,-.013,.999);es="Linear";ed="In";};};{tm=1.25;["HumanoidRootPart"]={tm=.0169;cf=cfr(0,0,0,1,0,0,0,1,0,0,0,1);es="Linear";ed="In";};["Torso"]={tm=.0169;cf=cfr(.017,.009,-.036,1,-.002,.002,.002,.999,-.043,-.002,.043,.999);es="Linear";ed="In";};["Left Leg"]={tm=.0169;cf=cfr(-.104,.062,.002,1,0,-.002,0,1,.005,.002,-.005,1);es="Linear";ed="In";};["Right Leg"]={tm=.0169;cf=cfr(.052,.039,.007,.999,-.032,-.006,.032,.999,.001,.006,-.002,1);es="Linear";ed="In";};};{tm=1.267;["HumanoidRootPart"]={tm=.0160;cf=cfr(0,0,0,1,0,0,0,1,0,0,0,1);es="Linear";ed="In";};["Torso"]={tm=.0160;cf=cfr(.011,.006,-.024,1,-.001,.001,.001,1,-.028,-.001,.028,1);es="Linear";ed="In";};["Left Leg"]={tm=.0160;cf=cfr(-.067,.04,.001,1,0,-.002,0,1,.003,.002,-.003,1);es="Linear";ed="In";};["Right Leg"]={tm=.0160;cf=cfr(.033,.025,.004,1,-.021,-.004,.021,1,.001,.004,-.001,1);es="Linear";ed="In";};};{tm=1.283;["HumanoidRootPart"]={tm=.0170;cf=cfr(0,0,0,1,0,0,0,1,0,0,0,1);es="Linear";ed="In";};["Torso"]={tm=.0170;cf=cfr(.006,.003,-.013,1,-.001,.001,.001,1,-.016,-.001,.016,1);es="Linear";ed="In";};["Left Leg"]={tm=.0170;cf=cfr(-.038,.023,.001,1,0,-.001,0,1,.002,.001,-.002,1);es="Linear";ed="In";};["Right Leg"]={tm=.0170;cf=cfr(.019,.014,.003,1,-.012,-.002,.012,1,.001,.002,-.001,1);es="Linear";ed="In";};};{tm=1.3;["HumanoidRootPart"]={tm=.0169;cf=cfr(0,0,0,1,0,0,0,1,0,0,0,1);es="Linear";ed="In";};["Torso"]={tm=.0169;cf=cfr(.003,.001,-.006,1,0,0,0,1,-.007,0,.007,1);es="Linear";ed="In";};["Left Leg"]={tm=.0169;cf=cfr(-.017,.01,0,1,0,0,0,1,.001,0,-.001,1);es="Linear";ed="In";};["Right Leg"]={tm=.0169;cf=cfr(.008,.006,.001,1,-.005,-.001,.005,1,0,.001,0,1);es="Linear";ed="In";};};{tm=1.317;["HumanoidRootPart"]={tm=.0160;cf=cfr(0,0,0,1,0,0,0,1,0,0,0,1);es="Linear";ed="In";};["Torso"]={tm=.0160;cf=cfr(.001,0,-.001,1,0,0,0,1,-.002,0,.002,1);es="Linear";ed="In";};["Left Leg"]={tm=.0160;cf=cfr(-.004,.003,0,1,0,0,0,1,0,0,0,1);es="Linear";ed="In";};["Right Leg"]={tm=.0160;cf=cfr(.002,.002,0,1,-.001,0,.001,1,0,0,0,1);es="Linear";ed="In";};};{tm=1.333;["HumanoidRootPart"]={tm=0;cf=cfr(0,0,0,1,0,0,0,1,0,0,0,1);es="Linear";ed="In";};["Torso"]={tm=0;cf=cfr(0,0,0,1,0,0,0,1,0,0,0,1);es="Linear";ed="In";};["Head"]={tm=0;cf=cfr(0,0,0,1,0,0,0,1,0,0,0,1);es="Linear";ed="In";};["Left Leg"]={tm=0;cf=cfr(0,0,0,1,0,0,0,1,0,0,0,1);es="Linear";ed="In";};["Right Arm"]={tm=0;cf=cfr(0,0,0,1,0,0,0,1,0,0,0,1);es="Linear";ed="In";};["Right Leg"]={tm=0;cf=cfr(0,0,0,1,0,0,0,1,0,0,0,1);es="Linear";ed="In";};["Left Arm"]={tm=0;cf=cfr(0,0,0,1,0,0,0,1,0,0,0,1);es="Linear";ed="In";};};}