-- // converted using mech's animoduler
local cfr = CFrame.new

return {{tm=0;["HumanoidRootPart"]={tm=.083;cf=cfr(0,0,0,1,0,0,0,1,0,0,0,1);es="Linear";ed="In";};["Torso"]={tm=.083;cf=cfr(0,0,0,1,0,0,0,1,0,0,0,1);es="Linear";ed="In";};["Head"]={tm=.083;cf=cfr(0,0,0,1,0,0,0,1,0,0,0,1);es="Linear";ed="In";};["Left Leg"]={tm=.083;cf=cfr(.002,.001,.008,.98,-.059,.191,.043,.995,.088,-.195,-.078,.978);es="Linear";ed="In";};["Right Arm"]={tm=.083;cf=cfr(0,0,0,1,0,0,0,1,0,0,0,1);es="Linear";ed="In";};["Right Leg"]={tm=.083;cf=cfr(-.002,.001,.008,.98,.059,-.191,-.043,.995,.088,.195,-.078,.978);es="Linear";ed="In";};["Left Arm"]={tm=.083;cf=cfr(0,0,0,1,0,0,0,1,0,0,0,1);es="Linear";ed="In";};};{tm=.083;["HumanoidRootPart"]={tm=.084;cf=cfr(0,0,0,1,0,0,0,1,0,0,0,1);es="Linear";ed="In";};["Torso"]={tm=.084;cf=cfr(0,0,0,.983,-.185,-.018,.18,.971,-.158,.046,.152,.987);es="Linear";ed="In";};["Head"]={tm=.084;cf=cfr(0,0,0,.998,.068,-.006,-.068,.987,-.143,-.004,.143,.99);es="Linear";ed="In";};["Left Leg"]={tm=.084;cf=cfr(-.525,.086,-.09,.98,-.059,.191,.043,.995,.088,-.195,-.078,.978);es="Linear";ed="In";};["Right Arm"]={tm=.084;cf=cfr(0,0,0,.531,-.281,.8,.155,.96,.234,-.833,0,.553);es="Linear";ed="In";};["Right Leg"]={tm=.084;cf=cfr(.144,.133,.111,.981,-.029,-.191,.046,.995,.088,.187,-.095,.978);es="Linear";ed="In";};["Left Arm"]={tm=.084;cf=cfr(.285,-.106,0,.938,.335,.093,-.347,.903,.252,0,-.269,.963);es="Linear";ed="In";};};{tm=.167;["HumanoidRootPart"]={tm=.0829;cf=cfr(0,0,0,1,0,0,0,1,0,0,0,1);es="Linear";ed="In";};["Torso"]={tm=.0829;cf=cfr(0,0,0,.999,.009,-.045,-.022,.951,-.307,.04,.308,.951);es="Linear";ed="In";};["Head"]={tm=.0829;cf=cfr(0,0,0,1,-.023,-.003,.021,.962,-.273,.009,.273,.962);es="Linear";ed="In";};["Left Leg"]={tm=.0829;cf=cfr(-.525,.086,-.09,.977,.073,.202,-.089,.993,.072,-.195,-.088,.977);es="Linear";ed="In";};["Right Arm"]={tm=.0829;cf=cfr(-.056,-.46,.412,-.534,-.643,.549,.129,.58,.805,-.835,.501,-.227);es="Linear";ed="In";};["Right Leg"]={tm=.0829;cf=cfr(.317,.136,.11,.953,-.276,-.125,.283,.958,.042,.108,-.076,.991);es="Linear";ed="In";};["Left Arm"]={tm=.0829;cf=cfr(-.036,-.002,.007,.919,-.382,.093,.35,.902,.252,-.181,-.199,.963);es="Linear";ed="In";};};{tm=.25;["HumanoidRootPart"]={tm=.0499;cf=cfr(0,0,0,1,0,0,0,1,0,0,0,1);es="Linear";ed="In";};["Torso"]={tm=.0499;cf=cfr(0,0,0,.903,.422,-.084,-.428,.862,-.272,-.042,.281,.959);es="Linear";ed="In";};["Head"]={tm=.0830;cf=cfr(0,0,0,.974,-.14,.177,.16,.982,-.104,-.159,.129,.979);es="Linear";ed="In";};["Left Leg"]={tm=.0830;cf=cfr(-.512,.129,-.092,.967,-.145,.208,.112,.98,.166,-.228,-.137,.964);es="Linear";ed="In";};["Right Arm"]={tm=.0830;cf=cfr(-.056,-.46,.412,-.016,-.973,.229,.007,.229,.973,-1,.017,.003);es="Linear";ed="In";};["Right Leg"]={tm=.0830;cf=cfr(.374,-.059,.101,.942,-.327,-.081,.318,.942,-.107,.111,.076,.991);es="Linear";ed="In";};["Left Arm"]={tm=.0499;cf=cfr(-.122,-.213,-.032,.556,-.302,-.774,.749,.585,.31,.359,-.753,.551);es="Linear";ed="In";};};{tm=.3;["HumanoidRootPart"]={tm=.0330;cf=cfr(0,0,0,1,0,0,0,1,0,0,0,1);es="Linear";ed="In";};["Torso"]={tm=.0330;cf=cfr(0,0,0,1,0,0,0,1,0,0,0,1);es="Linear";ed="In";};["Left Arm"]={tm=.0499;cf=cfr(-.277,-.24,-.345,.333,.538,-.774,-.541,.782,.31,.772,.316,.551);es="Linear";ed="In";};};{tm=.333;["HumanoidRootPart"]={tm=.0169;cf=cfr(0,0,0,1,0,0,0,1,0,0,0,1);es="Linear";ed="In";};["Torso"]={tm=.0169;cf=cfr(0,0,0,.894,.442,.078,-.44,.897,-.046,-.09,.006,.996);es="Linear";ed="In";};["Head"]={tm=.0839;cf=cfr(0,0,0,.906,-.413,-.093,.402,.908,-.116,.132,.067,.989);es="Linear";ed="In";};["Left Leg"]={tm=.0839;cf=cfr(-.597,.455,-.297,.888,-.425,.176,.346,.869,.352,-.302,-.252,.919);es="Linear";ed="In";};["Right Arm"]={tm=.0839;cf=cfr(-.473,-.317,.313,.511,-.859,.04,-.105,-.016,.994,-.853,-.512,-.099);es="Linear";ed="In";};["Right Leg"]={tm=.0839;cf=cfr(.374,-.12,.096,.994,.074,-.083,-.084,.987,-.135,.072,.141,.987);es="Linear";ed="In";};};{tm=.35;["HumanoidRootPart"]={tm=.067;cf=cfr(0,0,0,1,0,0,0,1,0,0,0,1);es="Linear";ed="In";};["Torso"]={tm=.067;cf=cfr(0,0,0,1,0,0,0,1,0,0,0,1);es="Linear";ed="In";};["Left Arm"]={tm=.067;cf=cfr(-.277,-.24,-.345,-.429,.465,-.774,-.898,-.313,.31,-.098,.828,.551);es="Linear";ed="In";};};{tm=.417;["HumanoidRootPart"]={tm=.0830;cf=cfr(0,0,0,1,0,0,0,1,0,0,0,1);es="Linear";ed="In";};["Torso"]={tm=.0830;cf=cfr(0,0,0,.884,.457,.095,-.456,.889,-.036,-.101,-.011,.995);es="Linear";ed="In";};["Head"]={tm=.0830;cf=cfr(0,0,0,.891,-.45,-.054,.443,.89,-.108,.096,.073,.993);es="Linear";ed="In";};["Left Leg"]={tm=.0830;cf=cfr(-.64,.543,-.323,.941,-.289,.176,.214,.911,.352,-.262,-.294,.919);es="Linear";ed="In";};["Right Arm"]={tm=.0830;cf=cfr(-.891,-.174,.214,.604,-.714,.353,-.227,.271,.935,-.764,-.645,.002);es="Linear";ed="In";};["Right Leg"]={tm=.0830;cf=cfr(.235,-.126,.063,.971,.096,-.219,-.126,.984,-.128,.203,.152,.967);es="Linear";ed="In";};["Left Arm"]={tm=.0830;cf=cfr(-.241,-.257,-.285,-.33,.501,-.8,-.942,-.232,.243,-.064,.834,.548);es="Linear";ed="In";};};{tm=.5;["HumanoidRootPart"]={tm=.0829;cf=cfr(0,0,0,1,0,0,0,1,0,0,0,1);es="Linear";ed="In";};["Torso"]={tm=.0829;cf=cfr(0,0,0,.884,.46,.083,-.456,.888,-.059,-.101,.015,.995);es="Linear";ed="In";};["Head"]={tm=.0829;cf=cfr(0,0,0,.891,-.451,-.046,.443,.888,-.122,.096,.088,.991);es="Linear";ed="In";};["Left Leg"]={tm=.0829;cf=cfr(-.64,.543,-.323,.934,-.312,.176,.237,.905,.352,-.269,-.287,.919);es="Linear";ed="In";};["Right Arm"]={tm=.0829;cf=cfr(-.891,-.174,.214,.615,-.705,.353,-.197,.296,.935,-.763,-.645,.043);es="Linear";ed="In";};["Right Leg"]={tm=.0829;cf=cfr(.235,-.126,.063,.974,.05,-.219,-.08,.989,-.128,.21,.142,.967);es="Linear";ed="In";};["Left Arm"]={tm=.0829;cf=cfr(-.249,-.283,-.285,-.301,.519,-.8,-.954,-.177,.243,-.016,.836,.548);es="Linear";ed="In";};};{tm=.583;["HumanoidRootPart"]={tm=.0840;cf=cfr(0,0,0,1,0,0,0,1,0,0,0,1);es="Linear";ed="In";};["Torso"]={tm=.0840;cf=cfr(0,0,0,.776,.631,.012,-.597,.74,-.308,-.203,.232,.951);es="Linear";ed="In";};["Head"]={tm=.0840;cf=cfr(0,0,0,.893,-.448,.046,.441,.848,-.293,.092,.282,.955);es="Linear";ed="In";};["Left Leg"]={tm=.0840;cf=cfr(-.208,.24,-.035,.967,.172,.189,-.226,.922,.313,-.12,-.345,.931);es="Linear";ed="In";};["Right Arm"]={tm=.0840;cf=cfr(-.604,-.117,.071,.699,-.682,-.215,.211,-.091,.973,-.683,-.726,.08);es="Linear";ed="In";};["Right Leg"]={tm=.0840;cf=cfr(.242,-.085,.072,.956,-.259,-.141,.202,.923,-.327,.214,.284,.935);es="Linear";ed="In";};["Left Arm"]={tm=.0840;cf=cfr(-.272,-.474,-.255,-.453,.27,-.849,-.807,-.529,.262,-.379,.804,.458);es="Linear";ed="In";};};{tm=.667;["HumanoidRootPart"]={tm=.0329;cf=cfr(0,0,0,1,0,0,0,1,0,0,0,1);es="Linear";ed="In";};["Torso"]={tm=.0329;cf=cfr(0,0,-.076,.776,.629,-.05,-.597,.706,-.38,-.203,.325,.924);es="Linear";ed="In";};["Head"]={tm=.0329;cf=cfr(0,0,0,.893,-.439,.102,.441,.805,-.397,.092,.4,.912);es="Linear";ed="In";};["Left Leg"]={tm=.0329;cf=cfr(-.2,.264,-.044,.94,.287,.184,-.332,.895,.299,-.079,-.342,.936);es="Linear";ed="In";};["Right Arm"]={tm=.0329;cf=cfr(-.733,-.127,-.087,.734,-.523,-.433,.215,-.427,.879,-.644,-.738,-.201);es="Linear";ed="In";};["Right Leg"]={tm=.0329;cf=cfr(.21,.11,.033,.956,-.25,-.156,.202,.941,-.272,.214,.229,.95);es="Linear";ed="In";};["Left Arm"]={tm=.0329;cf=cfr(-.374,-.763,-.191,-.503,.16,-.849,-.665,-.699,.262,-.552,.697,.458);es="Linear";ed="In";};};{tm=.7;["HumanoidRootPart"]={tm=.0170;cf=cfr(0,0,0,1,0,0,0,1,0,0,0,1);es="Linear";ed="In";};["Torso"]={tm=.0170;cf=cfr(.003,0,-.055,.967,.234,.101,-.199,.942,-.271,-.158,.242,.957);es="Linear";ed="In";};["Head"]={tm=.0500;cf=cfr(0,0,0,.971,-.047,.234,.136,.914,-.383,-.196,.403,.894);es="Linear";ed="In";};["Left Leg"]={tm=.0500;cf=cfr(-.23,.175,-.021,.94,.305,.152,-.332,.922,.201,-.079,-.239,.968);es="Linear";ed="In";};["Right Arm"]={tm=.0500;cf=cfr(-.386,-.357,.035,.289,-.108,-.951,.706,-.647,.287,-.647,-.754,-.111);es="Linear";ed="In";};["Right Leg"]={tm=.0500;cf=cfr(.485,.271,.104,.928,.315,-.2,-.337,.937,-.089,.16,.15,.976);es="Linear";ed="In";};["Left Arm"]={tm=.0170;cf=cfr(-.5,-.648,-.164,-.754,.562,-.34,-.626,-.459,.63,.198,.688,.698);es="Linear";ed="In";};};{tm=.717;["HumanoidRootPart"]={tm=.0330;cf=cfr(0,0,0,1,0,0,0,1,0,0,0,1);es="Linear";ed="In";};["Torso"]={tm=.0330;cf=cfr(0,0,0,1,0,0,0,1,0,0,0,1);es="Linear";ed="In";};["Left Arm"]={tm=.0330;cf=cfr(-.634,-.456,-.01,-.328,.92,.215,-.325,-.323,.889,.887,.221,.405);es="Linear";ed="In";};};{tm=.75;["HumanoidRootPart"]={tm=.0500;cf=cfr(0,0,0,1,0,0,0,1,0,0,0,1);es="Linear";ed="In";};["Torso"]={tm=.0500;cf=cfr(.008,0,-.022,.616,-.776,.138,.783,.622,.003,-.088,.106,.99);es="Linear";ed="In";};["Head"]={tm=.0829;cf=cfr(0,0,0,.839,.535,.102,-.459,.795,-.397,-.294,.287,.912);es="Linear";ed="In";};["Left Leg"]={tm=.0829;cf=cfr(-.247,-.003,-.028,.951,.307,.048,-.3,.947,-.115,-.081,.095,.992);es="Linear";ed="In";};["Right Arm"]={tm=.0829;cf=cfr(.134,-.702,.218,-.177,-.761,.624,.282,.568,.773,-.943,.313,.115);es="Linear";ed="In";};["Right Leg"]={tm=.0829;cf=cfr(.535,.313,.077,.7,.711,-.061,-.67,.684,.287,.245,-.16,.956);es="Linear";ed="In";};["Left Arm"]={tm=.0500;cf=cfr(-.674,-.565,-.664,-.698,.673,-.245,-.437,-.129,.89,.567,.729,.384);es="Linear";ed="In";};};{tm=.8;["HumanoidRootPart"]={tm=.0329;cf=cfr(0,0,0,1,0,0,0,1,0,0,0,1);es="Linear";ed="In";};["Torso"]={tm=.0329;cf=cfr(0,0,0,1,0,0,0,1,0,0,0,1);es="Linear";ed="In";};["Left Arm"]={tm=.0329;cf=cfr(-.026,-.487,-.141,.791,.482,-.378,-.106,.716,.69,.603,-.506,.617);es="Linear";ed="In";};};{tm=.833;["HumanoidRootPart"]={tm=.0840;cf=cfr(0,0,0,1,0,0,0,1,0,0,0,1);es="Linear";ed="In";};["Torso"]={tm=.0840;cf=cfr(.008,0,-.022,.465,-.829,.31,.884,.455,-.108,-.052,.324,.945);es="Linear";ed="In";};["Head"]={tm=.0840;cf=cfr(0,0,0,.776,.623,.102,-.542,.74,-.397,-.323,.253,.912);es="Linear";ed="In";};["Left Leg"]={tm=.0840;cf=cfr(-.263,-.055,-.033,.842,.537,.048,-.53,.84,-.115,-.103,.071,.992);es="Linear";ed="In";};["Right Arm"]={tm=.0840;cf=cfr(.134,-.702,.218,-.578,-.615,.536,.362,.395,.844,-.731,.682,-.006);es="Linear";ed="In";};["Right Leg"]={tm=.0840;cf=cfr(.69,.486,.035,.752,.656,-.061,-.617,.733,.287,.232,-.178,.956);es="Linear";ed="In";};["Left Arm"]={tm=.0840;cf=cfr(.117,-.393,.014,.935,.075,-.348,.231,.616,.753,.27,-.784,.558);es="Linear";ed="In";};};{tm=.917;["HumanoidRootPart"]={tm=0;cf=cfr(0,0,0,1,0,0,0,1,0,0,0,1);es="Linear";ed="In";};["Torso"]={tm=0;cf=cfr(.008,0,-.022,.42,-.838,.349,.907,.401,-.129,-.032,.371,.928);es="Linear";ed="In";};["Head"]={tm=0;cf=cfr(0,0,0,.748,.653,.119,-.573,.726,-.38,-.335,.216,.917);es="Linear";ed="In";};["Left Leg"]={tm=0;cf=cfr(-.263,-.055,-.033,.796,.604,.048,-.596,.795,-.115,-.108,.063,.992);es="Linear";ed="In";};["Right Arm"]={tm=0;cf=cfr(.134,-.702,.218,-.66,-.506,.556,.414,.373,.831,-.627,.778,-.036);es="Linear";ed="In";};["Right Leg"]={tm=0;cf=cfr(.69,.486,.035,.703,.708,-.061,-.667,.687,.287,.245,-.161,.956);es="Linear";ed="In";};["Left Arm"]={tm=0;cf=cfr(.207,-.357,.022,.93,-.119,-.348,.352,.555,.753,.104,-.823,.558);es="Linear";ed="In";};};}