-- // converted using mech's animoduler
local cfr = CFrame.new

return {{tm=0;["HumanoidRootPart"]={tm=.017;cf=cfr(0,0,0,1,0,0,0,1,0,0,0,1);es="Linear";ed="In";};["Torso"]={tm=.017;cf=cfr(.142,.11,-.02,.785,.595,.172,-.617,.776,.134,-.054,-.211,.976);es="Linear";ed="In";};["Head"]={tm=.017;cf=cfr(0,0,.017,.779,-.624,-.057,.602,.771,-.208,.174,.128,.976);es="Linear";ed="In";};["Left Arm"]={tm=.017;cf=cfr(.011,-.077,.024,.786,-.003,-.618,.217,.938,.271,.579,-.347,.738);es="Linear";ed="In";};["Right Arm"]={tm=.017;cf=cfr(.091,-.183,.299,-.743,-.663,.096,.111,-.262,-.959,.661,-.701,.268);es="Linear";ed="In";};["Left Leg"]={tm=.017;cf=cfr(-.232,.197,-.047,.928,-.346,.136,.279,.89,.361,-.246,-.297,.923);es="Linear";ed="In";};["Right Leg"]={tm=.017;cf=cfr(.213,.034,.011,.934,.339,.111,-.353,.921,.162,-.047,-.19,.981);es="Linear";ed="In";};};{tm=.017;["HumanoidRootPart"]={tm=.016;cf=cfr(0,0,0,1,0,0,0,1,0,0,0,1);es="Linear";ed="In";};["Torso"]={tm=.016;cf=cfr(.142,.108,-.022,.786,.593,.174,-.615,.778,.131,-.058,-.21,.976);es="Linear";ed="In";};["Head"]={tm=.016;cf=cfr(0,0,.017,.781,-.622,-.062,.6,.773,-.205,.176,.123,.977);es="Linear";ed="In";};["Left Arm"]={tm=.016;cf=cfr(-.015,-.041,.028,.801,.028,-.598,.177,.943,.282,.571,-.332,.751);es="Linear";ed="In";};["Right Arm"]={tm=.016;cf=cfr(.088,-.178,.299,-.731,-.681,.052,.142,-.226,-.964,.668,-.697,.262);es="Linear";ed="In";};["Left Leg"]={tm=.016;cf=cfr(-.231,.2,-.048,.929,-.344,.138,.275,.889,.366,-.248,-.302,.92);es="Linear";ed="In";};["Right Leg"]={tm=.016;cf=cfr(.214,.031,.011,.934,.34,.113,-.354,.922,.156,-.052,-.186,.981);es="Linear";ed="In";};};{tm=.033;["HumanoidRootPart"]={tm=.017;cf=cfr(0,0,0,1,0,0,0,1,0,0,0,1);es="Linear";ed="In";};["Torso"]={tm=.017;cf=cfr(.145,.103,-.029,.79,.586,.18,-.609,.784,.122,-.07,-.206,.976);es="Linear";ed="In";};["Head"]={tm=.017;cf=cfr(0,0,.017,.785,-.615,-.077,.593,.781,-.198,.182,.109,.977);es="Linear";ed="In";};["Left Arm"]={tm=.017;cf=cfr(-.082,.045,.037,.831,.115,-.544,.069,.95,.306,.552,-.292,.781);es="Linear";ed="In";};["Right Arm"]={tm=.017;cf=cfr(.083,-.165,.3,-.688,-.722,-.073,.228,-.12,-.966,.689,-.682,.247);es="Linear";ed="In";};["Left Leg"]={tm=.017;cf=cfr(-.228,.207,-.052,.931,-.336,.142,.262,.887,.381,-.254,-.317,.914);es="Linear";ed="In";};["Right Leg"]={tm=.017;cf=cfr(.218,.022,.012,.932,.342,.121,-.357,.924,.139,-.064,-.172,.983);es="Linear";ed="In";};};{tm=.05;["HumanoidRootPart"]={tm=.017;cf=cfr(0,0,0,1,0,0,0,1,0,0,0,1);es="Linear";ed="In";};["Torso"]={tm=.017;cf=cfr(.148,.094,-.039,.797,.574,.189,-.598,.794,.109,-.088,-.2,.976);es="Linear";ed="In";};["Head"]={tm=.017;cf=cfr(0,0,.017,.791,-.604,-.1,.581,.792,-.185,.191,.089,.978);es="Linear";ed="In";};["Left Arm"]={tm=.017;cf=cfr(-.175,.154,.049,.847,.25,-.47,-.091,.938,.334,.524,-.24,.817);es="Linear";ed="In";};["Right Arm"]={tm=.017;cf=cfr(.077,-.147,.301,-.598,-.755,-.269,.35,.055,-.935,.72,-.654,.232);es="Linear";ed="In";};["Left Leg"]={tm=.017;cf=cfr(-.225,.218,-.058,.934,-.324,.15,.241,.882,.404,-.263,-.341,.902);es="Linear";ed="In";};["Right Leg"]={tm=.017;cf=cfr(.224,.009,.014,.929,.345,.132,-.36,.926,.112,-.084,-.151,.985);es="Linear";ed="In";};};{tm=.067;["HumanoidRootPart"]={tm=.016;cf=cfr(0,0,0,1,0,0,0,1,0,0,0,1);es="Linear";ed="In";};["Torso"]={tm=.016;cf=cfr(.153,.083,-.054,.805,.558,.201,-.583,.807,.092,-.112,-.191,.975);es="Linear";ed="In";};["Head"]={tm=.016;cf=cfr(0,0,.017,.799,-.587,-.128,.566,.807,-.169,.203,.063,.977);es="Linear";ed="In";};["Left Arm"]={tm=.016;cf=cfr(-.277,.256,.061,.821,.413,-.394,-.274,.891,.363,.501,-.19,.844);es="Linear";ed="In";};["Right Arm"]={tm=.016;cf=cfr(.073,-.13,.302,-.446,-.739,-.505,.477,.281,-.833,.757,-.612,.227);es="Linear";ed="In";};["Left Leg"]={tm=.016;cf=cfr(-.219,.232,-.066,.938,-.307,.16,.213,.875,.434,-.274,-.373,.887);es="Linear";ed="In";};["Right Leg"]={tm=.016;cf=cfr(.231,-.009,.015,.926,.349,.146,-.362,.929,.076,-.109,-.123,.986);es="Linear";ed="In";};};{tm=.083;["HumanoidRootPart"]={tm=.017;cf=cfr(0,0,0,1,0,0,0,1,0,0,0,1);es="Linear";ed="In";};["Torso"]={tm=.017;cf=cfr(.16,.07,-.072,.814,.538,.217,-.563,.823,.071,-.14,-.18,.974);es="Linear";ed="In";};["Head"]={tm=.017;cf=cfr(0,0,.017,.809,-.565,-.162,.546,.824,-.15,.218,.033,.975);es="Linear";ed="In";};["Left Arm"]={tm=.017;cf=cfr(-.374,.321,.072,.744,.568,-.351,-.428,.809,.403,.513,-.149,.846);es="Linear";ed="In";};["Right Arm"]={tm=.017;cf=cfr(.074,-.117,.304,-.238,-.645,-.726,.565,.516,-.644,.79,-.564,.242);es="Linear";ed="In";};["Left Leg"]={tm=.017;cf=cfr(-.213,.247,-.076,.943,-.285,.173,.176,.866,.468,-.283,-.411,.867);es="Linear";ed="In";};["Right Leg"]={tm=.017;cf=cfr(.238,-.03,.016,.922,.352,.161,-.361,.932,.033,-.138,-.089,.986);es="Linear";ed="In";};};{tm=.1;["HumanoidRootPart"]={tm=.017;cf=cfr(0,0,0,1,0,0,0,1,0,0,0,1);es="Linear";ed="In";};["Torso"]={tm=.017;cf=cfr(.167,.056,-.093,.825,.514,.234,-.538,.841,.048,-.172,-.166,.971);es="Linear";ed="In";};["Head"]={tm=.017;cf=cfr(0,0,.017,.82,-.538,-.198,.522,.843,-.127,.235,.001,.972);es="Linear";ed="In";};["Left Arm"]={tm=.017;cf=cfr(-.46,.357,.08,.633,.7,-.331,-.538,.705,.462,.556,-.114,.823);es="Linear";ed="In";};["Right Arm"]={tm=.017;cf=cfr(.081,-.114,.305,-.012,-.483,-.876,.59,.704,-.396,.807,-.521,.276);es="Linear";ed="In";};["Left Leg"]={tm=.017;cf=cfr(-.368,.245,-.04,.921,-.34,.189,.207,.839,.504,-.33,-.425,.843);es="Linear";ed="In";};["Right Leg"]={tm=.017;cf=cfr(.246,-.054,.016,.919,.354,.176,-.357,.934,-.015,-.17,-.049,.984);es="Linear";ed="In";};};{tm=.117;["HumanoidRootPart"]={tm=.016;cf=cfr(0,0,0,1,0,0,0,1,0,0,0,1);es="Linear";ed="In";};["Torso"]={tm=.016;cf=cfr(.175,.04,-.117,.836,.487,.254,-.508,.861,.023,-.207,-.148,.967);es="Linear";ed="In";};["Head"]={tm=.016;cf=cfr(0,0,.017,.831,-.504,-.235,.495,.863,-.102,.254,-.031,.967);es="Linear";ed="In";};["Left Arm"]={tm=.016;cf=cfr(-.539,.387,.089,.501,.813,-.297,-.623,.577,.528,.601,-.08,.795);es="Linear";ed="In";};["Right Arm"]={tm=.016;cf=cfr(.094,-.124,.306,.186,-.299,-.936,.56,.815,-.149,.807,-.497,.319);es="Linear";ed="In";};["Left Leg"]={tm=.016;cf=cfr(-.528,.27,-.011,.898,-.39,.207,.227,.81,.54,-.378,-.438,.816);es="Linear";ed="In";};["Right Leg"]={tm=.016;cf=cfr(.254,-.08,.015,.915,.354,.191,-.348,.935,-.067,-.203,-.005,.979);es="Linear";ed="In";};};{tm=.133;["HumanoidRootPart"]={tm=.0169;cf=cfr(0,0,0,1,0,0,0,1,0,0,0,1);es="Linear";ed="In";};["Torso"]={tm=.0169;cf=cfr(.184,.024,-.144,.847,.455,.275,-.473,.881,-.002,-.243,-.128,.962);es="Linear";ed="In";};["Head"]={tm=.0169;cf=cfr(0,0,.017,.842,-.466,-.271,.464,.883,-.076,.275,-.062,.959);es="Linear";ed="In";};["Left Arm"]={tm=.0169;cf=cfr(-.613,.413,.096,.355,.901,-.248,-.676,.431,.598,.646,-.045,.762);es="Linear";ed="In";};["Right Arm"]={tm=.0169;cf=cfr(.114,-.152,.306,.333,-.142,-.932,.511,.858,.052,.793,-.493,.358);es="Linear";ed="In";};["Left Leg"]={tm=.0169;cf=cfr(-.631,.318,-.003,.886,-.405,.227,.214,.79,.575,-.412,-.46,.786);es="Linear";ed="In";};["Right Leg"]={tm=.0169;cf=cfr(.26,-.108,.012,.913,.352,.205,-.334,.935,-.121,-.234,.042,.971);es="Linear";ed="In";};};{tm=.15;["HumanoidRootPart"]={tm=.0170;cf=cfr(0,0,0,1,0,0,0,1,0,0,0,1);es="Linear";ed="In";};["Torso"]={tm=.0170;cf=cfr(.193,.009,-.174,.857,.42,.297,-.432,.901,-.028,-.28,-.105,.954);es="Linear";ed="In";};["Head"]={tm=.0170;cf=cfr(0,0,.017,.853,-.422,-.306,.429,.902,-.049,.297,-.089,.951);es="Linear";ed="In";};["Left Arm"]={tm=.0170;cf=cfr(-.682,.434,.103,.206,.961,-.182,-.694,.275,.666,.69,-.011,.724);es="Linear";ed="In";};["Right Arm"]={tm=.0170;cf=cfr(.14,-.196,.305,.431,-.036,-.901,.473,.86,.191,.768,-.509,.388);es="Linear";ed="In";};["Left Leg"]={tm=.0170;cf=cfr(-.709,.379,-.011,.881,-.402,.249,.183,.775,.605,-.437,-.487,.756);es="Linear";ed="In";};["Right Leg"]={tm=.0170;cf=cfr(.266,-.135,.007,.912,.348,.216,-.314,.933,-.175,-.262,.092,.961);es="Linear";ed="In";};};{tm=.167;["HumanoidRootPart"]={tm=.0159;cf=cfr(0,0,0,1,0,0,0,1,0,0,0,1);es="Linear";ed="In";};["Torso"]={tm=.0159;cf=cfr(.203,-.006,-.205,.867,.382,.32,-.387,.921,-.052,-.315,-.078,.946);es="Linear";ed="In";};["Head"]={tm=.0159;cf=cfr(0,0,.017,.863,-.375,-.338,.391,.92,-.023,.32,-.112,.941);es="Linear";ed="In";};["Left Arm"]={tm=.0159;cf=cfr(-.745,.452,.11,.065,.993,-.104,-.677,.12,.726,.733,.023,.68);es="Linear";ed="In";};["Right Arm"]={tm=.0159;cf=cfr(.172,-.255,.304,.499,.022,-.867,.456,.844,.284,.737,-.537,.411);es="Linear";ed="In";};["Left Leg"]={tm=.0159;cf=cfr(-.768,.45,-.03,.881,-.386,.273,.14,.764,.63,-.452,-.517,.727);es="Linear";ed="In";};["Right Leg"]={tm=.0159;cf=cfr(.27,-.161,.002,.914,.34,.223,-.29,.93,-.227,-.285,.142,.948);es="Linear";ed="In";};};{tm=.183;["HumanoidRootPart"]={tm=.0170;cf=cfr(0,0,0,1,0,0,0,1,0,0,0,1);es="Linear";ed="In";};["Torso"]={tm=.0170;cf=cfr(.212,-.02,-.237,.875,.341,.344,-.336,.939,-.075,-.349,-.05,.936);es="Linear";ed="In";};["Head"]={tm=.0170;cf=cfr(0,0,.017,.872,-.325,-.367,.349,.937,.001,.343,-.129,.93);es="Linear";ed="In";};["Left Arm"]={tm=.0170;cf=cfr(-.804,.467,.116,-.061,.998,-.015,-.63,-.026,.776,.774,.057,.63);es="Linear";ed="In";};["Right Arm"]={tm=.0170;cf=cfr(.208,-.321,.301,.548,.042,-.835,.46,.819,.343,.699,-.572,.43);es="Linear";ed="In";};["Left Leg"]={tm=.0170;cf=cfr(-.81,.526,-.061,.885,-.359,.298,.088,.756,.648,-.458,-.547,.701);es="Linear";ed="In";};["Right Leg"]={tm=.0170;cf=cfr(.271,-.186,-.004,.917,.328,.226,-.263,.925,-.274,-.299,.192,.935);es="Linear";ed="In";};};{tm=.2;["HumanoidRootPart"]={tm=.0169;cf=cfr(0,0,0,1,0,0,0,1,0,0,0,1);es="Linear";ed="In";};["Torso"]={tm=.0169;cf=cfr(.222,-.032,-.27,.882,.297,.367,-.281,.955,-.096,-.379,-.018,.925);es="Linear";ed="In";};["Head"]={tm=.0169;cf=cfr(0,0,.017,.879,-.272,-.392,.305,.952,.025,.366,-.141,.92);es="Linear";ed="In";};["Left Arm"]={tm=.0169;cf=cfr(-.858,.479,.122,-.164,.983,.078,-.56,-.158,.814,.812,.09,.576);es="Linear";ed="In";};["Right Arm"]={tm=.0169;cf=cfr(.247,-.391,.298,.588,.031,-.808,.48,.79,.38,.651,-.612,.45);es="Linear";ed="In";};["Left Leg"]={tm=.0169;cf=cfr(-.835,.603,-.102,.891,-.32,.322,.032,.751,.659,-.453,-.577,.68);es="Linear";ed="In";};["Right Leg"]={tm=.0169;cf=cfr(.268,-.208,-.01,.924,.313,.222,-.235,.919,-.317,-.303,.241,.922);es="Linear";ed="In";};};{tm=.217;["HumanoidRootPart"]={tm=.0160;cf=cfr(0,0,0,1,0,0,0,1,0,0,0,1);es="Linear";ed="In";};["Torso"]={tm=.0160;cf=cfr(.231,-.042,-.302,.887,.25,.389,-.223,.968,-.114,-.405,.015,.914);es="Linear";ed="In";};["Head"]={tm=.0160;cf=cfr(0,0,.017,.885,-.217,-.413,.259,.965,.047,.388,-.148,.91);es="Linear";ed="In";};["Left Arm"]={tm=.0160;cf=cfr(-.906,.49,.127,-.242,.955,.172,-.474,-.271,.838,.846,.121,.518);es="Linear";ed="In";};["Right Arm"]={tm=.0160;cf=cfr(.288,-.46,.294,.621,-.005,-.784,.513,.758,.403,.592,-.652,.473);es="Linear";ed="In";};["Left Leg"]={tm=.0160;cf=cfr(-.844,.678,-.149,.898,-.272,.345,-.028,.749,.662,-.438,-.605,.665);es="Linear";ed="In";};["Right Leg"]={tm=.0160;cf=cfr(.262,-.227,-.016,.933,.294,.21,-.208,.912,-.354,-.295,.286,.912);es="Linear";ed="In";};};{tm=.233;["HumanoidRootPart"]={tm=.0169;cf=cfr(0,0,0,1,0,0,0,1,0,0,0,1);es="Linear";ed="In";};["Torso"]={tm=.0169;cf=cfr(.238,-.05,-.332,.89,.201,.41,-.162,.978,-.129,-.427,.049,.903);es="Linear";ed="In";};["Head"]={tm=.0169;cf=cfr(0,0,.017,.889,-.162,-.429,.21,.976,.066,.408,-.149,.901);es="Linear";ed="In";};["Left Arm"]={tm=.0169;cf=cfr(-.951,.498,.132,-.296,.919,.262,-.381,-.365,.85,.876,.151,.458);es="Linear";ed="In";};["Right Arm"]={tm=.0169;cf=cfr(.328,-.522,.288,.651,-.062,-.757,.553,.721,.417,.52,-.69,.504);es="Linear";ed="In";};["Left Leg"]={tm=.0169;cf=cfr(-.84,.748,-.198,.906,-.215,.364,-.087,.748,.658,-.414,-.628,.659);es="Linear";ed="In";};["Right Leg"]={tm=.0169;cf=cfr(.251,-.242,-.02,.944,.271,.188,-.183,.905,-.384,-.274,.328,.904);es="Linear";ed="In";};};{tm=.25;["HumanoidRootPart"]={tm=.0170;cf=cfr(0,0,0,1,0,0,0,1,0,0,0,1);es="Linear";ed="In";};["Torso"]={tm=.0170;cf=cfr(.245,-.056,-.36,.891,.15,.428,-.098,.985,-.141,-.442,.083,.893);es="Linear";ed="In";};["Head"]={tm=.0170;cf=cfr(0,0,.017,.891,-.106,-.442,.158,.984,.083,.426,-.144,.893);es="Linear";ed="In";};["Left Arm"]={tm=.0170;cf=cfr(-.99,.506,.136,-.327,.879,.346,-.285,-.441,.851,.901,.18,.395);es="Linear";ed="In";};["Right Arm"]={tm=.0170;cf=cfr(.365,-.573,.281,.678,-.137,-.722,.595,.68,.428,.433,-.72,.543);es="Linear";ed="In";};["Left Leg"]={tm=.0170;cf=cfr(-.824,.809,-.245,.913,-.152,.378,-.144,.749,.647,-.381,-.646,.662);es="Linear";ed="In";};["Right Leg"]={tm=.0170;cf=cfr(.373,-.276,-.057,.936,.316,.157,-.23,.884,-.408,-.268,.345,.9);es="Linear";ed="In";};};{tm=.267;["HumanoidRootPart"]={tm=.0159;cf=cfr(0,0,0,1,0,0,0,1,0,0,0,1);es="Linear";ed="In";};["Torso"]={tm=.0159;cf=cfr(.249,-.059,-.384,.891,.097,.443,-.034,.988,-.148,-.452,.117,.884);es="Linear";ed="In";};["Head"]={tm=.0159;cf=cfr(0,0,.017,.891,-.05,-.451,.104,.99,.097,.441,-.133,.888);es="Linear";ed="In";};["Left Arm"]={tm=.0159;cf=cfr(-1.025,.512,.14,-.34,.841,.422,-.192,-.501,.844,.921,.206,.332);es="Linear";ed="In";};["Right Arm"]={tm=.0159;cf=cfr(.4,-.608,.272,.703,-.226,-.674,.63,.637,.443,.329,-.737,.591);es="Linear";ed="In";};["Left Leg"]={tm=.0159;cf=cfr(-.799,.86,-.286,.919,-.084,.385,-.196,.751,.63,-.342,-.655,.674);es="Linear";ed="In";};["Right Leg"]={tm=.0159;cf=cfr(.563,-.298,-.087,.912,.393,.117,-.312,.85,-.425,-.266,.351,.898);es="Linear";ed="In";};};{tm=.283;["HumanoidRootPart"]={tm=.0170;cf=cfr(0,0,0,1,0,0,0,1,0,0,0,1);es="Linear";ed="In";};["Torso"]={tm=.0170;cf=cfr(.251,-.061,-.404,.89,.041,.454,.032,.988,-.153,-.455,.15,.878);es="Linear";ed="In";};["Head"]={tm=.0170;cf=cfr(0,0,.017,.89,.005,-.455,.049,.993,.107,.452,-.117,.884);es="Linear";ed="In";};["Left Arm"]={tm=.0170;cf=cfr(-1.056,.517,.144,-.338,.805,.488,-.105,-.548,.83,.935,.229,.269);es="Linear";ed="In";};["Right Arm"]={tm=.0170;cf=cfr(.428,-.621,.261,.727,-.323,-.606,.653,.596,.467,.211,-.735,.644);es="Linear";ed="In";};["Left Leg"]={tm=.0170;cf=cfr(-.77,.9,-.317,.924,-.014,.383,-.241,.757,.608,-.299,-.654,.695);es="Linear";ed="In";};["Right Leg"]={tm=.0170;cf=cfr(.676,-.3,-.079,.9,.431,.068,-.362,.824,-.435,-.244,.367,.898);es="Linear";ed="In";};};{tm=.3;["HumanoidRootPart"]={tm=.0170;cf=cfr(0,0,0,1,0,0,0,1,0,0,0,1);es="Linear";ed="In";};["Torso"]={tm=.0170;cf=cfr(.25,-.06,-.418,.887,-.016,.461,.098,.983,-.153,-.451,.181,.874);es="Linear";ed="In";};["Head"]={tm=.0170;cf=cfr(0,0,.017,.888,.06,-.455,-.009,.994,.113,.459,-.096,.883);es="Linear";ed="In";};["Left Arm"]={tm=.0170;cf=cfr(-1.082,.522,.147,-.325,.772,.546,-.024,-.583,.812,.945,.251,.208);es="Linear";ed="In";};["Right Arm"]={tm=.0170;cf=cfr(.45,-.621,.232,.742,-.433,-.511,.664,.576,.476,.088,-.693,.715);es="Linear";ed="In";};["Left Leg"]={tm=.0170;cf=cfr(-.743,.928,-.336,.927,.054,.371,-.277,.765,.582,-.252,-.642,.724);es="Linear";ed="In";};["Right Leg"]={tm=.0170;cf=cfr(.758,-.294,-.047,.89,.456,.012,-.406,.802,-.438,-.209,.385,.899);es="Linear";ed="In";};};{tm=.317;["HumanoidRootPart"]={tm=.0160;cf=cfr(0,0,0,1,0,0,0,1,0,0,0,1);es="Linear";ed="In";};["Torso"]={tm=.0160;cf=cfr(.246,-.058,-.426,.883,-.076,.462,.163,.975,-.151,-.439,.209,.874);es="Linear";ed="In";};["Head"]={tm=.0160;cf=cfr(0,0,.017,.885,.114,-.452,-.07,.991,.115,.461,-.07,.885);es="Linear";ed="In";};["Left Arm"]={tm=.0160;cf=cfr(-1.105,.526,.149,-.304,.745,.594,.05,-.61,.791,.951,.27,.149);es="Linear";ed="In";};["Right Arm"]={tm=.0160;cf=cfr(.465,-.62,.175,.737,-.558,-.382,.675,.585,.449,-.027,-.589,.807);es="Linear";ed="In";};["Left Leg"]={tm=.0160;cf=cfr(-.721,.944,-.343,.931,.117,.346,-.303,.777,.552,-.204,-.619,.758);es="Linear";ed="In";};["Right Leg"]={tm=.0160;cf=cfr(.815,-.283,.004,.879,.474,-.053,-.448,.782,-.433,-.164,.404,.9);es="Linear";ed="In";};};{tm=.333;["HumanoidRootPart"]={tm=.0169;cf=cfr(0,0,0,1,0,0,0,1,0,0,0,1);es="Linear";ed="In";};["Torso"]={tm=.0169;cf=cfr(.238,-.054,-.426,.879,-.138,.457,.227,.963,-.146,-.42,.232,.877);es="Linear";ed="In";};["Head"]={tm=.0169;cf=cfr(0,0,.017,.88,.168,-.444,-.132,.985,.111,.456,-.039,.889);es="Linear";ed="In";};["Left Arm"]={tm=.0169;cf=cfr(-1.125,.53,.152,-.279,.721,.634,.115,-.63,.768,.953,.287,.093);es="Linear";ed="In";};["Right Arm"]={tm=.0169;cf=cfr(.477,-.616,.096,.709,-.673,-.213,.694,.608,.386,-.13,-.421,.898);es="Linear";ed="In";};["Left Leg"]={tm=.0169;cf=cfr(-.711,.946,-.338,.936,.173,.308,-.318,.792,.521,-.153,-.585,.796);es="Linear";ed="In";};["Right Leg"]={tm=.0169;cf=cfr(.85,-.269,.069,.865,.485,-.125,-.49,.765,-.418,-.107,.422,.9);es="Linear";ed="In";};};{tm=.35;["HumanoidRootPart"]={tm=.0170;cf=cfr(0,0,0,1,0,0,0,1,0,0,0,1);es="Linear";ed="In";};["Torso"]={tm=.0170;cf=cfr(.226,-.05,-.419,.872,-.202,.445,.29,.947,-.138,-.394,.25,.885);es="Linear";ed="In";};["Head"]={tm=.0170;cf=cfr(0,0,.017,.874,.221,-.432,-.196,.975,.102,.444,-.005,.896);es="Linear";ed="In";};["Left Arm"]={tm=.0170;cf=cfr(-1.141,.534,.154,-.251,.702,.667,.173,-.645,.744,.952,.303,.041);es="Linear";ed="In";};["Right Arm"]={tm=.0170;cf=cfr(.486,-.612,.003,.659,-.752,-.008,.722,.629,.287,-.211,-.195,.958);es="Linear";ed="In";};["Left Leg"]={tm=.0170;cf=cfr(-.714,.936,-.325,.941,.219,.256,-.322,.812,.488,-.101,-.542,.834);es="Linear";ed="In";};["Right Leg"]={tm=.0170;cf=cfr(.863,-.25,.145,.847,.493,-.202,-.531,.752,-.391,-.041,.438,.898);es="Linear";ed="In";};};{tm=.367;["HumanoidRootPart"]={tm=.0160;cf=cfr(0,0,0,1,0,0,0,1,0,0,0,1);es="Linear";ed="In";};["Torso"]={tm=.0160;cf=cfr(.209,-.047,-.405,.865,-.266,.426,.35,.928,-.13,-.361,.261,.895);es="Linear";ed="In";};["Head"]={tm=.0160;cf=cfr(0,0,.017,.867,.272,-.417,-.26,.962,.087,.425,.033,.905);es="Linear";ed="In";};["Left Arm"]={tm=.0160;cf=cfr(-1.154,.538,.156,-.224,.685,.693,.224,-.656,.721,.948,.317,-.007);es="Linear";ed="In";};["Right Arm"]={tm=.0160;cf=cfr(.494,-.608,-.096,.596,-.774,.213,.76,.63,.163,-.26,.065,.963);es="Linear";ed="In";};["Left Leg"]={tm=.0160;cf=cfr(-.73,.912,-.308,.948,.253,.194,-.315,.833,.454,-.047,-.492,.87);es="Linear";ed="In";};["Right Leg"]={tm=.0160;cf=cfr(.856,-.227,.225,.822,.496,-.281,-.569,.742,-.354,.033,.451,.892);es="Linear";ed="In";};};{tm=.383;["HumanoidRootPart"]={tm=.0170;cf=cfr(0,0,0,1,0,0,0,1,0,0,0,1);es="Linear";ed="In";};["Torso"]={tm=.0170;cf=cfr(.188,-.044,-.386,.855,-.328,.401,.404,.907,-.121,-.324,.266,.908);es="Linear";ed="In";};["Head"]={tm=.0170;cf=cfr(0,0,.017,.858,.321,-.401,-.322,.944,.067,.4,.072,.913);es="Linear";ed="In";};["Left Arm"]={tm=.0170;cf=cfr(-1.165,.543,.157,-.198,.671,.714,.269,-.664,.698,.943,.33,-.049);es="Linear";ed="In";};["Right Arm"]={tm=.0170;cf=cfr(.504,-.604,-.196,.534,-.733,.421,.8,.599,.029,-.273,.322,.907);es="Linear";ed="In";};["Left Leg"]={tm=.0170;cf=cfr(-.757,.876,-.29,.953,.275,.126,-.302,.856,.42,.008,-.438,.899);es="Linear";ed="In";};["Right Leg"]={tm=.0170;cf=cfr(.831,-.197,.302,.79,.496,-.359,-.602,.737,-.308,.112,.459,.881);es="Linear";ed="In";};};{tm=.4;["HumanoidRootPart"]={tm=.0169;cf=cfr(0,0,0,1,0,0,0,1,0,0,0,1);es="Linear";ed="In";};["Torso"]={tm=.0169;cf=cfr(.164,-.043,-.363,.845,-.385,.371,.452,.885,-.113,-.285,.263,.922);es="Linear";ed="In";};["Head"]={tm=.0169;cf=cfr(0,0,.017,.848,.365,-.385,-.379,.924,.04,.371,.112,.922);es="Linear";ed="In";};["Left Arm"]={tm=.0169;cf=cfr(-1.173,.548,.158,-.174,.659,.732,.309,-.669,.676,.935,.344,-.087);es="Linear";ed="In";};["Right Arm"]={tm=.0169;cf=cfr(.517,-.601,-.29,.485,-.645,.591,.837,.539,-.098,-.255,.542,.801);es="Linear";ed="In";};["Left Leg"]={tm=.0169;cf=cfr(-.79,.83,-.275,.957,.284,.055,-.283,.878,.386,.062,-.385,.921);es="Linear";ed="In";};["Right Leg"]={tm=.0169;cf=cfr(.796,-.162,.371,.755,.495,-.431,-.627,.736,-.254,.192,.462,.866);es="Linear";ed="In";};};{tm=.417;["HumanoidRootPart"]={tm=.0160;cf=cfr(0,0,0,1,0,0,0,1,0,0,0,1);es="Linear";ed="In";};["Torso"]={tm=.0160;cf=cfr(.136,-.043,-.337,.835,-.435,.337,.493,.864,-.106,-.245,.254,.936);es="Linear";ed="In";};["Head"]={tm=.0160;cf=cfr(0,0,.017,.838,.402,-.368,-.43,.903,.009,.336,.151,.93);es="Linear";ed="In";};["Left Arm"]={tm=.0160;cf=cfr(-1.179,.555,.159,-.155,.648,.746,.343,-.672,.656,.926,.357,-.118);es="Linear";ed="In";};["Right Arm"]={tm=.0160;cf=cfr(.532,-.598,-.372,.457,-.534,.711,.863,.46,-.208,-.216,.709,.671);es="Linear";ed="In";};["Left Leg"]={tm=.0160;cf=cfr(-.825,.775,-.264,.959,.283,-.014,-.26,.899,.353,.113,-.335,.935);es="Linear";ed="In";};["Right Leg"]={tm=.0160;cf=cfr(.754,-.121,.426,.717,.492,-.493,-.643,.741,-.195,.27,.457,.848);es="Linear";ed="In";};};{tm=.433;["HumanoidRootPart"]={tm=.0170;cf=cfr(0,0,0,1,0,0,0,1,0,0,0,1);es="Linear";ed="In";};["Torso"]={tm=.0170;cf=cfr(.107,-.045,-.31,.827,-.477,.299,.524,.846,-.1,-.205,.239,.949);es="Linear";ed="In";};["Head"]={tm=.0170;cf=cfr(0,0,.017,.83,.433,-.353,-.471,.881,-.028,.299,.189,.935);es="Linear";ed="In";};["Left Arm"]={tm=.0170;cf=cfr(-1.184,.562,.16,-.14,.638,.757,.373,-.675,.637,.917,.372,-.144);es="Linear";ed="In";};["Right Arm"]={tm=.0170;cf=cfr(.548,-.596,-.443,.449,-.419,.789,.878,.371,-.303,-.166,.829,.535);es="Linear";ed="In";};["Left Leg"]={tm=.0170;cf=cfr(-.859,.715,-.257,.959,.273,-.079,-.234,.917,.321,.16,-.29,.944);es="Linear";ed="In";};["Right Leg"]={tm=.0170;cf=cfr(.712,-.078,.465,.681,.491,-.543,-.648,.75,-.135,.341,.444,.829);es="Linear";ed="In";};};{tm=.45;["HumanoidRootPart"]={tm=.0170;cf=cfr(0,0,0,1,0,0,0,1,0,0,0,1);es="Linear";ed="In";};["Torso"]={tm=.0170;cf=cfr(.076,-.048,-.283,.821,-.509,.259,.546,.833,-.095,-.167,.219,.961);es="Linear";ed="In";};["Head"]={tm=.0170;cf=cfr(0,0,.017,.825,.454,-.337,-.503,.862,-.068,.259,.226,.939);es="Linear";ed="In";};["Left Arm"]={tm=.0170;cf=cfr(-1.187,.572,.161,-.13,.627,.768,.4,-.676,.619,.907,.388,-.163);es="Linear";ed="In";};["Right Arm"]={tm=.0170;cf=cfr(.567,-.593,-.503,.459,-.311,.832,.881,.277,-.383,-.112,.909,.401);es="Linear";ed="In";};["Left Leg"]={tm=.0170;cf=cfr(-.887,.65,-.251,.958,.254,-.135,-.207,.934,.291,.2,-.251,.947);es="Linear";ed="In";};["Right Leg"]={tm=.0170;cf=cfr(.675,-.037,.485,.652,.492,-.578,-.643,.762,-.077,.402,.422,.813);es="Linear";ed="In";};};{tm=.467;["HumanoidRootPart"]={tm=.0159;cf=cfr(0,0,0,1,0,0,0,1,0,0,0,1);es="Linear";ed="In";};["Torso"]={tm=.0159;cf=cfr(.044,-.051,-.256,.821,-.528,.218,.556,.826,-.091,-.132,.196,.972);es="Linear";ed="In";};["Head"]={tm=.0159;cf=cfr(0,0,.017,.824,.466,-.322,-.522,.845,-.113,.219,.262,.94);es="Linear";ed="In";};["Left Arm"]={tm=.0159;cf=cfr(-1.189,.584,.162,-.126,.615,.778,.423,-.676,.603,.897,.406,-.175);es="Linear";ed="In";};["Right Arm"]={tm=.0159;cf=cfr(.586,-.591,-.552,.484,-.214,.849,.873,.182,-.452,-.058,.96,.275);es="Linear";ed="In";};["Left Leg"]={tm=.0159;cf=cfr(-.909,.584,-.244,.957,.228,-.181,-.177,.949,.262,.231,-.219,.948);es="Linear";ed="In";};["Right Leg"]={tm=.0159;cf=cfr(.648,-.001,.489,.632,.495,-.597,-.63,.776,-.024,.451,.392,.802);es="Linear";ed="In";};};{tm=.483;["HumanoidRootPart"]={tm=.0170;cf=cfr(0,0,0,1,0,0,0,1,0,0,0,1);es="Linear";ed="In";};["Torso"]={tm=.0170;cf=cfr(.013,-.054,-.231,.827,-.534,.178,.553,.828,-.086,-.101,.169,.98);es="Linear";ed="In";};["Head"]={tm=.0170;cf=cfr(0,0,.017,.83,.466,-.306,-.527,.834,-.162,.18,.296,.938);es="Linear";ed="In";};["Left Arm"]={tm=.0170;cf=cfr(-1.191,.598,.163,-.129,.602,.788,.444,-.676,.589,.887,.426,-.18);es="Linear";ed="In";};["Right Arm"]={tm=.0170;cf=cfr(.605,-.588,-.592,.519,-.132,.844,.854,.089,-.512,-.008,.987,.159);es="Linear";ed="In";};["Left Leg"]={tm=.0170;cf=cfr(-.923,.519,-.235,.957,.195,-.213,-.143,.961,.235,.251,-.195,.948);es="Linear";ed="In";};["Right Leg"]={tm=.0170;cf=cfr(.633,.029,.479,.625,.5,-.6,-.612,.791,.021,.485,.354,.8);es="Linear";ed="In";};};{tm=.5;["HumanoidRootPart"]={tm=.0170;cf=cfr(0,0,0,1,0,0,0,1,0,0,0,1);es="Linear";ed="In";};["Torso"]={tm=.0170;cf=cfr(-.018,-.057,-.208,.84,-.524,.138,.537,.84,-.08,-.074,.142,.987);es="Linear";ed="In";};["Head"]={tm=.0170;cf=cfr(0,0,.017,.844,.453,-.288,-.517,.829,-.214,.142,.33,.933);es="Linear";ed="In";};["Left Arm"]={tm=.0170;cf=cfr(-1.191,.614,.164,-.138,.586,.798,.462,-.675,.575,.876,.449,-.178);es="Linear";ed="In";};["Right Arm"]={tm=.0170;cf=cfr(.625,-.586,-.624,.563,-.064,.824,.826,-.002,-.564,.038,.998,.052);es="Linear";ed="In";};["Left Leg"]={tm=.0170;cf=cfr(-.93,.456,-.221,.961,.155,-.23,-.106,.972,.212,.256,-.179,.95);es="Linear";ed="In";};["Right Leg"]={tm=.0170;cf=cfr(.632,.052,.456,.632,.506,-.587,-.59,.805,.059,.503,.309,.807);es="Linear";ed="In";};};{tm=.517;["HumanoidRootPart"]={tm=.0160;cf=cfr(0,0,0,1,0,0,0,1,0,0,0,1);es="Linear";ed="In";};["Torso"]={tm=.0160;cf=cfr(-.047,-.057,-.187,.86,-.5,.101,.508,.858,-.072,-.051,.113,.992);es="Linear";ed="In";};["Head"]={tm=.0160;cf=cfr(0,0,.017,.864,.428,-.266,-.493,.828,-.268,.105,.363,.926);es="Linear";ed="In";};["Left Arm"]={tm=.0160;cf=cfr(-1.192,.634,.164,-.155,.567,.809,.479,-.673,.564,.864,.475,-.167);es="Linear";ed="In";};["Right Arm"]={tm=.0160;cf=cfr(.646,-.583,-.648,.611,-.012,.792,.788,-.088,-.609,.077,.996,-.045);es="Linear";ed="In";};["Left Leg"]={tm=.0160;cf=cfr(-.929,.395,-.201,.966,.11,-.232,-.066,.979,.191,.248,-.169,.954);es="Linear";ed="In";};["Right Leg"]={tm=.0160;cf=cfr(.642,.067,.423,.653,.511,-.559,-.566,.82,.088,.504,.259,.824);es="Linear";ed="In";};};{tm=.533;["HumanoidRootPart"]={tm=.0170;cf=cfr(0,0,0,1,0,0,0,1,0,0,0,1);es="Linear";ed="In";};["Torso"]={tm=.0170;cf=cfr(-.075,-.056,-.168,.884,-.463,.066,.467,.882,-.062,-.03,.086,.996);es="Linear";ed="In";};["Head"]={tm=.0170;cf=cfr(0,0,.017,.888,.393,-.239,-.455,.83,-.323,.072,.395,.916);es="Linear";ed="In";};["Left Arm"]={tm=.0170;cf=cfr(-1.188,.656,.165,-.178,.544,.82,.494,-.672,.552,.851,.503,-.149);es="Linear";ed="In";};["Right Arm"]={tm=.0170;cf=cfr(.666,-.58,-.665,.661,.027,.75,.742,-.169,-.649,.11,.985,-.132);es="Linear";ed="In";};["Left Leg"]={tm=.0170;cf=cfr(-.918,.335,-.175,.973,.062,-.222,-.023,.985,.171,.229,-.161,.96);es="Linear";ed="In";};["Right Leg"]={tm=.0170;cf=cfr(.66,.076,.382,.683,.514,-.518,-.542,.833,.112,.489,.205,.848);es="Linear";ed="In";};};{tm=.55;["HumanoidRootPart"]={tm=.0169;cf=cfr(0,0,0,1,0,0,0,1,0,0,0,1);es="Linear";ed="In";};["Torso"]={tm=.0169;cf=cfr(-.101,-.052,-.151,.91,-.414,.034,.415,.908,-.049,-.011,.058,.998);es="Linear";ed="In";};["Head"]={tm=.0169;cf=cfr(0,0,.017,.913,.35,-.207,-.405,.833,-.377,.041,.428,.903);es="Linear";ed="In";};["Left Arm"]={tm=.0169;cf=cfr(-1.175,.681,.166,-.204,.517,.831,.508,-.67,.541,.837,.533,-.125);es="Linear";ed="In";};["Right Arm"]={tm=.0169;cf=cfr(.687,-.577,-.676,.712,.052,.7,.689,-.244,-.682,.135,.968,-.21);es="Linear";ed="In";};["Left Leg"]={tm=.0169;cf=cfr(-.894,.276,-.144,.98,.012,-.2,.019,.988,.154,.199,-.155,.968);es="Linear";ed="In";};["Right Leg"]={tm=.0169;cf=cfr(.682,.079,.335,.72,.514,-.466,-.519,.845,.13,.46,.148,.875);es="Linear";ed="In";};};{tm=.567;["HumanoidRootPart"]={tm=.0160;cf=cfr(0,0,0,1,0,0,0,1,0,0,0,1);es="Linear";ed="In";};["Torso"]={tm=.0160;cf=cfr(-.124,-.046,-.135,.935,-.354,.004,.354,.935,-.033,.008,.033,.999);es="Linear";ed="In";};["Head"]={tm=.0160;cf=cfr(0,0,.017,.939,.3,-.169,-.345,.836,-.428,.013,.46,.888);es="Linear";ed="In";};["Left Arm"]={tm=.0160;cf=cfr(-1.155,.708,.166,-.233,.487,.842,.521,-.668,.531,.821,.563,-.098);es="Linear";ed="In";};["Right Arm"]={tm=.0160;cf=cfr(.708,-.573,-.683,.761,.066,.646,.631,-.312,-.711,.155,.948,-.278);es="Linear";ed="In";};["Left Leg"]={tm=.0160;cf=cfr(-.854,.22,-.109,.985,-.035,-.167,.059,.989,.139,.16,-.147,.976);es="Linear";ed="In";};["Right Leg"]={tm=.0160;cf=cfr(.705,.078,.283,.76,.51,-.403,-.497,.855,.145,.418,.09,.904);es="Linear";ed="In";};};{tm=.583;["HumanoidRootPart"]={tm=.0170;cf=cfr(0,0,0,1,0,0,0,1,0,0,0,1);es="Linear";ed="In";};["Torso"]={tm=.0170;cf=cfr(-.145,-.037,-.121,.958,-.287,-.022,.286,.958,-.016,.025,.009,1);es="Linear";ed="In";};["Head"]={tm=.0170;cf=cfr(0,0,.017,.961,.246,-.126,-.276,.835,-.476,-.011,.492,.871);es="Linear";ed="In";};["Left Arm"]={tm=.0170;cf=cfr(-1.13,.736,.166,-.263,.455,.851,.534,-.666,.521,.804,.591,-.068);es="Linear";ed="In";};["Right Arm"]={tm=.0170;cf=cfr(.728,-.57,-.686,.806,.069,.588,.568,-.371,-.735,.167,.926,-.338);es="Linear";ed="In";};["Left Leg"]={tm=.0170;cf=cfr(-.795,.168,-.073,.989,-.077,-.125,.093,.988,.127,.114,-.137,.984);es="Linear";ed="In";};["Right Leg"]={tm=.0170;cf=cfr(.728,.074,.228,.799,.501,-.332,-.477,.865,.156,.365,.033,.93);es="Linear";ed="In";};};{tm=.6;["HumanoidRootPart"]={tm=.0170;cf=cfr(0,0,0,1,0,0,0,1,0,0,0,1);es="Linear";ed="In";};["Torso"]={tm=.0170;cf=cfr(-.163,-.028,-.109,.976,-.213,-.044,.213,.977,.004,.042,-.013,.999);es="Linear";ed="In";};["Head"]={tm=.0170;cf=cfr(0,0,.017,.979,.188,-.079,-.201,.832,-.518,-.032,.523,.852);es="Linear";ed="In";};["Left Arm"]={tm=.0170;cf=cfr(-1.101,.764,.166,-.293,.422,.858,.546,-.663,.513,.785,.619,-.036);es="Linear";ed="In";};["Right Arm"]={tm=.0170;cf=cfr(.748,-.566,-.686,.846,.064,.529,.504,-.42,-.755,.174,.905,-.388);es="Linear";ed="In";};["Left Leg"]={tm=.0170;cf=cfr(-.715,.122,-.04,.991,-.11,-.077,.119,.986,.117,.063,-.126,.99);es="Linear";ed="In";};["Right Leg"]={tm=.0170;cf=cfr(.749,.069,.173,.835,.487,-.255,-.459,.873,.165,.303,-.021,.953);es="Linear";ed="In";};};{tm=.617;["HumanoidRootPart"]={tm=.0160;cf=cfr(0,0,0,1,0,0,0,1,0,0,0,1);es="Linear";ed="In";};["Torso"]={tm=.0160;cf=cfr(-.178,-.017,-.098,.989,-.136,-.063,.138,.99,.024,.059,-.032,.998);es="Linear";ed="In";};["Head"]={tm=.0160;cf=cfr(0,0,.017,.991,.13,-.028,-.124,.824,-.554,-.048,.552,.832);es="Linear";ed="In";};["Left Arm"]={tm=.0160;cf=cfr(-1.07,.792,.166,-.323,.389,.863,.557,-.659,.506,.765,.644,-.004);es="Linear";ed="In";};["Right Arm"]={tm=.0160;cf=cfr(.767,-.562,-.685,.881,.053,.47,.439,-.46,-.772,.175,.886,-.429);es="Linear";ed="In";};["Left Leg"]={tm=.0160;cf=cfr(-.607,.087,-.013,.991,-.129,-.023,.131,.985,.111,.008,-.113,.994);es="Linear";ed="In";};["Right Leg"]={tm=.0160;cf=cfr(.768,.063,.119,.865,.47,-.175,-.444,.88,.172,.235,-.071,.969);es="Linear";ed="In";};};{tm=.633;["HumanoidRootPart"]={tm=.0170;cf=cfr(0,0,0,1,0,0,0,1,0,0,0,1);es="Linear";ed="In";};["Torso"]={tm=.0170;cf=cfr(-.19,-.005,-.088,.995,-.06,-.077,.063,.997,.043,.075,-.048,.996);es="Linear";ed="In";};["Head"]={tm=.0170;cf=cfr(0,0,.017,.997,.074,.023,-.047,.812,-.582,-.061,.58,.813);es="Linear";ed="In";};["Left Arm"]={tm=.0170;cf=cfr(-1.038,.818,.166,-.35,.358,.866,.568,-.654,.5,.745,.667,.026);es="Linear";ed="In";};["Right Arm"]={tm=.0170;cf=cfr(.786,-.558,-.682,.91,.038,.412,.376,-.49,-.787,.172,.871,-.46);es="Linear";ed="In";};["Left Leg"]={tm=.0170;cf=cfr(-.451,.064,.001,.992,-.12,.035,.115,.987,.109,-.047,-.104,.993);es="Linear";ed="In";};["Right Leg"]={tm=.0170;cf=cfr(.786,.058,.068,.887,.452,-.097,-.431,.885,.177,.165,-.115,.98);es="Linear";ed="In";};};{tm=.65;["HumanoidRootPart"]={tm=.0170;cf=cfr(0,0,0,1,0,0,0,1,0,0,0,1);es="Linear";ed="In";};["Torso"]={tm=.0170;cf=cfr(-.2,.005,-.08,.996,.013,-.089,-.008,.998,.062,.09,-.061,.994);es="Linear";ed="In";};["Head"]={tm=.0170;cf=cfr(0,0,.017,.997,.021,.072,.027,.796,-.604,-.07,.605,.793);es="Linear";ed="In";};["Left Arm"]={tm=.0170;cf=cfr(-1.008,.842,.166,-.376,.328,.867,.578,-.648,.496,.724,.688,.054);es="Linear";ed="In";};["Right Arm"]={tm=.0170;cf=cfr(.805,-.554,-.68,.934,.021,.358,.318,-.509,-.8,.165,.861,-.481);es="Linear";ed="In";};["Left Leg"]={tm=.0170;cf=cfr(-.251,.066,-.009,.992,-.082,.093,.071,.991,.109,-.101,-.102,.99);es="Linear";ed="In";};["Right Leg"]={tm=.0170;cf=cfr(.806,.055,.021,.901,.434,-.022,-.423,.888,.181,.098,-.153,.983);es="Linear";ed="In";};};{tm=.667;["HumanoidRootPart"]={tm=.0160;cf=cfr(0,0,0,1,0,0,0,1,0,0,0,1);es="Linear";ed="In";};["Torso"]={tm=.0160;cf=cfr(-.207,.015,-.072,.992,.08,-.098,-.072,.994,.079,.103,-.072,.992);es="Linear";ed="In";};["Head"]={tm=.0160;cf=cfr(0,0,.017,.993,-.025,.119,.094,.779,-.62,-.077,.627,.776);es="Linear";ed="In";};["Left Arm"]={tm=.0160;cf=cfr(-.98,.864,.165,-.399,.302,.866,.588,-.64,.494,.704,.706,.078);es="Linear";ed="In";};["Right Arm"]={tm=.0160;cf=cfr(.822,-.55,-.679,.951,.004,.308,.266,-.516,-.814,.156,.856,-.492);es="Linear";ed="In";};["Left Leg"]={tm=.0160;cf=cfr(-.222,.069,-.015,.981,-.125,.152,.108,.988,.112,-.164,-.094,.982);es="Linear";ed="In";};["Right Leg"]={tm=.0160;cf=cfr(.829,.054,-.022,.907,.419,.046,-.42,.889,.184,.037,-.186,.982);es="Linear";ed="In";};};{tm=.683;["HumanoidRootPart"]={tm=.0169;cf=cfr(0,0,0,1,0,0,0,1,0,0,0,1);es="Linear";ed="In";};["Torso"]={tm=.0169;cf=cfr(-.212,.024,-.066,.985,.138,-.104,-.129,.987,.094,.116,-.079,.99);es="Linear";ed="In";};["Head"]={tm=.0169;cf=cfr(0,0,.017,.985,-.065,.161,.153,.761,-.63,-.081,.645,.759);es="Linear";ed="In";};["Left Arm"]={tm=.0169;cf=cfr(-.957,.883,.165,-.418,.28,.864,.597,-.632,.494,.684,.723,.097);es="Linear";ed="In";};["Right Arm"]={tm=.0169;cf=cfr(.839,-.546,-.677,.964,-.012,.264,.221,-.516,-.828,.146,.856,-.495);es="Linear";ed="In";};["Left Leg"]={tm=.0169;cf=cfr(-.196,.072,-.021,.966,-.16,.205,.138,.983,.117,-.22,-.085,.972);es="Linear";ed="In";};["Right Leg"]={tm=.0169;cf=cfr(.853,.054,-.062,.908,.407,.104,-.42,.888,.187,-.017,-.213,.977);es="Linear";ed="In";};};{tm=.7;["HumanoidRootPart"]={tm=.0170;cf=cfr(0,0,0,1,0,0,0,1,0,0,0,1);es="Linear";ed="In";};["Torso"]={tm=.0170;cf=cfr(-.216,.03,-.061,.976,.189,-.109,-.177,.978,.106,.127,-.084,.988);es="Linear";ed="In";};["Head"]={tm=.0170;cf=cfr(0,0,.017,.975,-.099,.197,.204,.744,-.637,-.083,.661,.746);es="Linear";ed="In";};["Left Arm"]={tm=.0170;cf=cfr(-.938,.898,.165,-.435,.263,.861,.606,-.622,.496,.666,.738,.111);es="Linear";ed="In";};["Right Arm"]={tm=.0170;cf=cfr(.855,-.541,-.671,.974,-.026,.225,.181,-.512,-.84,.137,.859,-.494);es="Linear";ed="In";};["Left Leg"]={tm=.0170;cf=cfr(-.174,.076,-.028,.95,-.188,.251,.162,.979,.122,-.268,-.076,.96);es="Linear";ed="In";};["Right Leg"]={tm=.0170;cf=cfr(.871,.055,-.097,.906,.394,.155,-.418,.888,.19,-.063,-.237,.97);es="Linear";ed="In";};};{tm=.717;["HumanoidRootPart"]={tm=.0160;cf=cfr(0,0,0,1,0,0,0,1,0,0,0,1);es="Linear";ed="In";};["Torso"]={tm=.0160;cf=cfr(-.219,.036,-.056,.966,.231,-.113,-.218,.969,.116,.136,-.087,.987);es="Linear";ed="In";};["Head"]={tm=.0160;cf=cfr(0,0,.017,.965,-.127,.228,.247,.728,-.64,-.085,.674,.734);es="Linear";ed="In";};["Left Arm"]={tm=.0160;cf=cfr(-.922,.91,.165,-.45,.249,.858,.614,-.611,.499,.649,.751,.122);es="Linear";ed="In";};["Right Arm"]={tm=.0160;cf=cfr(.871,-.538,-.662,.981,-.039,.19,.145,-.503,-.852,.129,.863,-.488);es="Linear";ed="In";};["Left Leg"]={tm=.0160;cf=cfr(-.155,.079,-.035,.934,-.211,.289,.181,.975,.128,-.309,-.067,.949);es="Linear";ed="In";};["Right Leg"]={tm=.0160;cf=cfr(.886,.057,-.128,.903,.381,.198,-.416,.889,.192,-.103,-.256,.961);es="Linear";ed="In";};};{tm=.733;["HumanoidRootPart"]={tm=.0170;cf=cfr(0,0,0,1,0,0,0,1,0,0,0,1);es="Linear";ed="In";};["Torso"]={tm=.0170;cf=cfr(-.221,.039,-.053,.957,.267,-.115,-.253,.96,.123,.143,-.089,.986);es="Linear";ed="In";};["Head"]={tm=.0170;cf=cfr(0,0,.017,.955,-.151,.255,.284,.713,-.641,-.085,.684,.724);es="Linear";ed="In";};["Left Arm"]={tm=.0170;cf=cfr(-.91,.92,.165,-.462,.239,.854,.621,-.6,.504,.633,.764,.128);es="Linear";ed="In";};["Right Arm"]={tm=.0170;cf=cfr(.885,-.534,-.651,.986,-.05,.16,.115,-.492,-.863,.122,.869,-.479);es="Linear";ed="In";};["Left Leg"]={tm=.0170;cf=cfr(-.14,.082,-.042,.919,-.229,.321,.196,.972,.133,-.342,-.059,.938);es="Linear";ed="In";};["Right Leg"]={tm=.0170;cf=cfr(.897,.058,-.155,.9,.368,.234,-.414,.889,.194,-.136,-.271,.953);es="Linear";ed="In";};};{tm=.75;["HumanoidRootPart"]={tm=.0170;cf=cfr(0,0,0,1,0,0,0,1,0,0,0,1);es="Linear";ed="In";};["Torso"]={tm=.0170;cf=cfr(-.223,.042,-.05,.948,.296,-.117,-.281,.951,.128,.149,-.089,.985);es="Linear";ed="In";};["Head"]={tm=.0170;cf=cfr(0,0,.017,.946,-.171,.276,.313,.701,-.64,-.084,.692,.717);es="Linear";ed="In";};["Left Arm"]={tm=.0170;cf=cfr(-.902,.927,.166,-.472,.233,.85,.628,-.588,.51,.618,.775,.131);es="Linear";ed="In";};["Right Arm"]={tm=.0170;cf=cfr(.899,-.53,-.636,.989,-.06,.133,.088,-.477,-.874,.116,.877,-.466);es="Linear";ed="In";};["Left Leg"]={tm=.0170;cf=cfr(-.127,.084,-.047,.906,-.242,.347,.207,.969,.137,-.37,-.053,.928);es="Linear";ed="In";};["Right Leg"]={tm=.0170;cf=cfr(.905,.06,-.177,.897,.356,.263,-.411,.891,.195,-.165,-.283,.945);es="Linear";ed="In";};};{tm=.767;["HumanoidRootPart"]={tm=.0160;cf=cfr(0,0,0,1,0,0,0,1,0,0,0,1);es="Linear";ed="In";};["Torso"]={tm=.0160;cf=cfr(-.224,.043,-.047,.94,.319,-.119,-.304,.944,.131,.154,-.087,.984);es="Linear";ed="In";};["Head"]={tm=.0160;cf=cfr(0,0,.017,.938,-.187,.293,.338,.691,-.639,-.084,.698,.711);es="Linear";ed="In";};["Left Arm"]={tm=.0160;cf=cfr(-.896,.931,.166,-.481,.229,.846,.635,-.575,.517,.605,.786,.132);es="Linear";ed="In";};["Right Arm"]={tm=.0160;cf=cfr(.911,-.527,-.62,.992,-.069,.109,.066,-.46,-.886,.112,.885,-.451);es="Linear";ed="In";};["Left Leg"]={tm=.0160;cf=cfr(-.117,.086,-.052,.895,-.252,.368,.214,.967,.141,-.392,-.047,.919);es="Linear";ed="In";};["Right Leg"]={tm=.0160;cf=cfr(.911,.063,-.195,.894,.345,.286,-.407,.892,.197,-.188,-.292,.938);es="Linear";ed="In";};};{tm=.783;["HumanoidRootPart"]={tm=.0170;cf=cfr(0,0,0,1,0,0,0,1,0,0,0,1);es="Linear";ed="In";};["Torso"]={tm=.0170;cf=cfr(-.225,.043,-.045,.934,.337,-.12,-.322,.937,.132,.157,-.085,.984);es="Linear";ed="In";};["Head"]={tm=.0170;cf=cfr(0,0,.017,.931,-.2,.307,.357,.684,-.637,-.082,.702,.707);es="Linear";ed="In";};["Left Arm"]={tm=.0170;cf=cfr(-.893,.934,.166,-.489,.228,.842,.64,-.562,.524,.592,.795,.129);es="Linear";ed="In";};["Right Arm"]={tm=.0170;cf=cfr(.924,-.523,-.602,.993,-.077,.089,.047,-.441,-.896,.108,.894,-.434);es="Linear";ed="In";};["Left Leg"]={tm=.0170;cf=cfr(-.109,.088,-.056,.886,-.258,.385,.218,.965,.144,-.409,-.044,.912);es="Linear";ed="In";};["Right Leg"]={tm=.0170;cf=cfr(.916,.066,-.21,.892,.335,.305,-.403,.894,.198,-.206,-.299,.932);es="Linear";ed="In";};};{tm=.8;["HumanoidRootPart"]={tm=.0169;cf=cfr(0,0,0,1,0,0,0,1,0,0,0,1);es="Linear";ed="In";};["Torso"]={tm=.0169;cf=cfr(-.226,.042,-.044,.929,.351,-.12,-.335,.933,.132,.159,-.082,.984);es="Linear";ed="In";};["Head"]={tm=.0169;cf=cfr(0,0,.017,.925,-.21,.316,.371,.678,-.634,-.081,.704,.706);es="Linear";ed="In";};["Left Arm"]={tm=.0169;cf=cfr(-.893,.935,.166,-.496,.229,.838,.646,-.548,.532,.581,.805,.124);es="Linear";ed="In";};["Right Arm"]={tm=.0169;cf=cfr(.935,-.52,-.582,.994,-.083,.072,.031,-.42,-.907,.105,.904,-.415);es="Linear";ed="In";};["Left Leg"]={tm=.0169;cf=cfr(-.103,.089,-.06,.879,-.261,.398,.22,.964,.147,-.422,-.041,.906);es="Linear";ed="In";};["Right Leg"]={tm=.0169;cf=cfr(.919,.069,-.221,.89,.326,.318,-.399,.895,.199,-.22,-.304,.927);es="Linear";ed="In";};};{tm=.817;["HumanoidRootPart"]={tm=.0160;cf=cfr(0,0,0,1,0,0,0,1,0,0,0,1);es="Linear";ed="In";};["Torso"]={tm=.0160;cf=cfr(-.226,.04,-.043,.925,.36,-.121,-.345,.93,.13,.159,-.078,.984);es="Linear";ed="In";};["Head"]={tm=.0160;cf=cfr(0,0,.017,.921,-.219,.322,.381,.675,-.631,-.079,.704,.705);es="Linear";ed="In";};["Left Arm"]={tm=.0160;cf=cfr(-.894,.934,.167,-.501,.232,.834,.651,-.534,.54,.571,.813,.117);es="Linear";ed="In";};["Right Arm"]={tm=.0160;cf=cfr(.946,-.518,-.562,.994,-.088,.058,.018,-.398,-.917,.104,.913,-.394);es="Linear";ed="In";};["Left Leg"]={tm=.0160;cf=cfr(-.098,.09,-.062,.875,-.262,.407,.219,.964,.148,-.431,-.041,.901);es="Linear";ed="In";};["Right Leg"]={tm=.0160;cf=cfr(.921,.073,-.229,.89,.318,.327,-.394,.898,.199,-.23,-.306,.924);es="Linear";ed="In";};};{tm=.833;["HumanoidRootPart"]={tm=.0170;cf=cfr(0,0,0,1,0,0,0,1,0,0,0,1);es="Linear";ed="In";};["Torso"]={tm=.0170;cf=cfr(-.226,.037,-.043,.923,.366,-.121,-.351,.928,.126,.159,-.073,.985);es="Linear";ed="In";};["Head"]={tm=.0170;cf=cfr(0,0,.017,.919,-.225,.325,.388,.674,-.628,-.078,.703,.707);es="Linear";ed="In";};["Left Arm"]={tm=.0170;cf=cfr(-.898,.931,.167,-.506,.237,.829,.655,-.52,.548,.561,.82,.108);es="Linear";ed="In";};["Right Arm"]={tm=.0170;cf=cfr(.955,-.515,-.542,.995,-.092,.047,.009,-.376,-.927,.103,.922,-.373);es="Linear";ed="In";};["Left Leg"]={tm=.0170;cf=cfr(-.095,.09,-.064,.873,-.26,.413,.217,.965,.149,-.437,-.041,.898);es="Linear";ed="In";};["Right Leg"]={tm=.0170;cf=cfr(.923,.077,-.235,.891,.31,.333,-.388,.9,.199,-.237,-.307,.922);es="Linear";ed="In";};};{tm=.85;["HumanoidRootPart"]={tm=.0170;cf=cfr(0,0,0,1,0,0,0,1,0,0,0,1);es="Linear";ed="In";};["Torso"]={tm=.0170;cf=cfr(-.227,.033,-.04