-- // converted using mech's animoduler
local cfr = CFrame.new

return {{tm=0;["HumanoidRootPart"]={tm=.017;cf=cfr(0,0,0,1,0,0,0,1,0,0,0,1);es="Linear";ed="In";};["Torso"]={tm=.017;cf=cfr(-.162,-.103,-.068,.999,-.006,-.043,.003,.998,-.065,.043,.065,.997);es="Linear";ed="In";};["Head"]={tm=.017;cf=cfr(0,0,.017,.999,.002,.041,.003,.992,-.128,-.041,.128,.991);es="Linear";ed="In";};["Left Arm"]={tm=.017;cf=cfr(-.98,.864,.165,-.399,.302,.866,.588,-.64,.494,.704,.706,.078);es="Linear";ed="In";};["Right Arm"]={tm=.017;cf=cfr(.977,-.536,-.164,.995,-.104,.008,-.01,-.177,-.984,.104,.979,-.177);es="Linear";ed="In";};["Left Leg"]={tm=.017;cf=cfr(-.548,.117,.012,.99,-.102,.096,.087,.985,.148,-.109,-.138,.984);es="Linear";ed="In";};["Right Leg"]={tm=.017;cf=cfr(.765,.108,.033,.953,.298,-.051,-.29,.949,.123,.086,-.103,.991);es="Linear";ed="In";};};{tm=.017;["HumanoidRootPart"]={tm=.016;cf=cfr(0,0,0,1,0,0,0,1,0,0,0,1);es="Linear";ed="In";};["Torso"]={tm=.016;cf=cfr(-.162,-.103,-.068,.999,-.006,-.043,.003,.998,-.065,.043,.065,.997);es="Linear";ed="In";};["Head"]={tm=.016;cf=cfr(0,0,.017,.999,.002,.041,.003,.991,-.13,-.041,.13,.991);es="Linear";ed="In";};["Left Arm"]={tm=.016;cf=cfr(-.98,.864,.166,-.399,.303,.866,.59,-.638,.495,.702,.708,.075);es="Linear";ed="In";};["Right Arm"]={tm=.016;cf=cfr(.977,-.536,-.164,.995,-.104,.008,-.01,-.174,-.985,.104,.979,-.174);es="Linear";ed="In";};["Left Leg"]={tm=.016;cf=cfr(-.548,.117,.012,.99,-.102,.096,.087,.985,.148,-.109,-.138,.984);es="Linear";ed="In";};["Right Leg"]={tm=.016;cf=cfr(.765,.108,.033,.953,.298,-.051,-.29,.949,.123,.086,-.103,.991);es="Linear";ed="In";};};{tm=.033;["HumanoidRootPart"]={tm=.017;cf=cfr(0,0,0,1,0,0,0,1,0,0,0,1);es="Linear";ed="In";};["Torso"]={tm=.017;cf=cfr(-.162,-.103,-.068,.999,-.006,-.043,.003,.998,-.065,.043,.065,.997);es="Linear";ed="In";};["Head"]={tm=.017;cf=cfr(0,0,.017,.999,.002,.041,.003,.991,-.133,-.041,.133,.99);es="Linear";ed="In";};["Left Arm"]={tm=.017;cf=cfr(-.98,.864,.166,-.398,.303,.866,.593,-.635,.496,.7,.711,.073);es="Linear";ed="In";};["Right Arm"]={tm=.017;cf=cfr(.977,-.536,-.164,.995,-.104,.007,-.01,-.171,-.985,.104,.98,-.171);es="Linear";ed="In";};["Left Leg"]={tm=.017;cf=cfr(-.548,.117,.012,.99,-.102,.096,.087,.985,.148,-.109,-.138,.984);es="Linear";ed="In";};["Right Leg"]={tm=.017;cf=cfr(.764,.108,.033,.953,.298,-.051,-.29,.949,.123,.086,-.103,.991);es="Linear";ed="In";};};{tm=.05;["HumanoidRootPart"]={tm=.017;cf=cfr(0,0,0,1,0,0,0,1,0,0,0,1);es="Linear";ed="In";};["Torso"]={tm=.017;cf=cfr(-.162,-.103,-.068,.999,-.006,-.043,.003,.998,-.065,.043,.064,.997);es="Linear";ed="In";};["Head"]={tm=.017;cf=cfr(0,0,.017,.999,.002,.041,.003,.991,-.136,-.041,.136,.99);es="Linear";ed="In";};["Left Arm"]={tm=.017;cf=cfr(-.98,.864,.166,-.398,.304,.865,.596,-.632,.496,.698,.713,.071);es="Linear";ed="In";};["Right Arm"]={tm=.017;cf=cfr(.977,-.536,-.164,.995,-.104,.007,-.01,-.168,-.986,.104,.98,-.168);es="Linear";ed="In";};["Left Leg"]={tm=.017;cf=cfr(-.548,.117,.012,.99,-.102,.096,.087,.985,.148,-.109,-.138,.984);es="Linear";ed="In";};["Right Leg"]={tm=.017;cf=cfr(.764,.108,.033,.953,.298,-.051,-.29,.949,.123,.086,-.103,.991);es="Linear";ed="In";};};{tm=.067;["HumanoidRootPart"]={tm=.016;cf=cfr(0,0,0,1,0,0,0,1,0,0,0,1);es="Linear";ed="In";};["Torso"]={tm=.016;cf=cfr(-.162,-.103,-.068,.999,-.006,-.043,.003,.998,-.064,.043,.064,.997);es="Linear";ed="In";};["Head"]={tm=.016;cf=cfr(0,0,.017,.999,.002,.041,.003,.99,-.138,-.041,.138,.99);es="Linear";ed="In";};["Left Arm"]={tm=.016;cf=cfr(-.98,.865,.166,-.398,.305,.865,.598,-.629,.497,.695,.715,.068);es="Linear";ed="In";};["Right Arm"]={tm=.016;cf=cfr(.977,-.536,-.164,.995,-.104,.007,-.01,-.164,-.986,.104,.981,-.165);es="Linear";ed="In";};["Left Leg"]={tm=.016;cf=cfr(-.548,.117,.012,.99,-.102,.096,.087,.985,.148,-.109,-.138,.984);es="Linear";ed="In";};["Right Leg"]={tm=.016;cf=cfr(.764,.108,.033,.953,.298,-.051,-.291,.949,.123,.086,-.103,.991);es="Linear";ed="In";};};{tm=.083;["HumanoidRootPart"]={tm=.017;cf=cfr(0,0,0,1,0,0,0,1,0,0,0,1);es="Linear";ed="In";};["Torso"]={tm=.017;cf=cfr(-.162,-.103,-.068,.999,-.006,-.043,.003,.998,-.064,.043,.064,.997);es="Linear";ed="In";};["Head"]={tm=.017;cf=cfr(0,0,.017,.999,.002,.041,.003,.99,-.141,-.041,.141,.989);es="Linear";ed="In";};["Left Arm"]={tm=.017;cf=cfr(-.98,.865,.166,-.398,.305,.865,.601,-.626,.497,.693,.718,.066);es="Linear";ed="In";};["Right Arm"]={tm=.017;cf=cfr(.977,-.536,-.164,.995,-.104,.006,-.01,-.161,-.987,.104,.981,-.161);es="Linear";ed="In";};["Left Leg"]={tm=.017;cf=cfr(-.548,.117,.012,.99,-.102,.096,.088,.985,.148,-.109,-.138,.984);es="Linear";ed="In";};["Right Leg"]={tm=.017;cf=cfr(.764,.107,.033,.953,.299,-.051,-.291,.949,.123,.086,-.103,.991);es="Linear";ed="In";};};{tm=.1;["HumanoidRootPart"]={tm=.017;cf=cfr(0,0,0,1,0,0,0,1,0,0,0,1);es="Linear";ed="In";};["Torso"]={tm=.017;cf=cfr(-.162,-.103,-.068,.999,-.006,-.043,.003,.998,-.064,.043,.064,.997);es="Linear";ed="In";};["Head"]={tm=.017;cf=cfr(0,0,.017,.999,.002,.041,.003,.99,-.143,-.041,.143,.989);es="Linear";ed="In";};["Left Arm"]={tm=.017;cf=cfr(-.98,.865,.166,-.398,.305,.865,.604,-.622,.498,.69,.721,.063);es="Linear";ed="In";};["Right Arm"]={tm=.017;cf=cfr(.977,-.535,-.164,.995,-.104,.006,-.01,-.158,-.987,.104,.982,-.158);es="Linear";ed="In";};["Left Leg"]={tm=.017;cf=cfr(-.547,.116,.012,.99,-.102,.096,.088,.985,.148,-.109,-.138,.984);es="Linear";ed="In";};["Right Leg"]={tm=.017;cf=cfr(.764,.107,.033,.953,.299,-.051,-.291,.949,.123,.086,-.103,.991);es="Linear";ed="In";};};{tm=.117;["HumanoidRootPart"]={tm=.016;cf=cfr(0,0,0,1,0,0,0,1,0,0,0,1);es="Linear";ed="In";};["Torso"]={tm=.016;cf=cfr(-.162,-.102,-.068,.999,-.006,-.043,.003,.998,-.063,.043,.063,.997);es="Linear";ed="In";};["Head"]={tm=.016;cf=cfr(0,0,.017,.999,.003,.041,.003,.989,-.146,-.041,.146,.989);es="Linear";ed="In";};["Left Arm"]={tm=.016;cf=cfr(-.98,.865,.166,-.398,.306,.865,.607,-.619,.498,.688,.723,.061);es="Linear";ed="In";};["Right Arm"]={tm=.016;cf=cfr(.977,-.535,-.164,.995,-.104,.006,-.01,-.155,-.988,.104,.982,-.155);es="Linear";ed="In";};["Left Leg"]={tm=.016;cf=cfr(-.547,.116,.012,.99,-.103,.096,.088,.985,.148,-.109,-.138,.984);es="Linear";ed="In";};["Right Leg"]={tm=.016;cf=cfr(.764,.107,.033,.953,.299,-.051,-.291,.949,.124,.086,-.103,.991);es="Linear";ed="In";};};{tm=.133;["HumanoidRootPart"]={tm=.0169;cf=cfr(0,0,0,1,0,0,0,1,0,0,0,1);es="Linear";ed="In";};["Torso"]={tm=.0169;cf=cfr(-.162,-.102,-.068,.999,-.006,-.043,.003,.998,-.063,.043,.063,.997);es="Linear";ed="In";};["Head"]={tm=.0169;cf=cfr(0,0,.017,.999,.003,.041,.003,.989,-.148,-.041,.148,.988);es="Linear";ed="In";};["Left Arm"]={tm=.0169;cf=cfr(-.98,.865,.166,-.398,.306,.865,.61,-.616,.498,.685,.726,.058);es="Linear";ed="In";};["Right Arm"]={tm=.0169;cf=cfr(.977,-.535,-.164,.995,-.104,.005,-.01,-.151,-.988,.104,.983,-.152);es="Linear";ed="In";};["Left Leg"]={tm=.0169;cf=cfr(-.546,.116,.012,.99,-.103,.096,.088,.985,.148,-.109,-.138,.984);es="Linear";ed="In";};["Right Leg"]={tm=.0169;cf=cfr(.764,.107,.033,.953,.3,-.051,-.292,.948,.124,.086,-.103,.991);es="Linear";ed="In";};};{tm=.15;["HumanoidRootPart"]={tm=.0170;cf=cfr(0,0,0,1,0,0,0,1,0,0,0,1);es="Linear";ed="In";};["Torso"]={tm=.0170;cf=cfr(-.162,-.102,-.068,.999,-.006,-.043,.003,.998,-.063,.043,.062,.997);es="Linear";ed="In";};["Head"]={tm=.0170;cf=cfr(0,0,.017,.999,.003,.041,.003,.989,-.15,-.041,.15,.988);es="Linear";ed="In";};["Left Arm"]={tm=.0170;cf=cfr(-.98,.865,.166,-.398,.306,.865,.614,-.612,.499,.682,.729,.055);es="Linear";ed="In";};["Right Arm"]={tm=.0170;cf=cfr(.977,-.535,-.164,.995,-.104,.005,-.01,-.148,-.989,.104,.983,-.149);es="Linear";ed="In";};["Left Leg"]={tm=.0170;cf=cfr(-.546,.116,.012,.99,-.103,.095,.088,.985,.148,-.109,-.138,.984);es="Linear";ed="In";};["Right Leg"]={tm=.0170;cf=cfr(.764,.106,.033,.953,.3,-.051,-.292,.948,.124,.086,-.103,.991);es="Linear";ed="In";};};{tm=.167;["HumanoidRootPart"]={tm=.0159;cf=cfr(0,0,0,1,0,0,0,1,0,0,0,1);es="Linear";ed="In";};["Torso"]={tm=.0159;cf=cfr(-.162,-.101,-.068,.999,-.006,-.043,.003,.998,-.062,.043,.062,.997);es="Linear";ed="In";};["Head"]={tm=.0159;cf=cfr(0,0,.017,.999,.003,.041,.003,.988,-.152,-.041,.152,.987);es="Linear";ed="In";};["Left Arm"]={tm=.0159;cf=cfr(-.98,.865,.166,-.397,.306,.865,.617,-.609,.499,.679,.732,.053);es="Linear";ed="In";};["Right Arm"]={tm=.0159;cf=cfr(.977,-.535,-.164,.995,-.104,.005,-.01,-.145,-.989,.104,.984,-.145);es="Linear";ed="In";};["Left Leg"]={tm=.0159;cf=cfr(-.545,.116,.012,.99,-.103,.095,.089,.985,.148,-.109,-.138,.984);es="Linear";ed="In";};["Right Leg"]={tm=.0159;cf=cfr(.764,.106,.033,.952,.301,-.051,-.293,.948,.124,.086,-.103,.991);es="Linear";ed="In";};};{tm=.183;["HumanoidRootPart"]={tm=.0170;cf=cfr(0,0,0,1,0,0,0,1,0,0,0,1);es="Linear";ed="In";};["Torso"]={tm=.0170;cf=cfr(-.162,-.101,-.068,.999,-.006,-.043,.003,.998,-.062,.043,.061,.997);es="Linear";ed="In";};["Head"]={tm=.0170;cf=cfr(0,0,.017,.999,.003,.041,.003,.988,-.155,-.041,.155,.987);es="Linear";ed="In";};["Left Arm"]={tm=.0170;cf=cfr(-.98,.865,.167,-.397,.307,.865,.62,-.605,.499,.676,.735,.05);es="Linear";ed="In";};["Right Arm"]={tm=.0170;cf=cfr(.977,-.535,-.164,.995,-.104,.004,-.01,-.142,-.99,.104,.984,-.142);es="Linear";ed="In";};["Left Leg"]={tm=.0170;cf=cfr(-.545,.115,.012,.99,-.104,.095,.089,.985,.148,-.109,-.138,.984);es="Linear";ed="In";};["Right Leg"]={tm=.0170;cf=cfr(.764,.105,.033,.952,.301,-.051,-.293,.948,.124,.086,-.103,.991);es="Linear";ed="In";};};{tm=.2;["HumanoidRootPart"]={tm=.0169;cf=cfr(0,0,0,1,0,0,0,1,0,0,0,1);es="Linear";ed="In";};["Torso"]={tm=.0169;cf=cfr(-.162,-.1,-.068,.999,-.006,-.043,.003,.998,-.061,.043,.061,.997);es="Linear";ed="In";};["Head"]={tm=.0169;cf=cfr(0,0,.017,.999,.003,.041,.004,.988,-.157,-.041,.157,.987);es="Linear";ed="In";};["Left Arm"]={tm=.0169;cf=cfr(-.98,.865,.167,-.397,.307,.865,.623,-.602,.5,.674,.738,.048);es="Linear";ed="In";};["Right Arm"]={tm=.0169;cf=cfr(.977,-.535,-.164,.995,-.104,.004,-.01,-.139,-.99,.104,.985,-.139);es="Linear";ed="In";};["Left Leg"]={tm=.0169;cf=cfr(-.544,.115,.012,.99,-.104,.095,.089,.985,.148,-.109,-.138,.984);es="Linear";ed="In";};["Right Leg"]={tm=.0169;cf=cfr(.764,.105,.033,.952,.302,-.051,-.294,.948,.124,.086,-.103,.991);es="Linear";ed="In";};};{tm=.217;["HumanoidRootPart"]={tm=.0160;cf=cfr(0,0,0,1,0,0,0,1,0,0,0,1);es="Linear";ed="In";};["Torso"]={tm=.0160;cf=cfr(-.162,-.1,-.068,.999,-.006,-.043,.003,.998,-.06,.043,.06,.997);es="Linear";ed="In";};["Head"]={tm=.0160;cf=cfr(0,0,.017,.999,.003,.041,.004,.987,-.159,-.041,.159,.986);es="Linear";ed="In";};["Left Arm"]={tm=.0160;cf=cfr(-.98,.866,.167,-.397,.307,.865,.627,-.598,.5,.671,.74,.045);es="Linear";ed="In";};["Right Arm"]={tm=.0160;cf=cfr(.977,-.535,-.164,.995,-.104,.004,-.01,-.136,-.991,.104,.985,-.136);es="Linear";ed="In";};["Left Leg"]={tm=.0160;cf=cfr(-.544,.115,.012,.99,-.104,.095,.089,.985,.148,-.109,-.138,.984);es="Linear";ed="In";};["Right Leg"]={tm=.0160;cf=cfr(.764,.104,.033,.952,.302,-.051,-.294,.948,.124,.086,-.103,.991);es="Linear";ed="In";};};{tm=.233;["HumanoidRootPart"]={tm=.0169;cf=cfr(0,0,0,1,0,0,0,1,0,0,0,1);es="Linear";ed="In";};["Torso"]={tm=.0169;cf=cfr(-.162,-.099,-.068,.999,-.006,-.043,.003,.998,-.06,.043,.06,.997);es="Linear";ed="In";};["Head"]={tm=.0169;cf=cfr(0,0,.017,.999,.003,.041,.004,.987,-.161,-.041,.161,.986);es="Linear";ed="In";};["Left Arm"]={tm=.0169;cf=cfr(-.98,.866,.167,-.397,.307,.865,.63,-.594,.5,.668,.743,.043);es="Linear";ed="In";};["Right Arm"]={tm=.0169;cf=cfr(.977,-.535,-.164,.995,-.104,.004,-.01,-.133,-.991,.104,.986,-.133);es="Linear";ed="In";};["Left Leg"]={tm=.0169;cf=cfr(-.543,.115,.012,.99,-.104,.095,.09,.985,.148,-.109,-.138,.984);es="Linear";ed="In";};["Right Leg"]={tm=.0169;cf=cfr(.764,.104,.033,.952,.303,-.051,-.295,.947,.124,.086,-.103,.991);es="Linear";ed="In";};};{tm=.25;["HumanoidRootPart"]={tm=.0170;cf=cfr(0,0,0,1,0,0,0,1,0,0,0,1);es="Linear";ed="In";};["Torso"]={tm=.0170;cf=cfr(-.162,-.099,-.068,.999,-.006,-.043,.003,.998,-.059,.043,.059,.997);es="Linear";ed="In";};["Head"]={tm=.0170;cf=cfr(0,0,.017,.999,.003,.041,.004,.987,-.163,-.041,.163,.986);es="Linear";ed="In";};["Left Arm"]={tm=.0170;cf=cfr(-.98,.866,.167,-.397,.307,.865,.633,-.591,.5,.665,.746,.04);es="Linear";ed="In";};["Right Arm"]={tm=.0170;cf=cfr(.977,-.535,-.164,.995,-.104,.003,-.01,-.13,-.991,.104,.986,-.13);es="Linear";ed="In";};["Left Leg"]={tm=.0170;cf=cfr(-.542,.114,.012,.99,-.105,.095,.09,.985,.148,-.109,-.138,.984);es="Linear";ed="In";};["Right Leg"]={tm=.0170;cf=cfr(.764,.103,.033,.951,.303,-.051,-.296,.947,.124,.086,-.103,.991);es="Linear";ed="In";};};{tm=.267;["HumanoidRootPart"]={tm=.0159;cf=cfr(0,0,0,1,0,0,0,1,0,0,0,1);es="Linear";ed="In";};["Torso"]={tm=.0159;cf=cfr(-.162,-.098,-.068,.999,-.006,-.043,.003,.998,-.058,.043,.058,.997);es="Linear";ed="In";};["Head"]={tm=.0159;cf=cfr(0,0,.017,.999,.003,.041,.004,.986,-.164,-.041,.164,.986);es="Linear";ed="In";};["Left Arm"]={tm=.0159;cf=cfr(-.98,.866,.167,-.397,.307,.865,.636,-.587,.5,.662,.749,.038);es="Linear";ed="In";};["Right Arm"]={tm=.0159;cf=cfr(.977,-.534,-.164,.995,-.104,.003,-.01,-.127,-.992,.104,.986,-.128);es="Linear";ed="In";};["Left Leg"]={tm=.0159;cf=cfr(-.542,.114,.012,.99,-.105,.095,.09,.985,.148,-.109,-.138,.984);es="Linear";ed="In";};["Right Leg"]={tm=.0159;cf=cfr(.764,.103,.033,.951,.304,-.051,-.296,.947,.124,.086,-.103,.991);es="Linear";ed="In";};};{tm=.283;["HumanoidRootPart"]={tm=.0170;cf=cfr(0,0,0,1,0,0,0,1,0,0,0,1);es="Linear";ed="In";};["Torso"]={tm=.0170;cf=cfr(-.162,-.097,-.068,.999,-.006,-.043,.003,.998,-.058,.043,.057,.997);es="Linear";ed="In";};["Head"]={tm=.0170;cf=cfr(0,0,.017,.999,.003,.041,.004,.986,-.166,-.041,.166,.985);es="Linear";ed="In";};["Left Arm"]={tm=.0170;cf=cfr(-.98,.866,.167,-.396,.307,.865,.639,-.584,.5,.659,.751,.035);es="Linear";ed="In";};["Right Arm"]={tm=.0170;cf=cfr(.977,-.534,-.164,.995,-.104,.003,-.01,-.125,-.992,.104,.987,-.125);es="Linear";ed="In";};["Left Leg"]={tm=.0170;cf=cfr(-.541,.114,.012,.99,-.105,.095,.091,.985,.148,-.109,-.138,.984);es="Linear";ed="In";};["Right Leg"]={tm=.0170;cf=cfr(.764,.102,.033,.951,.305,-.05,-.297,.947,.124,.086,-.103,.991);es="Linear";ed="In";};};{tm=.3;["HumanoidRootPart"]={tm=.0170;cf=cfr(0,0,0,1,0,0,0,1,0,0,0,1);es="Linear";ed="In";};["Torso"]={tm=.0170;cf=cfr(-.162,-.097,-.068,.999,-.006,-.043,.003,.998,-.057,.043,.057,.997);es="Linear";ed="In";};["Head"]={tm=.0170;cf=cfr(0,0,.017,.999,.003,.041,.004,.986,-.168,-.041,.168,.985);es="Linear";ed="In";};["Left Arm"]={tm=.0170;cf=cfr(-.98,.866,.167,-.396,.307,.865,.642,-.581,.5,.656,.754,.033);es="Linear";ed="In";};["Right Arm"]={tm=.0170;cf=cfr(.977,-.534,-.164,.995,-.104,.002,-.01,-.122,-.992,.104,.987,-.122);es="Linear";ed="In";};["Left Leg"]={tm=.0170;cf=cfr(-.54,.113,.012,.99,-.106,.095,.091,.985,.148,-.109,-.138,.984);es="Linear";ed="In";};["Right Leg"]={tm=.0170;cf=cfr(.764,.102,.033,.951,.306,-.05,-.298,.947,.124,.086,-.103,.991);es="Linear";ed="In";};};{tm=.317;["HumanoidRootPart"]={tm=.0160;cf=cfr(0,0,0,1,0,0,0,1,0,0,0,1);es="Linear";ed="In";};["Torso"]={tm=.0160;cf=cfr(-.162,-.096,-.068,.999,-.006,-.043,.003,.998,-.056,.043,.056,.998);es="Linear";ed="In";};["Head"]={tm=.0160;cf=cfr(0,0,.017,.999,.003,.041,.004,.985,-.17,-.041,.17,.985);es="Linear";ed="In";};["Left Arm"]={tm=.0160;cf=cfr(-.98,.866,.167,-.396,.307,.865,.645,-.577,.5,.653,.757,.031);es="Linear";ed="In";};["Right Arm"]={tm=.0160;cf=cfr(.977,-.534,-.164,.995,-.104,.002,-.01,-.12,-.993,.104,.987,-.12);es="Linear";ed="In";};["Left Leg"]={tm=.0160;cf=cfr(-.539,.113,.012,.99,-.106,.095,.091,.985,.148,-.109,-.138,.984);es="Linear";ed="In";};["Right Leg"]={tm=.0160;cf=cfr(.764,.101,.033,.951,.306,-.05,-.298,.946,.124,.086,-.103,.991);es="Linear";ed="In";};};{tm=.333;["HumanoidRootPart"]={tm=.0169;cf=cfr(0,0,0,1,0,0,0,1,0,0,0,1);es="Linear";ed="In";};["Torso"]={tm=.0169;cf=cfr(-.162,-.095,-.068,.999,-.005,-.043,.003,.998,-.055,.043,.055,.998);es="Linear";ed="In";};["Head"]={tm=.0169;cf=cfr(0,0,.017,.999,.003,.041,.004,.985,-.171,-.041,.171,.984);es="Linear";ed="In";};["Left Arm"]={tm=.0169;cf=cfr(-.98,.866,.167,-.396,.307,.865,.648,-.574,.5,.651,.759,.029);es="Linear";ed="In";};["Right Arm"]={tm=.0169;cf=cfr(.977,-.534,-.164,.995,-.104,.002,-.01,-.117,-.993,.104,.988,-.118);es="Linear";ed="In";};["Left Leg"]={tm=.0169;cf=cfr(-.538,.113,.012,.99,-.106,.094,.092,.985,.148,-.109,-.138,.984);es="Linear";ed="In";};["Right Leg"]={tm=.0169;cf=cfr(.764,.101,.033,.95,.307,-.05,-.299,.946,.124,.086,-.103,.991);es="Linear";ed="In";};};{tm=.35;["HumanoidRootPart"]={tm=.0170;cf=cfr(0,0,0,1,0,0,0,1,0,0,0,1);es="Linear";ed="In";};["Torso"]={tm=.0170;cf=cfr(-.162,-.095,-.068,.999,-.005,-.043,.003,.999,-.054,.043,.054,.998);es="Linear";ed="In";};["Head"]={tm=.0170;cf=cfr(0,0,.017,.999,.003,.041,.004,.985,-.173,-.041,.173,.984);es="Linear";ed="In";};["Left Arm"]={tm=.0170;cf=cfr(-.98,.866,.168,-.396,.307,.866,.651,-.571,.5,.648,.761,.027);es="Linear";ed="In";};["Right Arm"]={tm=.0170;cf=cfr(.977,-.534,-.164,.995,-.104,.002,-.01,-.115,-.993,.104,.988,-.115);es="Linear";ed="In";};["Left Leg"]={tm=.0170;cf=cfr(-.537,.112,.012,.99,-.107,.094,.092,.985,.148,-.109,-.138,.984);es="Linear";ed="In";};["Right Leg"]={tm=.0170;cf=cfr(.763,.1,.033,.95,.308,-.05,-.3,.946,.124,.086,-.103,.991);es="Linear";ed="In";};};{tm=.367;["HumanoidRootPart"]={tm=.0160;cf=cfr(0,0,0,1,0,0,0,1,0,0,0,1);es="Linear";ed="In";};["Torso"]={tm=.0160;cf=cfr(-.162,-.094,-.068,.999,-.005,-.043,.003,.999,-.054,.043,.053,.998);es="Linear";ed="In";};["Head"]={tm=.0160;cf=cfr(0,0,.017,.999,.003,.041,.004,.985,-.174,-.041,.174,.984);es="Linear";ed="In";};["Left Arm"]={tm=.0160;cf=cfr(-.98,.866,.168,-.396,.307,.866,.653,-.568,.5,.645,.763,.025);es="Linear";ed="In";};["Right Arm"]={tm=.0160;cf=cfr(.977,-.534,-.164,.995,-.104,.001,-.01,-.113,-.994,.104,.988,-.113);es="Linear";ed="In";};["Left Leg"]={tm=.0160;cf=cfr(-.536,.112,.012,.99,-.107,.094,.093,.985,.148,-.109,-.138,.984);es="Linear";ed="In";};["Right Leg"]={tm=.0160;cf=cfr(.763,.099,.033,.95,.309,-.05,-.301,.946,.124,.086,-.103,.991);es="Linear";ed="In";};};{tm=.383;["HumanoidRootPart"]={tm=.0170;cf=cfr(0,0,0,1,0,0,0,1,0,0,0,1);es="Linear";ed="In";};["Torso"]={tm=.0170;cf=cfr(-.162,-.093,-.068,.999,-.005,-.043,.003,.999,-.053,.043,.052,.998);es="Linear";ed="In";};["Head"]={tm=.0170;cf=cfr(0,0,.017,.999,.003,.041,.004,.984,-.176,-.041,.176,.984);es="Linear";ed="In";};["Left Arm"]={tm=.0170;cf=cfr(-.98,.867,.168,-.396,.307,.866,.656,-.566,.5,.643,.765,.023);es="Linear";ed="In";};["Right Arm"]={tm=.0170;cf=cfr(.977,-.534,-.164,.995,-.104,.001,-.01,-.111,-.994,.104,.988,-.111);es="Linear";ed="In";};["Left Leg"]={tm=.0170;cf=cfr(-.535,.111,.011,.99,-.108,.094,.093,.985,.149,-.109,-.138,.984);es="Linear";ed="In";};["Right Leg"]={tm=.0170;cf=cfr(.763,.099,.033,.95,.309,-.05,-.302,.945,.124,.086,-.103,.991);es="Linear";ed="In";};};{tm=.4;["HumanoidRootPart"]={tm=.0169;cf=cfr(0,0,0,1,0,0,0,1,0,0,0,1);es="Linear";ed="In";};["Torso"]={tm=.0169;cf=cfr(-.162,-.093,-.068,.999,-.005,-.043,.003,.999,-.052,.043,.052,.998);es="Linear";ed="In";};["Head"]={tm=.0169;cf=cfr(0,0,.017,.999,.003,.041,.004,.984,-.177,-.041,.177,.983);es="Linear";ed="In";};["Left Arm"]={tm=.0169;cf=cfr(-.98,.867,.168,-.396,.307,.866,.658,-.563,.5,.641,.767,.021);es="Linear";ed="In";};["Right Arm"]={tm=.0169;cf=cfr(.977,-.534,-.164,.995,-.104,.001,-.01,-.109,-.994,.104,.989,-.109);es="Linear";ed="In";};["Left Leg"]={tm=.0169;cf=cfr(-.534,.111,.011,.99,-.108,.094,.093,.984,.149,-.108,-.138,.984);es="Linear";ed="In";};["Right Leg"]={tm=.0169;cf=cfr(.763,.098,.033,.949,.31,-.05,-.302,.945,.124,.086,-.103,.991);es="Linear";ed="In";};};{tm=.417;["HumanoidRootPart"]={tm=.0160;cf=cfr(0,0,0,1,0,0,0,1,0,0,0,1);es="Linear";ed="In";};["Torso"]={tm=.0160;cf=cfr(-.162,-.092,-.068,.999,-.005,-.043,.003,.999,-.051,.043,.051,.998);es="Linear";ed="In";};["Head"]={tm=.0160;cf=cfr(0,0,.017,.999,.003,.041,.004,.984,-.179,-.041,.179,.983);es="Linear";ed="In";};["Left Arm"]={tm=.0160;cf=cfr(-.98,.867,.168,-.395,.307,.866,.66,-.561,.5,.639,.769,.02);es="Linear";ed="In";};["Right Arm"]={tm=.0160;cf=cfr(.977,-.534,-.164,.995,-.104,.001,-.01,-.107,-.994,.104,.989,-.108);es="Linear";ed="In";};["Left Leg"]={tm=.0160;cf=cfr(-.533,.111,.011,.99,-.108,.094,.094,.984,.149,-.108,-.138,.984);es="Linear";ed="In";};["Right Leg"]={tm=.0160;cf=cfr(.763,.097,.033,.949,.311,-.05,-.303,.945,.124,.086,-.103,.991);es="Linear";ed="In";};};{tm=.433;["HumanoidRootPart"]={tm=.0170;cf=cfr(0,0,0,1,0,0,0,1,0,0,0,1);es="Linear";ed="In";};["Torso"]={tm=.0170;cf=cfr(-.162,-.091,-.068,.999,-.005,-.043,.003,.999,-.05,.043,.05,.998);es="Linear";ed="In";};["Head"]={tm=.0170;cf=cfr(0,0,.017,.999,.003,.041,.004,.984,-.18,-.041,.18,.983);es="Linear";ed="In";};["Left Arm"]={tm=.0170;cf=cfr(-.98,.867,.168,-.395,.306,.866,.662,-.559,.5,.637,.771,.018);es="Linear";ed="In";};["Right Arm"]={tm=.0170;cf=cfr(.978,-.534,-.164,.995,-.104,.001,-.01,-.106,-.994,.104,.989,-.106);es="Linear";ed="In";};["Left Leg"]={tm=.0170;cf=cfr(-.532,.11,.011,.99,-.109,.094,.094,.984,.149,-.108,-.138,.984);es="Linear";ed="In";};["Right Leg"]={tm=.0170;cf=cfr(.763,.097,.033,.949,.312,-.05,-.304,.945,.124,.085,-.103,.991);es="Linear";ed="In";};};{tm=.45;["HumanoidRootPart"]={tm=.0170;cf=cfr(0,0,0,1,0,0,0,1,0,0,0,1);es="Linear";ed="In";};["Torso"]={tm=.0170;cf=cfr(-.162,-.09,-.068,.999,-.005,-.043,.003,.999,-.049,.043,.049,.998);es="Linear";ed="In";};["Head"]={tm=.0170;cf=cfr(0,0,.017,.999,.003,.041,.004,.983,-.181,-.041,.181,.983);es="Linear";ed="In";};["Left Arm"]={tm=.0170;cf=cfr(-.98,.867,.168,-.395,.306,.866,.663,-.557,.5,.635,.772,.017);es="Linear";ed="In";};["Right Arm"]={tm=.0170;cf=cfr(.978,-.534,-.164,.995,-.104,.001,-.01,-.104,-.994,.104,.989,-.105);es="Linear";ed="In";};["Left Leg"]={tm=.0170;cf=cfr(-.531,.11,.011,.99,-.109,.093,.095,.984,.149,-.108,-.138,.984);es="Linear";ed="In";};["Right Leg"]={tm=.0170;cf=cfr(.763,.096,.033,.949,.313,-.049,-.305,.944,.124,.085,-.103,.991);es="Linear";ed="In";};};{tm=.467;["HumanoidRootPart"]={tm=.0159;cf=cfr(0,0,0,1,0,0,0,1,0,0,0,1);es="Linear";ed="In";};["Torso"]={tm=.0159;cf=cfr(-.162,-.09,-.067,.999,-.005,-.043,.003,.999,-.048,.043,.048,.998);es="Linear";ed="In";};["Head"]={tm=.0159;cf=cfr(0,0,.017,.999,.003,.041,.004,.983,-.183,-.041,.183,.982);es="Linear";ed="In";};["Left Arm"]={tm=.0159;cf=cfr(-.98,.867,.168,-.395,.306,.866,.665,-.555,.5,.634,.773,.016);es="Linear";ed="In";};["Right Arm"]={tm=.0159;cf=cfr(.978,-.534,-.164,.995,-.104,0,-.01,-.103,-.995,.104,.989,-.104);es="Linear";ed="In";};["Left Leg"]={tm=.0159;cf=cfr(-.53,.11,.011,.99,-.11,.093,.095,.984,.149,-.108,-.138,.984);es="Linear";ed="In";};["Right Leg"]={tm=.0159;cf=cfr(.763,.095,.033,.948,.314,-.049,-.306,.944,.124,.085,-.103,.991);es="Linear";ed="In";};};{tm=.483;["HumanoidRootPart"]={tm=.0170;cf=cfr(0,0,0,1,0,0,0,1,0,0,0,1);es="Linear";ed="In";};["Torso"]={tm=.0170;cf=cfr(-.162,-.089,-.067,.999,-.005,-.043,.003,.999,-.047,.043,.047,.998);es="Linear";ed="In";};["Head"]={tm=.0170;cf=cfr(0,0,.017,.999,.003,.041,.004,.983,-.184,-.041,.184,.982);es="Linear";ed="In";};["Left Arm"]={tm=.0170;cf=cfr(-.98,.867,.168,-.395,.306,.866,.666,-.554,.5,.633,.774,.015);es="Linear";ed="In";};["Right Arm"]={tm=.0170;cf=cfr(.978,-.534,-.164,.995,-.104,0,-.01,-.102,-.995,.104,.989,-.103);es="Linear";ed="In";};["Left Leg"]={tm=.0170;cf=cfr(-.529,.109,.011,.99,-.11,.093,.095,.984,.149,-.108,-.139,.984);es="Linear";ed="In";};["Right Leg"]={tm=.0170;cf=cfr(.763,.095,.033,.948,.315,-.049,-.307,.944,.124,.085,-.103,.991);es="Linear";ed="In";};};{tm=.5;["HumanoidRootPart"]={tm=.0170;cf=cfr(0,0,0,1,0,0,0,1,0,0,0,1);es="Linear";ed="In";};["Torso"]={tm=.0170;cf=cfr(-.162,-.088,-.067,.999,-.005,-.043,.003,.999,-.046,.043,.046,.998);es="Linear";ed="In";};["Head"]={tm=.0170;cf=cfr(0,0,.017,.999,.003,.041,.004,.983,-.185,-.041,.185,.982);es="Linear";ed="In";};["Left Arm"]={tm=.0170;cf=cfr(-.98,.867,.168,-.395,.306,.866,.667,-.553,.5,.632,.775,.014);es="Linear";ed="In";};["Right Arm"]={tm=.0170;cf=cfr(.978,-.534,-.164,.995,-.104,0,-.01,-.102,-.995,.104,.989,-.102);es="Linear";ed="In";};["Left Leg"]={tm=.0170;cf=cfr(-.528,.109,.011,.99,-.111,.093,.096,.984,.149,-.108,-.139,.984);es="Linear";ed="In";};["Right Leg"]={tm=.0170;cf=cfr(.763,.094,.033,.948,.315,-.049,-.308,.943,.124,.085,-.103,.991);es="Linear";ed="In";};};{tm=.517;["HumanoidRootPart"]={tm=.0160;cf=cfr(0,0,0,1,0,0,0,1,0,0,0,1);es="Linear";ed="In";};["Torso"]={tm=.0160;cf=cfr(-.162,-.087,-.067,.999,-.005,-.043,.003,.999,-.045,.043,.045,.998);es="Linear";ed="In";};["Head"]={tm=.0160;cf=cfr(0,0,.017,.999,.003,.041,.004,.983,-.186,-.041,.186,.982);es="Linear";ed="In";};["Left Arm"]={tm=.0160;cf=cfr(-.98,.867,.168,-.395,.306,.866,.668,-.552,.5,.631,.776,.014);es="Linear";ed="In";};["Right Arm"]={tm=.0160;cf=cfr(.978,-.534,-.164,.995,-.104,0,-.01,-.101,-.995,.104,.989,-.102);es="Linear";ed="In";};["Left Leg"]={tm=.0160;cf=cfr(-.527,.108,.011,.989,-.111,.093,.096,.984,.149,-.108,-.139,.984);es="Linear";ed="In";};["Right Leg"]={tm=.0160;cf=cfr(.762,.093,.034,.947,.316,-.049,-.308,.943,.124,.085,-.103,.991);es="Linear";ed="In";};};{tm=.533;["HumanoidRootPart"]={tm=.0170;cf=cfr(0,0,0,1,0,0,0,1,0,0,0,1);es="Linear";ed="In";};["Torso"]={tm=.0170;cf=cfr(-.162,-.087,-.067,.999,-.005,-.043,.003,.999,-.044,.043,.044,.998);es="Linear";ed="In";};["Head"]={tm=.0170;cf=cfr(0,0,.017,.999,.003,.041,.004,.982,-.187,-.041,.187,.982);es="Linear";ed="In";};["Left Arm"]={tm=.0170;cf=cfr(-.98,.867,.168,-.395,.306,.866,.668,-.551,.5,.631,.776,.013);es="Linear";ed="In";};["Right Arm"]={tm=.0170;cf=cfr(.978,-.534,-.164,.995,-.104,0,-.01,-.101,-.995,.104,.989,-.101);es="Linear";ed="In";};["Left Leg"]={tm=.0170;cf=cfr(-.526,.108,.011,.989,-.111,.093,.097,.984,.149,-.108,-.139,.984);es="Linear";ed="In";};["Right Leg"]={tm=.0170;cf=cfr(.762,.092,.034,.947,.317,-.049,-.309,.943,.124,.085,-.103,.991);es="Linear";ed="In";};};{tm=.55;["HumanoidRootPart"]={tm=.0169;cf=cfr(0,0,0,1,0,0,0,1,0,0,0,1);es="Linear";ed="In";};["Torso"]={tm=.0169;cf=cfr(-.162,-.086,-.067,.999,-.005,-.043,.003,.999,-.043,.043,.043,.998);es="Linear";ed="In";};["Head"]={tm=.0169;cf=cfr(0,0,.017,.999,.003,.041,.004,.982,-.188,-.041,.188,.981);es="Linear";ed="In";};["Left Arm"]={tm=.0169;cf=cfr(-.98,.867,.168,-.395,.306,.866,.668,-.551,.5,.63,.776,.013);es="Linear";ed="In";};["Right Arm"]={tm=.0169;cf=cfr(.978,-.534,-.164,.995,-.104,0,-.01,-.101,-.995,.104,.989,-.101);es="Linear";ed="In";};["Left Leg"]={tm=.0169;cf=cfr(-.525,.108,.011,.989,-.112,.093,.097,.984,.149,-.108,-.139,.984);es="Linear";ed="In";};["Right Leg"]={tm=.0169;cf=cfr(.762,.092,.034,.947,.318,-.049,-.31,.943,.124,.085,-.103,.991);es="Linear";ed="In";};};{tm=.567;["HumanoidRootPart"]={tm=.0160;cf=cfr(0,0,0,1,0,0,0,1,0,0,0,1);es="Linear";ed="In";};["Torso"]={tm=.0160;cf=cfr(-.162,-.085,-.067,.999,-.005,-.043,.003,.999,-.043,.043,.042,.998);es="Linear";ed="In";};["Head"]={tm=.0160;cf=cfr(0,0,.017,.999,.003,.041,.004,.982,-.189,-.041,.189,.981);es="Linear";ed="In";};["Left Arm"]={tm=.0160;cf=cfr(-.98,.867,.168,-.395,.306,.866,.668,-.551,.499,.63,.776,.013);es="Linear";ed="In";};["Right Arm"]={tm=.0160;cf=cfr(.978,-.534,-.164,.995,-.104,0,-.01,-.101,-.995,.104,.989,-.101);es="Linear";ed="In";};["Left Leg"]={tm=.0160;cf=cfr(-.524,.107,.011,.989,-.112,.092,.098,.984,.149,-.108,-.139,.984);es="Linear";ed="In";};["Right Leg"]={tm=.0160;cf=cfr(.762,.091,.034,.947,.319,-.049,-.311,.942,.124,.085,-.103,.991);es="Linear";ed="In";};};{tm=.583;["HumanoidRootPart"]={tm=.0170;cf=cfr(0,0,0,1,0,0,0,1,0,0,0,1);es="Linear";ed="In";};["Torso"]={tm=.0170;cf=cfr(-.162,-.084,-.067,.999,-.005,-.043,.003,.999,-.042,.043,.041,.998);es="Linear";ed="In";};["Head"]={tm=.0170;cf=cfr(0,0,.017,.999,.003,.041,.004,.982,-.189,-.041,.189,.981);es="Linear";ed="In";};["Left Arm"]={tm=.0170;cf=cfr(-.98,.867,.168,-.395,.306,.866,.668,-.552,.499,.631,.776,.014);es="Linear";ed="In";};["Right Arm"]={tm=.0170;cf=cfr(.978,-.534,-.164,.995,-.104,0,-.01,-.101,-.995,.104,.989,-.102);es="Linear";ed="In";};["Left Leg"]={tm=.0170;cf=cfr(-.523,.107,.011,.989,-.112,.092,.098,.984,.149,-.108,-.139,.984);es="Linear";ed="In";};["Right Leg"]={tm=.0170;cf=cfr(.762,.09,.034,.946,.32,-.048,-.312,.942,.124,.085,-.103,.991);es="Linear";ed="In";};};{tm=.6;["HumanoidRootPart"]={tm=.0170;cf=cfr(0,0,0,1,0,0,0,1,0,0,0,1);es="Linear";ed="In";};["Torso"]={tm=.0170;cf=cfr(-.162,-.084,-.067,.999,-.005,-.043,.003,.999,-.041,.043,.041,.998);es="Linear";ed="In";};["Head"]={tm=.0170;cf=cfr(0,0,.017,.999,.003,.041,.004,.982,-.189,-.041,.189,.981);es="Linear";ed="In";};["Left Arm"]={tm=.0170;cf=cfr(-.98,.867,.168,-.395,.305,.866,.668,-.552,.499,.631,.776,.014);es="Linear";ed="In";};["Right Arm"]={tm=.0170;cf=cfr(.978,-.534,-.164,.995,-.104,0,-.01,-.102,-.995,.104,.989,-.102);es="Linear";ed="In";};["Left Leg"]={tm=.0170;cf=cfr(-.522,.106,.011,.989,-.113,.092,.098,.984,.149,-.108,-.139,.984);es="Linear";ed="In";};["Right Leg"]={tm=.0170;cf=cfr(.762,.09,.034,.946,.32,-.048,-.313,.942,.125,.085,-.103,.991);es="Linear";ed="In";};};{tm=.617;["HumanoidRootPart"]={tm=.0160;cf=cfr(0,0,0,1,0,0,0,1,0,0,0,1);es="Linear";ed="In";};["Torso"]={tm=.0160;cf=cfr(-.162,-.083,-.067,.999,-.005,-.043,.003,.999,-.04,.043,.04,.998);es="Linear";ed="In";};["Head"]={tm=.0160;cf=cfr(0,0,.017,.999,.003,.041,.004,.982,-.189,-.041,.189,.981);es="Linear";ed="In";};["Left Arm"]={tm=.0160;cf=cfr(-.98,.867,.168,-.395,.305,.867,.667,-.553,.499,.631,.775,.015);es="Linear";ed="In";};["Right Arm"]={tm=.0160;cf=cfr(.978,-.534,-.164,.995,-.104,0,-.01,-.103,-.995,.104,.989,-.103);es="Linear";ed="In";};["Left Leg"]={tm=.0160;cf=cfr(-.521,.106,.01,.989,-.113,.092,.099,.984,.15,-.108,-.139,.984);es="Linear";ed="In";};["Right Leg"]={tm=.0160;cf=cfr(.762,.089,.034,.946,.321,-.048,-.313,.941,.125,.085,-.103,.991);es="Linear";ed="In";};};{tm=.633;["HumanoidRootPart"]={tm=.0170;cf=cfr(0,0,0,1,0,0,0,1,0,0,0,1);es="Linear";ed="In";};["Torso"]={tm=.0170;cf=cfr(-.162,-.082,-.067,.999,-.005,-.043,.003,.999,-.039,.043,.039,.998);es="Linear";ed="In";};["Head"]={tm=.0170;cf=cfr(0,0,.017,.999,.003,.041,.004,.982,-.189,-.041,.189,.981);es="Linear";ed="In";};["Left Arm"]={tm=.0170;cf=cfr(-.98,.867,.168,-.395,.304,.867,.667,-.554,.498,.632,.775,.016);es="Linear";ed="In";};["Right Arm"]={tm=.0170;cf=cfr(.978,-.534,-.164,.995,-.104,0,-.01,-.104,-.995,.104,.989,-.105);es="Linear";ed="In";};["Left Leg"]={tm=.0170;cf=cfr(-.52,.106,.01,.989,-.114,.092,.099,.984,.15,-.107,-.139,.984);es="Linear";ed="In";};["Right Leg"]={tm=.0170;cf=cfr(.762,.088,.034,.945,.322,-.048,-.314,.941,.125,.085,-.103,.991);es="Linear";ed="In";};};{tm=.65;["HumanoidRootPart"]={tm=.0170;cf=cfr(0,0,0,1,0,0,0,1,0,0,0,1);es="Linear";ed="In";};["Torso"]={tm=.0170;cf=cfr(-.162,-.081,-.067,.999,-.005,-.043,.003,.999,-.038,.043,.038,.998);es="Linear";ed="In";};["Head"]={tm=.0170;cf=cfr(0,0,.017,.999,.003,.041,.004,.982,-.189,-.041,.189,.981);es="Linear";ed="In";};["Left Arm"]={tm=.0170;cf=cfr(-.98,.867,.168,-.395,.304,.867,.666,-.555,.498,.633,.774,.017);es="Linear";ed="In";};["Right Arm"]={tm=.0170;cf=cfr(.978,-.534,-.164,.995,-.104,.001,-.01,-.106,-.994,.104,.989,-.106);es="Linear";ed="In";};["Left Leg"]={tm=.0170;cf=cfr(-.519,.105,.01,.989,-.114,.092,.099,.984,.15,-.107,-.139,.984);es="Linear";ed="In";};["Right Leg"]={tm=.0170;cf=cfr(.761,.088,.034,.945,.323,-.048,-.315,.941,.125,.085,-.103,.991);es="Linear";ed="In";};};{tm=.667;["HumanoidRootPart"]={tm=.0160;cf=cfr(0,0,0,1,0,0,0,1,0,0,0,1);es="Linear";ed="In";};["Torso"]={tm=.0160;cf=cfr(-.162,-.081,-.067,.999,-.005,-.043,.003,.999,-.037,.043,.037,.998);es="Linear";ed="In";};["Head"]={tm=.0160;cf=cfr(0,0,.017,.999,.003,.041,.004,.982,-.188,-.041,.188,.981);es="Linear";ed="In";};["Left Arm"]={tm=.0160;cf=cfr(-.98,.867,.168,-.395,.303,.867,.665,-.557,.497,.633,.774,.018);es="Linear";ed="In";};["Right Arm"]={tm=.0160;cf=cfr(.977,-.534,-.164,.995,-.104,.001,-.01,-.107,-.994,.104,.989,-.108);es="Linear";ed="In";};["Left Leg"]={tm=.0160;cf=cfr(-.518,.105,.01,.989,-.114,.092,.1,.984,.15,-.107,-.139,.984);es="Linear";ed="In";};["Right Leg"]={tm=.0160;cf=cfr(.761,.087,.034,.945,.324,-.048,-.316,.941,.125,.085,-.103,.991);es="Linear";ed="In";};};{tm=.683;["HumanoidRootPart"]={tm=.0169;cf=cfr(0,0,0,1,0,0,0,1,0,0,0,1);es="Linear";ed="In";};["Torso"]={tm=.0169;cf=cfr(-.162,-.08,-.067,.999,-.005,-.043,.003,.999,-.036,.043,.036,.998);es="Linear";ed="In";};["Head"]={tm=.0169;cf=cfr(0,0,.017,.999,.003,.041,.004,.982,-.187,-.041,.187,.982);es="Linear";ed="In";};["Left Arm"]={tm=.0169;cf=cfr(-.98,.867,.168,-.395,.302,.868,.665,-.558,.497,.634,.773,.02);es="Linear";ed="In";};["Right Arm"]={tm=.0169;cf=cfr(.977,-.534,-.164,.995,-.104,.001,-.01,-.109,-.994,.104,.989,-.11);es="Linear";ed="In";};["Left Leg"]={tm=.0169;cf=cfr(-.517,.105,.01,.989,-.115,.092,.1,.984,.15,-.107,-.139,.984);es="Linear";ed="In";};["Right Leg"]={tm=.0169;cf=cfr(.761,.086,.034,.945,.324,-.048,-.317,.94,.125,.085,-.103,.991);es="Linear";ed="In";};};{tm=.7;["HumanoidRootPart"]={tm=.0170;cf=cfr(0,0,0,1,0,0,0,1,0,0,0,1);es="Linear";ed="In";};["Torso"]={tm=.0170;cf=cfr(-.162,-.079,-.067,.999,-.005,-.043,.003,.999,-.036,.043,.035,.998);es="Linear";ed="In";};["Head"]={tm=.0170;cf=cfr(0,0,.017,.999,.003,.041,.005,.983,-.186,-.041,.186,.982);es="Linear";ed="In";};["Left Arm"]={tm=.0170;cf=cfr(-.98,.867,.168,-.395,.301,.868,.664,-.56,.496,.635,.772,.021);es="Linear";ed="In";};["Right Arm"]={tm=.0170;cf=cfr(.977,-.534,-.164,.995,-.104,.001,-.01,-.111,-.994,.104,.988,-.112);es="Linear";ed="In";};["Left Leg"]={tm=.0170;cf=cfr(-.516,.104,.01,.989,-.115,.091,.1,.984,.15,-.107,-.139,.984);es="Linear";ed="In";};["Right Leg"]={tm=.0170;cf=cfr(.761,.086,.034,.944,.325,-.048,-.317,.94,.125,.085,-.103,.991);es="Linear";ed="In";};};{tm=.717;["HumanoidRootPart"]={tm=.0160;cf=cfr(0,0,0,1,0,0,0,1,0,0,0,1);es="Linear";ed="In";};["Torso"]={tm=.0160;cf=cfr(-.162,-.079,-.067,.999,-.005,-.043,.003,.999,-.035,.043,.035,.998);es="Linear";ed="In";};["Head"]={tm=.0160;cf=cfr(0,0,.017,.999,.003,.041,.005,.983,-.185,-.041,.185,.982);es="Linear";ed="In";};["Left Arm"]={tm=.0160;cf=cfr(-.98,.867,.168,-.395,.3,.868,.663,-.562,.495,.636,.771,.023);es="Linear";ed="In";};["Right Arm"]={tm=.0160;cf=cfr(.977,-.534,-.164,.995,-.104,.001,-.01,-.114,-.993,.104,.988,-.114);es="Linear";ed="In";};["Left Leg"]={tm=.0160;cf=cfr(-.515,.104,.01,.989,-.115,.091,.101,.984,.15,-.107,-.139,.984);es="Linear";ed="In";};["Right Leg"]={tm=.0160;cf=cfr(.761,.085,.034,.944,.326,-.048,-.318,.94,.125,.085,-.103,.991);es="Linear";ed="In";};};{tm=.733;["HumanoidRootPart"]={tm=.0170;cf=cfr(0,0,0,1,0,0,0,1,0,0,0,1);es="Linear";ed="In";};["Torso"]={tm=.0170;cf=cfr(-.162,-.078,-.067,.999,-.005,-.043,.003,.999,-.034,.043,.034,.998);es="Linear";ed="In";};["Head"]={tm=.0170;cf=cfr(0,0,.017,.999,.003,.041,.005,.983,-.183,-.041,.183,.982);es="Linear";ed="In";};["Left Arm"]={tm=.0170;cf=cfr(-.98,.867,.168,-.395,.299,.869,.661,-.564,.495,.638,.77,.025);es="Linear";ed="In";};["Right Arm"]={tm=.0170;cf=cfr(.977,-.534,-.164,.995,-.104,.002,-.01,-.116,-.993,.104,.988,-.117);es="Linear";ed="In";};["Left Leg"]={tm=.0170;cf=cfr(-.514,.104,.01,.989,-.115,.091,.101,.984,.15,-.107,-.139,.984);es="Linear";ed="In";};["Right Leg"]={tm=.0170;cf=cfr(.761,.085,.034,.944,.327,-.048,-.319,.94,.125,.085,-.103,.991);es="Linear";ed="In";};};{tm=.75;["HumanoidRootPart"]={tm=.0170;cf=cfr(0,0,0,1,0,0,0,1,0,0,0,1);es="Linear";ed="In";};["Torso"]={tm=.0170;cf=cfr(-.162,-.078,-.067,.999,-.005,-.043,.003,.999,-.033,.043,.033,.999);es="Linear";ed="In";};["Head"]={tm=.0170;cf=cfr(0,0,.017,.999,.003,.041,.005,.983,-.182,-.041,.182,.983);es="Linear";ed="In";};["Left Arm"]={tm=.0170;cf=cfr(-.981,.867,.168,-.395,.298,.869,.66,-.566,.494,.639,.769,.027);es="Linear";ed="In";};["Right Arm"]={tm=.0170;cf=cfr(.977,-.534,-.164,.995,-.104,.002,-.01,-.119,-.993,.104,.987,-.119);es="Linear";ed="In";};["Left Leg"]={tm=.0170;cf=cfr(-.513,.104,.01,.989,-.116,.091,.101,.983,.15,-.107,-.139,.984);es="Linear";ed="In";};["Right Leg"]={tm=.0170;cf=cfr(.761,.084,.034,.944,.327,-.047,-.319,.939,.125,.085,-.103,.991);es="Linear";ed="In";};};{tm=.767;["HumanoidRootPart"]={tm=.0160;cf=cfr(0,0,0,1,0,0,0,1,0,0,0,1);es="Linear";ed="In";};["Torso"]={tm=.0160;cf=cfr(-.162,-.077,-.067,.999,-.005,-.043,.003,.999,-.033,.043,.033,.999);es="Linear";ed="In";};["Head"]={tm=.0160;cf=cfr(0,0,.017,.999,.003,.041,.005,.984,-.18,-.041,.18,.983);es="Linear";ed="In";};["Left Arm"]={tm=.0160;cf=cfr(-.981,.867,.168,-.395,.296,.87,.659,-.568,.493,.64,.768,.029);es="Linear";ed="In";};["Right Arm"]={tm=.0160;cf=cfr(.977,-.534,-.164,.995,-.104,.002,-.01,-.122,-.993,.104,.987,-.122);es="Linear";ed="In";};["Left Leg"]={tm=.0160;cf=cfr(-.512,.103,.01,.989,-.116,.091,.101,.983,.15,-.107,-.139,.984);es="Linear";ed="In";};["Right Leg"]={tm=.0160;cf=cfr(.761,.084,.034,.944,.328,-.047,-.32,.939,.125,.085,-.103,.991);es="Linear";ed="In";};};{tm=.783;["HumanoidRootPart"]={tm=.0170;cf=cfr(0,0,0,1,0,0,0,1,0,0,0,1);es="Linear";ed="In";};["Torso"]={tm=.0170;cf=cfr(-.162,-.076,-.067,.999,-.005,-.043,.003,.999,-.032,.043,.032,.999);es="Linear";ed="In";};["Head"]={tm=.0170;cf=cfr(0,0,.017,.999,.003,.041,.005,.984,-.178,-.041,.178,.983);es="Linear";ed="In";};["Left Arm"]={tm=.0170;cf=cfr(-.981,.866,.168,-.395,.295,.87,.658,-.57,.492,.641,.767,.031);es="Linear";ed="In";};["Right Arm"]={tm=.0170;cf=cfr(.977,-.534,-.164,.995,-.104,.003,-.01,-.125,-.992,.104,.987,-.125);es="Linear";ed="In";};["Left Leg"]={tm=.0170;cf=cfr(-.512,.103,.01,.989,-.116,.091,.102,.983,.15,-.107,-.139,.984);es="Linear";ed="In";};["Right Leg"]={tm=.0170;cf=cfr(.761,.083,.034,.943,.328,-.047,-.321,.939,.125,.085,-.103,.991);es="Linear";ed="In";};};{tm=.8;["HumanoidRootPart"]={tm=.0169;cf=cfr(0,0,0,1,0,0,0,1,0,0,0,1);es="Linear";ed="In";};["Torso"]={tm=.0169;cf=cfr(-.162,-.076,-.067,.999,-.004,-.043,.003,.999,-.031,.043,.031,.999);es="Linear";ed="In";};["Head"]={tm=.0169;cf=cfr(0,0,.017,.999,.002,.041,.005,.984,-.176,-.041,.176,.984);es="Linear";ed="In";};["Left Arm"]={tm=.0169;cf=cfr(-.981,.866,.168,-.395,.294,.871,.656,-.573,.491,.643,.765,.034);es="Linear";ed="In";};["Right Arm"]={tm=.0169;cf=cfr(.977,-.534,-.164,.995,-.104,.003,-.01,-.128,-.992,.104,.986,-.128);es="Linear";ed="In";};["Left Leg"]={tm=.0169;cf=cfr(-.511,.103,.01,.989,-.116,.091,.102,.983,.15,-.107,-.139,.984);es="Linear";ed="In";};["Right Leg"]={tm=.0169;cf=cfr(.761,.083,.034,.943,.329,-.047,-.321,.939,.125,.085,-.103,.991);es="Linear";ed="In";};};{tm=.817;["HumanoidRootPart"]={tm=.0160;cf=cfr(0,0,0,1,0,0,0,1,0,0,0,1);es="Linear";ed="In";};["Torso"]={tm=.0160;cf=cfr(-.162,-.075,-.067,.999,-.004,-.043,.003,1,-.031,.043,.031,.999);es="Linear";ed="In";};["Head"]={tm=.0160;cf=cfr(0,0,.017,.999,.002,.041,.005,.985,-.173,-.041,.173,.984);es="Linear";ed="In";};["Left Arm"]={tm=.0160;cf=cfr(-.981,.866,.168,-.395,.292,.871,.655,-.576,.49,.644,.764,.036);es="Linear";ed="In";};["Right Arm"]={tm=.0160;cf=cfr(.977,-.535,-.164,.995,-.104,.003,-.01,-.131,-.991,.104,.986,-.132);es="Linear";ed="In";};["Left Leg"]={tm=.0160;cf=cfr(-.51,.103,.01,.989,-.117,.091,.102,.983,.15,-.107,-.139,.984);es="Linear";ed="In";};["Right Leg"]={tm=.0160;cf=cfr(.76,.082,.034,.943,.329,-.047,-.322,.939,.125,.085,-.103,.991);es="Linear";ed="In";};};{tm=.833;["HumanoidRootPart"]={tm=.0170;cf=cfr(0,0,0,1,0,0,0,1,0,0,0,1);es="Linear";ed="In";};["Torso"]={tm=.0170;cf=cfr(-.162,-.075,-.067,.999,-.004,-.043,.003,1,-.03,.043,.03,.999);es="Linear";ed="In";};["Head"]={tm=.0170;cf=cfr(0,0,.017,.999,.002,.041,.005,.985,-.171,-.041,.171,.984);es="Linear";ed="In";};["Left Arm"]={tm=.0170;cf=cfr(-.981,.866,.168,-.395,.291,.871,.653,-.578,.489,.646,.762,.039);es="Linear";ed="In";};["Right Arm"]={tm=.0170;cf=cfr(.977,-.535,-.164,.995,-.104,.004,-.01,-.135,-.991,.104,.985,-.135);es="Linear";ed="In";};["Left Leg"]={tm=.0170;cf=cfr(-.509,.102,.01,.989,-.117,.091,.102,.983,.15,-.107,-.139,.984);es="Linear";ed="In";};["Right Leg"]={tm=.0170;cf=cfr(.76,.082,.034,.943,.33,-.047,-.322,.938,.125,.085,-.103,.991);es="Linear";ed="In";};};{tm=.85;["HumanoidRootPart"]={tm=.0170;cf=cfr(0,0,0,1,0,0,0,1,0,0,0,1);es="Linear";ed="In";};["Torso"]={tm=.0170;cf=cfr(-.162,-.075,-.067,.999,-.004,-.043,.003,1,-.03,.043,.03,.999);es