-- // converted using mech's animoduler
local cfr = CFrame.new

return {{tm=0;["HumanoidRootPart"]={tm=.017;cf=cfr(0,0,0,1,0,0,0,1,0,0,0,1);es="Linear";ed="In";};["Torso"]={tm=.017;cf=cfr(.018,-.146,-.176,.983,.184,0,-.16,.856,-.492,-.09,.483,.871);es="Linear";ed="In";};["Head"]={tm=.017;cf=cfr(0,0,.017,.981,-.186,-.051,.193,.943,.272,-.002,-.277,.961);es="Linear";ed="In";};["Left Arm"]={tm=.017;cf=cfr(-.611,.003,.125,-.389,.891,-.235,-.826,-.224,.518,.409,.395,.823);es="Linear";ed="In";};["Right Arm"]={tm=.017;cf=cfr(-.526,-.33,.093,.693,.72,.036,-.671,.626,.397,.263,-.3,.917);es="Linear";ed="In";};["Left Leg"]={tm=.017;cf=cfr(.327,-.17,-.056,.938,-.295,.181,.301,.953,-.006,-.171,.06,.983);es="Linear";ed="In";};["Right Leg"]={tm=.017;cf=cfr(.754,.527,-.24,.569,-.808,.153,.811,.582,.057,-.135,.092,.987);es="Linear";ed="In";};};{tm=.017;["HumanoidRootPart"]={tm=.016;cf=cfr(0,0,0,1,0,0,0,1,0,0,0,1);es="Linear";ed="In";};["Torso"]={tm=.016;cf=cfr(.015,-.156,-.19,.982,.19,0,-.166,.855,-.492,-.093,.483,.871);es="Linear";ed="In";};["Head"]={tm=.016;cf=cfr(0,0,.017,.98,-.192,-.053,.199,.942,.271,-.002,-.277,.961);es="Linear";ed="In";};["Left Arm"]={tm=.016;cf=cfr(-.644,.01,.13,-.466,.858,-.217,-.791,-.295,.535,.395,.422,.816);es="Linear";ed="In";};["Right Arm"]={tm=.016;cf=cfr(-.541,-.334,.105,.609,.793,.011,-.734,.558,.388,.302,-.245,.922);es="Linear";ed="In";};["Left Leg"]={tm=.016;cf=cfr(.22,-.192,-.043,.896,-.401,.19,.408,.913,-.001,-.173,.078,.982);es="Linear";ed="In";};["Right Leg"]={tm=.016;cf=cfr(.722,.37,-.193,.422,-.891,.168,.9,.434,.042,-.11,.133,.985);es="Linear";ed="In";};};{tm=.033;["HumanoidRootPart"]={tm=.017;cf=cfr(0,0,0,1,0,0,0,1,0,0,0,1);es="Linear";ed="In";};["Torso"]={tm=.017;cf=cfr(.012,-.161,-.227,.981,.192,0,-.167,.855,-.492,-.094,.483,.871);es="Linear";ed="In";};["Head"]={tm=.017;cf=cfr(0,0,.017,.98,-.194,-.053,.201,.941,.271,-.002,-.277,.961);es="Linear";ed="In";};["Left Arm"]={tm=.017;cf=cfr(-.657,.016,.131,-.511,.834,-.209,-.771,-.338,.539,.379,.437,.816);es="Linear";ed="In";};["Right Arm"]={tm=.017;cf=cfr(-.537,-.33,.118,.542,.841,-.016,-.775,.506,.379,.327,-.193,.925);es="Linear";ed="In";};["Left Leg"]={tm=.017;cf=cfr(.076,-.198,-.027,.828,-.525,.198,.534,.845,.01,-.172,.097,.98);es="Linear";ed="In";};["Right Leg"]={tm=.017;cf=cfr(.657,.211,-.09,.34,-.92,.194,.938,.346,-.004,-.064,.184,.981);es="Linear";ed="In";};};{tm=.05;["HumanoidRootPart"]={tm=.017;cf=cfr(0,0,0,1,0,0,0,1,0,0,0,1);es="Linear";ed="In";};["Torso"]={tm=.017;cf=cfr(.008,-.161,-.279,.982,.19,0,-.165,.855,-.492,-.093,.483,.871);es="Linear";ed="In";};["Head"]={tm=.017;cf=cfr(0,0,.017,.98,-.192,-.053,.199,.942,.271,-.002,-.277,.961);es="Linear";ed="In";};["Left Arm"]={tm=.017;cf=cfr(-.649,.019,.129,-.527,.824,-.209,-.768,-.356,.533,.365,.441,.82);es="Linear";ed="In";};["Right Arm"]={tm=.017;cf=cfr(-.514,-.32,.126,.495,.868,-.045,-.799,.475,.369,.342,-.147,.928);es="Linear";ed="In";};["Left Leg"]={tm=.017;cf=cfr(-.091,-.181,-.01,.733,-.648,.207,.657,.753,.033,-.177,.112,.978);es="Linear";ed="In";};["Right Leg"]={tm=.017;cf=cfr(.57,.092,.013,.308,-.927,.213,.951,.306,-.044,-.024,.216,.976);es="Linear";ed="In";};};{tm=.067;["HumanoidRootPart"]={tm=.016;cf=cfr(0,0,0,1,0,0,0,1,0,0,0,1);es="Linear";ed="In";};["Torso"]={tm=.016;cf=cfr(.005,-.158,-.34,.983,.183,0,-.159,.856,-.492,-.089,.483,.871);es="Linear";ed="In";};["Head"]={tm=.016;cf=cfr(0,0,.017,.981,-.185,-.051,.192,.943,.272,-.002,-.277,.961);es="Linear";ed="In";};["Left Arm"]={tm=.016;cf=cfr(-.618,.014,.124,-.509,.833,-.217,-.784,-.345,.516,.355,.433,.829);es="Linear";ed="In";};["Right Arm"]={tm=.016;cf=cfr(-.475,-.307,.125,.474,.877,-.077,-.808,.468,.357,.349,-.107,.931);es="Linear";ed="In";};["Left Leg"]={tm=.016;cf=cfr(-.264,-.133,.005,.632,-.742,.223,.747,.66,.077,-.204,.118,.972);es="Linear";ed="In";};["Right Leg"]={tm=.016;cf=cfr(.475,.046,.061,.289,-.933,.213,.957,.283,-.057,-.007,.22,.975);es="Linear";ed="In";};};{tm=.083;["HumanoidRootPart"]={tm=.017;cf=cfr(0,0,0,1,0,0,0,1,0,0,0,1);es="Linear";ed="In";};["Torso"]={tm=.017;cf=cfr(.001,-.154,-.4,.985,.171,0,-.149,.858,-.492,-.084,.484,.871);es="Linear";ed="In";};["Head"]={tm=.017;cf=cfr(0,0,.017,.984,-.174,-.048,.18,.945,.272,-.002,-.277,.961);es="Linear";ed="In";};["Left Arm"]={tm=.017;cf=cfr(-.563,-.001,.117,-.449,.863,-.23,-.82,-.297,.489,.354,.408,.842);es="Linear";ed="In";};["Right Arm"]={tm=.017;cf=cfr(-.42,-.292,.109,.487,.867,-.11,-.801,.493,.34,.349,-.077,.934);es="Linear";ed="In";};["Left Leg"]={tm=.017;cf=cfr(-.425,-.042,.01,.548,-.798,.252,.79,.592,.157,-.274,.113,.955);es="Linear";ed="In";};["Right Leg"]={tm=.017;cf=cfr(.39,.109,.051,.309,-.931,.195,.951,.306,-.046,-.017,.2,.98);es="Linear";ed="In";};};{tm=.1;["HumanoidRootPart"]={tm=.017;cf=cfr(0,0,0,1,0,0,0,1,0,0,0,1);es="Linear";ed="In";};["Torso"]={tm=.017;cf=cfr(-.001,-.148,-.453,.988,.154,0,-.134,.86,-.492,-.075,.486,.871);es="Linear";ed="In";};["Head"]={tm=.017;cf=cfr(0,0,.017,.987,-.158,-.043,.163,.948,.273,-.002,-.277,.961);es="Linear";ed="In";};["Left Arm"]={tm=.017;cf=cfr(-.485,-.028,.107,-.331,.911,-.245,-.872,-.197,.448,.36,.362,.86);es="Linear";ed="In";};["Right Arm"]={tm=.017;cf=cfr(-.353,-.277,.078,.538,.831,-.143,-.771,.553,.317,.342,-.06,.938);es="Linear";ed="In";};["Left Leg"]={tm=.017;cf=cfr(-.567,.08,.006,.498,-.822,.276,.793,.561,.238,-.35,.1,.931);es="Linear";ed="In";};["Right Leg"]={tm=.017;cf=cfr(.317,.227,.026,.401,-.9,.169,.915,.402,-.028,-.043,.166,.985);es="Linear";ed="In";};};{tm=.117;["HumanoidRootPart"]={tm=.016;cf=cfr(0,0,0,1,0,0,0,1,0,0,0,1);es="Linear";ed="In";};["Torso"]={tm=.016;cf=cfr(-.003,-.143,-.49,.991,.132,0,-.115,.863,-.492,-.065,.487,.871);es="Linear";ed="In";};["Head"]={tm=.016;cf=cfr(0,0,.017,.99,-.137,-.037,.141,.951,.274,-.002,-.277,.961);es="Linear";ed="In";};["Left Arm"]={tm=.016;cf=cfr(-.388,-.062,.095,-.143,.956,-.256,-.919,-.033,.393,.367,.291,.883);es="Linear";ed="In";};["Right Arm"]={tm=.016;cf=cfr(-.275,-.262,.037,.628,.759,-.17,-.706,.648,.285,.326,-.059,.943);es="Linear";ed="In";};["Left Leg"]={tm=.016;cf=cfr(-.706,.179,.021,.526,-.817,.236,.797,.57,.2,-.298,.083,.951);es="Linear";ed="In";};["Right Leg"]={tm=.016;cf=cfr(.256,.296,-.005,.536,-.833,.138,.842,.54,-.01,-.066,.122,.99);es="Linear";ed="In";};};{tm=.133;["HumanoidRootPart"]={tm=.0169;cf=cfr(0,0,0,1,0,0,0,1,0,0,0,1);es="Linear";ed="In";};["Torso"]={tm=.0169;cf=cfr(-.004,-.14,-.504,.994,.105,0,-.092,.866,-.492,-.051,.489,.871);es="Linear";ed="In";};["Head"]={tm=.0169;cf=cfr(0,0,.017,.993,-.11,-.029,.114,.955,.275,-.002,-.277,.961);es="Linear";ed="In";};["Left Arm"]={tm=.0169;cf=cfr(-.28,-.098,.081,.118,.96,-.252,-.925,.199,.324,.362,.195,.912);es="Linear";ed="In";};["Right Arm"]={tm=.0169;cf=cfr(-.186,-.243,-.004,.753,.633,-.182,-.589,.771,.244,.295,-.077,.952);es="Linear";ed="In";};["Left Leg"]={tm=.0169;cf=cfr(-.817,.285,.034,.606,-.779,.16,.775,.623,.103,-.18,.061,.982);es="Linear";ed="In";};["Right Leg"]={tm=.0169;cf=cfr(.205,.294,-.031,.7,-.707,.103,.71,.704,.005,-.076,.069,.995);es="Linear";ed="In";};};{tm=.15;["HumanoidRootPart"]={tm=.0170;cf=cfr(0,0,0,1,0,0,0,1,0,0,0,1);es="Linear";ed="In";};["Torso"]={tm=.0170;cf=cfr(-.003,-.138,-.494,.997,.071,0,-.062,.869,-.492,-.035,.49,.871);es="Linear";ed="In";};["Head"]={tm=.0170;cf=cfr(0,0,.017,.997,-.078,-.02,.081,.958,.276,-.002,-.277,.961);es="Linear";ed="In";};["Left Arm"]={tm=.0170;cf=cfr(-.169,-.131,.068,.427,.876,-.225,-.843,.476,.252,.328,.082,.941);es="Linear";ed="In";};["Right Arm"]={tm=.0170;cf=cfr(-.09,-.22,-.036,.89,.424,-.169,-.39,.899,.2,.237,-.112,.965);es="Linear";ed="In";};["Left Leg"]={tm=.0170;cf=cfr(-.882,.428,.031,.71,-.698,.095,.697,.715,.043,-.098,.035,.995);es="Linear";ed="In";};["Right Leg"]={tm=.0170;cf=cfr(.156,.271,-.052,.866,-.496,.062,.496,.868,.018,-.063,.015,.998);es="Linear";ed="In";};};{tm=.167;["HumanoidRootPart"]={tm=.0159;cf=cfr(0,0,0,1,0,0,0,1,0,0,0,1);es="Linear";ed="In";};["Torso"]={tm=.0159;cf=cfr(-.002,-.136,-.464,.999,.032,0,-.028,.87,-.492,-.015,.491,.871);es="Linear";ed="In";};["Head"]={tm=.0159;cf=cfr(0,0,.017,.999,-.04,-.009,.041,.96,.276,-.002,-.277,.961);es="Linear";ed="In";};["Left Arm"]={tm=.0159;cf=cfr(-.06,-.16,.057,.721,.671,-.173,-.644,.741,.192,.257,-.027,.966);es="Linear";ed="In";};["Right Arm"]={tm=.0159;cf=cfr(.013,-.192,-.05,.987,.105,-.118,-.084,.982,.166,.133,-.154,.979);es="Linear";ed="In";};["Left Leg"]={tm=.0159;cf=cfr(-.909,.584,.02,.832,-.554,.039,.554,.833,.012,-.039,.011,.999);es="Linear";ed="In";};["Right Leg"]={tm=.0159;cf=cfr(.107,.232,-.071,.97,-.243,.016,.243,.97,.031,-.023,-.026,.999);es="Linear";ed="In";};};{tm=.183;["HumanoidRootPart"]={tm=.0170;cf=cfr(0,0,0,1,0,0,0,1,0,0,0,1);es="Linear";ed="In";};["Torso"]={tm=.0170;cf=cfr(.001,-.136,-.422,1,-.011,0,.009,.871,-.492,.006,.492,.871);es="Linear";ed="In";};["Head"]={tm=.0170;cf=cfr(0,0,.017,1,.001,.003,-.001,.961,.277,-.002,-.277,.961);es="Linear";ed="In";};["Left Arm"]={tm=.0170;cf=cfr(.041,-.179,.049,.922,.371,-.108,-.352,.922,.159,.159,-.109,.981);es="Linear";ed="In";};["Right Arm"]={tm=.0170;cf=cfr(.119,-.162,-.037,.951,-.307,-.031,.308,.935,.177,-.026,-.178,.984);es="Linear";ed="In";};["Left Leg"]={tm=.0170;cf=cfr(-.908,.724,.005,.943,-.333,-.013,.333,.943,-.005,.014,0,1);es="Linear";ed="In";};["Right Leg"]={tm=.0170;cf=cfr(.053,.178,-.088,.999,-.027,-.033,.029,.999,.041,.032,-.042,.999);es="Linear";ed="In";};};{tm=.2;["HumanoidRootPart"]={tm=.0169;cf=cfr(0,0,0,1,0,0,0,1,0,0,0,1);es="Linear";ed="In";};["Torso"]={tm=.0169;cf=cfr(.003,-.135,-.372,.999,-.054,0,.047,.87,-.492,.027,.491,.871);es="Linear";ed="In";};["Head"]={tm=.0169;cf=cfr(0,0,.017,.999,.042,.015,-.045,.96,.276,-.002,-.277,.961);es="Linear";ed="In";};["Left Arm"]={tm=.0169;cf=cfr(.131,-.187,.046,.998,.045,-.052,-.036,.987,.156,.058,-.154,.986);es="Linear";ed="In";};["Right Arm"]={tm=.0169;cf=cfr(.229,-.133,-.001,.72,-.692,.051,.662,.707,.249,-.208,-.146,.967);es="Linear";ed="In";};["Left Leg"]={tm=.0169;cf=cfr(-.89,.826,-.01,.996,-.058,-.062,.057,.998,-.015,.063,.012,.998);es="Linear";ed="In";};["Right Leg"]={tm=.0169;cf=cfr(-.012,.113,-.105,.989,.124,-.081,-.12,.992,.05,.086,-.04,.995);es="Linear";ed="In";};};{tm=.217;["HumanoidRootPart"]={tm=.0160;cf=cfr(0,0,0,1,0,0,0,1,0,0,0,1);es="Linear";ed="In";};["Torso"]={tm=.0160;cf=cfr(.006,-.134,-.319,.996,-.095,0,.082,.867,-.492,.047,.489,.871);es="Linear";ed="In";};["Head"]={tm=.0160;cf=cfr(0,0,.017,.996,.081,.026,-.085,.958,.275,-.002,-.277,.961);es="Linear";ed="In";};["Left Arm"]={tm=.0160;cf=cfr(.207,-.185,.055,.971,-.24,-.023,.239,.947,.214,-.029,-.214,.977);es="Linear";ed="In";};["Right Arm"]={tm=.0160;cf=cfr(.337,-.107,.05,.374,-.923,.087,.856,.38,.351,-.357,-.058,.932);es="Linear";ed="In";};["Left Leg"]={tm=.0160;cf=cfr(-.861,.867,-.022,.972,.21,-.107,-.214,.977,-.023,.099,.045,.994);es="Linear";ed="In";};["Right Leg"]={tm=.0160;cf=cfr(-.092,.043,-.122,.968,.219,-.125,-.213,.975,.057,.134,-.029,.991);es="Linear";ed="In";};};{tm=.233;["HumanoidRootPart"]={tm=.0169;cf=cfr(0,0,0,1,0,0,0,1,0,0,0,1);es="Linear";ed="In";};["Torso"]={tm=.0169;cf=cfr(.009,-.133,-.269,.991,-.131,0,.114,.863,-.492,.065,.487,.871);es="Linear";ed="In";};["Head"]={tm=.0169;cf=cfr(0,0,.017,.993,.116,.036,-.122,.954,.274,-.002,-.277,.961);es="Linear";ed="In";};["Left Arm"]={tm=.0169;cf=cfr(.269,-.179,.079,.892,-.45,-.037,.437,.84,.322,-.114,-.304,.946);es="Linear";ed="In";};["Right Arm"]={tm=.0169;cf=cfr(.438,-.082,.106,.048,-.996,.077,.893,.077,.443,-.447,.048,.893);es="Linear";ed="In";};["Left Leg"]={tm=.0169;cf=cfr(-.828,.836,-.03,.893,.427,-.146,-.435,.9,-.03,.119,.09,.989);es="Linear";ed="In";};["Right Leg"]={tm=.0169;cf=cfr(-.186,-.028,-.142,.948,.274,-.163,-.267,.962,.061,.173,-.014,.985);es="Linear";ed="In";};};{tm=.25;["HumanoidRootPart"]={tm=.0170;cf=cfr(0,0,0,1,0,0,0,1,0,0,0,1);es="Linear";ed="In";};["Torso"]={tm=.0170;cf=cfr(.012,-.131,-.227,.987,-.159,0,.139,.86,-.492,.079,.485,.871);es="Linear";ed="In";};["Head"]={tm=.0170;cf=cfr(0,0,.017,.989,.144,.044,-.15,.95,.273,-.002,-.277,.961);es="Linear";ed="In";};["Left Arm"]={tm=.0170;cf=cfr(.315,-.172,.108,.809,-.582,-.079,.556,.715,.424,-.19,-.387,.902);es="Linear";ed="In";};["Right Arm"]={tm=.0170;cf=cfr(.522,-.06,.157,-.194,-.98,.047,.85,-.144,.507,-.49,.138,.861);es="Linear";ed="In";};["Left Leg"]={tm=.0170;cf=cfr(-.79,.751,-.034,.789,.588,-.178,-.602,.798,-.036,.121,.136,.983);es="Linear";ed="In";};["Right Leg"]={tm=.0170;cf=cfr(-.271,-.093,-.161,.932,.308,-.193,-.301,.951,.064,.203,-.002,.979);es="Linear";ed="In";};};{tm=.267;["HumanoidRootPart"]={tm=.0159;cf=cfr(0,0,0,1,0,0,0,1,0,0,0,1);es="Linear";ed="In";};["Torso"]={tm=.0159;cf=cfr(.015,-.128,-.197,.984,-.178,0,.155,.857,-.492,.088,.484,.871);es="Linear";ed="In";};["Head"]={tm=.0159;cf=cfr(0,0,.017,.986,.162,.049,-.169,.947,.272,-.002,-.277,.961);es="Linear";ed="In";};["Left Arm"]={tm=.0159;cf=cfr(.344,-.166,.133,.747,-.654,-.123,.618,.613,.492,-.246,-.443,.862);es="Linear";ed="In";};["Right Arm"]={tm=.0159;cf=cfr(.579,-.044,.194,-.348,-.937,.014,.789,-.285,.545,-.506,.201,.838);es="Linear";ed="In";};["Left Leg"]={tm=.0159;cf=cfr(-.747,.638,-.035,.685,.701,-.2,-.721,.692,-.041,.11,.172,.979);es="Linear";ed="In";};["Right Leg"]={tm=.0159;cf=cfr(-.317,-.146,-.179,.917,.336,-.215,-.329,.942,.069,.225,.007,.974);es="Linear";ed="In";};};{tm=.283;["HumanoidRootPart"]={tm=.0170;cf=cfr(0,0,0,1,0,0,0,1,0,0,0,1);es="Linear";ed="In";};["Torso"]={tm=.0170;cf=cfr(.016,-.124,-.187,.983,-.185,0,.161,.856,-.492,.091,.483,.871);es="Linear";ed="In";};["Head"]={tm=.0170;cf=cfr(0,0,.017,.984,.169,.051,-.176,.946,.272,-.002,-.277,.961);es="Linear";ed="In";};["Left Arm"]={tm=.0170;cf=cfr(.354,-.163,.144,.715,-.684,-.145,.645,.566,.514,-.27,-.461,.845);es="Linear";ed="In";};["Right Arm"]={tm=.0170;cf=cfr(.6,-.039,.208,-.43,-.903,-.009,.744,-.361,.562,-.511,.235,.827);es="Linear";ed="In";};["Left Leg"]={tm=.0170;cf=cfr(-.7,.524,-.034,.598,.774,-.208,-.797,.603,-.043,.092,.191,.977);es="Linear";ed="In";};["Right Leg"]={tm=.0170;cf=cfr(-.296,-.178,-.195,.901,.37,-.228,-.361,.929,.082,.242,.008,.97);es="Linear";ed="In";};};{tm=.3;["HumanoidRootPart"]={tm=.0170;cf=cfr(0,0,0,1,0,0,0,1,0,0,0,1);es="Linear";ed="In";};["Torso"]={tm=.0170;cf=cfr(.017,-.115,-.201,.983,-.182,0,.158,.856,-.492,.09,.483,.871);es="Linear";ed="In";};["Head"]={tm=.0170;cf=cfr(0,0,.017,.985,.166,.05,-.173,.947,.272,-.002,-.277,.961);es="Linear";ed="In";};["Left Arm"]={tm=.0170;cf=cfr(.35,-.171,.142,.7,-.698,-.148,.66,.554,.508,-.272,-.454,.849);es="Linear";ed="In";};["Right Arm"]={tm=.0170;cf=cfr(.598,-.041,.208,-.478,-.878,-.019,.718,-.404,.567,-.506,.257,.823);es="Linear";ed="In";};["Left Leg"]={tm=.0170;cf=cfr(-.65,.43,-.032,.539,.817,-.204,-.839,.543,-.043,.076,.194,.978);es="Linear";ed="In";};["Right Leg"]={tm=.0170;cf=cfr(-.19,-.183,-.208,.876,.42,-.238,-.405,.908,.109,.262,.001,.965);es="Linear";ed="In";};};{tm=.317;["HumanoidRootPart"]={tm=.0160;cf=cfr(0,0,0,1,0,0,0,1,0,0,0,1);es="Linear";ed="In";};["Torso"]={tm=.0160;cf=cfr(.018,-.1,-.238,.985,-.173,0,.151,.858,-.492,.086,.484,.871);es="Linear";ed="In";};["Head"]={tm=.0160;cf=cfr(0,0,.017,.986,.157,.048,-.164,.948,.272,-.002,-.277,.961);es="Linear";ed="In";};["Left Arm"]={tm=.0160;cf=cfr(.338,-.191,.135,.684,-.714,-.15,.677,.544,.495,-.272,-.44,.856);es="Linear";ed="In";};["Right Arm"]={tm=.0160;cf=cfr(.589,-.042,.207,-.522,-.853,-.019,.698,-.439,.566,-.491,.283,.824);es="Linear";ed="In";};["Left Leg"]={tm=.0160;cf=cfr(-.599,.356,-.031,.51,.838,-.194,-.858,.513,-.04,.066,.187,.98);es="Linear";ed="In";};["Right Leg"]={tm=.0160;cf=cfr(-.022,-.158,-.22,.835,.489,-.251,-.465,.872,.152,.293,-.01,.956);es="Linear";ed="In";};};{tm=.333;["HumanoidRootPart"]={tm=.0169;cf=cfr(0,0,0,1,0,0,0,1,0,0,0,1);es="Linear";ed="In";};["Torso"]={tm=.0169;cf=cfr(.019,-.08,-.293,.987,-.159,0,.139,.86,-.492,.079,.485,.871);es="Linear";ed="In";};["Head"]={tm=.0169;cf=cfr(0,0,.017,.989,.144,.044,-.15,.95,.273,-.002,-.277,.961);es="Linear";ed="In";};["Left Arm"]={tm=.0169;cf=cfr(.319,-.216,.125,.665,-.732,-.149,.697,.537,.475,-.267,-.42,.867);es="Linear";ed="In";};["Right Arm"]={tm=.0169;cf=cfr(.572,-.044,.204,-.557,-.83,-.01,.684,-.466,.562,-.471,.307,.827);es="Linear";ed="In";};["Left Leg"]={tm=.0169;cf=cfr(-.546,.3,-.03,.507,.843,-.178,-.86,.51,-.036,.06,.171,.983);es="Linear";ed="In";};["Right Leg"]={tm=.0169;cf=cfr(.179,-.103,-.234,.774,.574,-.267,-.534,.819,.21,.339,-.02,.941);es="Linear";ed="In";};};{tm=.35;["HumanoidRootPart"]={tm=.0170;cf=cfr(0,0,0,1,0,0,0,1,0,0,0,1);es="Linear";ed="In";};["Torso"]={tm=.0170;cf=cfr(.019,-.058,-.358,.99,-.141,0,.123,.862,-.492,.07,.487,.871);es="Linear";ed="In";};["Head"]={tm=.0170;cf=cfr(0,0,.017,.991,.126,.039,-.132,.953,.274,-.002,-.277,.961);es="Linear";ed="In";};["Left Arm"]={tm=.0170;cf=cfr(.291,-.241,.114,.644,-.751,-.145,.72,.532,.445,-.258,-.391,.884);es="Linear";ed="In";};["Right Arm"]={tm=.0170;cf=cfr(.544,-.047,.2,-.582,-.813,.003,.676,-.482,.557,-.452,.326,.83);es="Linear";ed="In";};["Left Leg"]={tm=.0170;cf=cfr(-.489,.259,-.029,.53,.833,-.157,-.846,.533,-.031,.058,.149,.987);es="Linear";ed="In";};["Right Leg"]={tm=.0170;cf=cfr(.385,-.024,-.249,.708,.649,-.28,-.589,.761,.273,.39,-.029,.92);es="Linear";ed="In";};};{tm=.367;["HumanoidRootPart"]={tm=.0160;cf=cfr(0,0,0,1,0,0,0,1,0,0,0,1);es="Linear";ed="In";};["Torso"]={tm=.0160;cf=cfr(.02,-.036,-.426,.993,-.119,0,.104,.865,-.492,.059,.488,.871);es="Linear";ed="In";};["Head"]={tm=.0160;cf=cfr(0,0,.017,.994,.105,.033,-.11,.955,.275,-.002,-.277,.961);es="Linear";ed="In";};["Left Arm"]={tm=.0160;cf=cfr(.255,-.26,.103,.621,-.771,-.137,.746,.529,.405,-.24,-.354,.904);es="Linear";ed="In";};["Right Arm"]={tm=.0160;cf=cfr(.502,-.051,.194,-.592,-.806,.014,.676,-.487,.553,-.439,.337,.833);es="Linear";ed="In";};["Left Leg"]={tm=.0160;cf=cfr(-.429,.229,-.028,.578,.805,-.132,-.814,.58,-.024,.057,.122,.991);es="Linear";ed="In";};["Right Leg"]={tm=.0160;cf=cfr(.571,.07,-.26,.659,.696,-.284,-.617,.717,.324,.429,-.038,.902);es="Linear";ed="In";};};{tm=.383;["HumanoidRootPart"]={tm=.0170;cf=cfr(0,0,0,1,0,0,0,1,0,0,0,1);es="Linear";ed="In";};["Torso"]={tm=.0170;cf=cfr(.02,-.016,-.49,.996,-.094,0,.082,.867,-.492,.047,.489,.871);es="Linear";ed="In";};["Head"]={tm=.0170;cf=cfr(0,0,.017,.996,.081,.026,-.085,.958,.275,-.002,-.277,.961);es="Linear";ed="In";};["Left Arm"]={tm=.0170;cf=cfr(.21,-.267,.093,.597,-.793,-.123,.773,.528,.352,-.214,-.306,.928);es="Linear";ed="In";};["Right Arm"]={tm=.0170;cf=cfr(.446,-.057,.186,-.584,-.812,.02,.684,-.478,.552,-.438,.336,.834);es="Linear";ed="In";};["Left Leg"]={tm=.0170;cf=cfr(-.463,.329,-.037,.707,.699,-.104,-.704,.71,-.018,.061,.086,.994);es="Linear";ed="In";};["Right Leg"]={tm=.0170;cf=cfr(.711,.169,-.262,.641,.718,-.27,-.634,.694,.341,.432,-.047,.9);es="Linear";ed="In";};};{tm=.4;["HumanoidRootPart"]={tm=.0169;cf=cfr(0,0,0,1,0,0,0,1,0,0,0,1);es="Linear";ed="In";};["Torso"]={tm=.0169;cf=cfr(.02,.001,-.545,.998,-.068,0,.059,.869,-.492,.034,.49,.871);es="Linear";ed="In";};["Head"]={tm=.0169;cf=cfr(0,0,.017,.998,.055,.018,-.058,.959,.276,-.002,-.277,.961);es="Linear";ed="In";};["Left Arm"]={tm=.0169;cf=cfr(.157,-.256,.085,.603,-.791,-.1,.778,.557,.29,-.174,-.253,.952);es="Linear";ed="In";};["Right Arm"]={tm=.0169;cf=cfr(.374,-.067,.175,-.536,-.844,.024,.71,-.436,.553,-.456,.314,.833);es="Linear";ed="In";};["Left Leg"]={tm=.0169;cf=cfr(-.596,.518,-.048,.869,.489,-.073,-.491,.871,-.011,.058,.046,.997);es="Linear";ed="In";};["Right Leg"]={tm=.0169;cf=cfr(.779,.269,-.25,.659,.716,-.231,-.646,.696,.313,.385,-.057,.921);es="Linear";ed="In";};};{tm=.417;["HumanoidRootPart"]={tm=.0160;cf=cfr(0,0,0,1,0,0,0,1,0,0,0,1);es="Linear";ed="In";};["Torso"]={tm=.0160;cf=cfr(.02,.013,-.583,.999,-.039,0,.034,.87,-.492,.02,.491,.871);es="Linear";ed="In";};["Head"]={tm=.0160;cf=cfr(0,0,.017,1,.028,.011,-.03,.961,.276,-.002,-.277,.961);es="Linear";ed="In";};["Left Arm"]={tm=.0160;cf=cfr(.098,-.227,.079,.67,-.739,-.072,.733,.643,.222,-.118,-.201,.972);es="Linear";ed="In";};["Right Arm"]={tm=.0160;cf=cfr(.287,-.083,.163,-.425,-.905,.033,.76,-.337,.556,-.492,.261,.831);es="Linear";ed="In";};["Left Leg"]={tm=.0160;cf=cfr(-.629,.529,-.047,.947,.317,-.042,-.318,.948,-.005,.038,.018,.999);es="Linear";ed="In";};["Right Leg"]={tm=.0160;cf=cfr(.802,.361,-.225,.732,.662,-.16,-.626,.746,.227,.269,-.066,.961);es="Linear";ed="In";};};{tm=.433;["HumanoidRootPart"]={tm=.0170;cf=cfr(0,0,0,1,0,0,0,1,0,0,0,1);es="Linear";ed="In";};["Torso"]={tm=.0170;cf=cfr(.02,.017,-.597,1,-.01,0,.009,.871,-.492,.006,.492,.871);es="Linear";ed="In";};["Head"]={tm=.0170;cf=cfr(0,0,.017,1,0,.003,-.001,.961,.277,-.002,-.277,.961);es="Linear";ed="In";};["Left Arm"]={tm=.0170;cf=cfr(.034,-.185,.075,.784,-.618,-.054,.618,.772,.147,-.05,-.149,.988);es="Linear";ed="In";};["Right Arm"]={tm=.0170;cf=cfr(.19,-.104,.149,-.237,-.97,.048,.813,-.171,.557,-.532,.171,.829);es="Linear";ed="In";};["Left Leg"]={tm=.0170;cf=cfr(-.59,.443,-.039,.985,.175,-.011,-.175,.985,-.001,.01,.002,1);es="Linear";ed="In";};["Right Leg"]={tm=.0170;cf=cfr(.811,.461,-.203,.84,.536,-.085,-.523,.841,.138,.145,-.072,.987);es="Linear";ed="In";};};{tm=.45;["HumanoidRootPart"]={tm=.0170;cf=cfr(0,0,0,1,0,0,0,1,0,0,0,1);es="Linear";ed="In";};["Torso"]={tm=.0170;cf=cfr(.02,.013,-.582,1,.018,0,-.016,.871,-.492,-.009,.492,.871);es="Linear";ed="In";};["Head"]={tm=.0170;cf=cfr(0,0,.017,1,-.027,-.005,.028,.961,.276,-.002,-.277,.961);es="Linear";ed="In";};["Left Arm"]={tm=.0170;cf=cfr(-.034,-.137,.073,.914,-.402,-.063,.406,.911,.073,.028,-.093,.995);es="Linear";ed="In";};["Right Arm"]={tm=.0170;cf=cfr(.087,-.127,.133,.034,-.997,.07,.83,.067,.553,-.556,.039,.83);es="Linear";ed="In";};["Left Leg"]={tm=.0170;cf=cfr(-.388,.275,-.031,.993,.12,.02,-.12,.993,.002,-.019,-.004,1);es="Linear";ed="In";};["Right Leg"]={tm=.0170;cf=cfr(.804,.577,-.187,.938,.346,-.027,-.343,.936,.083,.054,-.069,.996);es="Linear";ed="In";};};{tm=.467;["HumanoidRootPart"]={tm=.0159;cf=cfr(0,0,0,1,0,0,0,1,0,0,0,1);es="Linear";ed="In";};["Torso"]={tm=.0159;cf=cfr(.021,.001,-.544,.999,.046,0,-.04,.87,-.492,-.022,.491,.871);es="Linear";ed="In";};["Head"]={tm=.0159;cf=cfr(0,0,.017,.998,-.054,-.013,.055,.959,.276,-.002,-.277,.961);es="Linear";ed="In";};["Left Arm"]={tm=.0159;cf=cfr(-.103,-.09,.073,.99,-.081,-.115,.084,.996,.025,.113,-.034,.993);es="Linear";ed="In";};["Right Arm"]={tm=.0159;cf=cfr(-.016,-.151,.117,.364,-.927,.094,.763,.354,.541,-.534,-.125,.836);es="Linear";ed="In";};["Left Leg"]={tm=.0159;cf=cfr(.054,.108,-.042,.98,.194,.048,-.194,.981,.003,-.047,-.012,.999);es="Linear";ed="In";};["Right Leg"]={tm=.0159;cf=cfr(.786,.691,-.175,.991,.132,.018,-.133,.99,.052,-.011,-.054,.998);es="Linear";ed="In";};};{tm=.483;["HumanoidRootPart"]={tm=.0170;cf=cfr(0,0,0,1,0,0,0,1,0,0,0,1);es="Linear";ed="In";};["Torso"]={tm=.0170;cf=cfr(.021,-.017,-.488,.997,.073,0,-.064,.868,-.492,-.035,.49,.871);es="Linear";ed="In";};["Head"]={tm=.0170;cf=cfr(0,0,.017,.997,-.08,-.02,.082,.958,.276,-.002,-.277,.961);es="Linear";ed="In";};["Left Arm"]={tm=.0170;cf=cfr(-.175,-.053,.074,.934,.299,-.198,-.297,.954,.038,.2,.024,.979);es="Linear";ed="In";};["Right Arm"]={tm=.0170;cf=cfr(-.115,-.177,.102,.683,-.722,.113,.579,.629,.519,-.446,-.288,.848);es="Linear";ed="In";};["Left Leg"]={tm=.0170;cf=cfr(.151,.072,-.048,.992,.1,.075,-.101,.995,.003,-.074,-.01,.997);es="Linear";ed="In";};["Right Leg"]={tm=.0170;cf=cfr(.767,.789,-.166,.996,-.064,.054,.062,.997,.035,-.056,-.032,.998);es="Linear";ed="In";};};{tm=.5;["HumanoidRootPart"]={tm=.0170;cf=cfr(0,0,0,1,0,0,0,1,0,0,0,1);es="Linear";ed="In";};["Torso"]={tm=.0170;cf=cfr(.022,-.038,-.421,.995,.098,0,-.086,.867,-.492,-.048,.489,.871);es="Linear";ed="In";};["Head"]={tm=.0170;cf=cfr(0,0,.017,.994,-.104,-.027,.107,.955,.275,-.002,-.277,.961);es="Linear";ed="In";};["Left Arm"]={tm=.0170;cf=cfr(-.252,-.029,.078,.722,.635,-.276,-.63,.767,.119,.287,.088,.954);es="Linear";ed="In";};["Right Arm"]={tm=.0170;cf=cfr(-.207,-.206,.09,.904,-.41,.122,.304,.817,.49,-.3,-.406,.863);es="Linear";ed="In";};["Left Leg"]={tm=.0170;cf=cfr(.242,.031,-.055,.995,.026,.099,-.026,1,.001,-.099,-.004,.995);es="Linear";ed="In";};["Right Leg"]={tm=.0170;cf=cfr(.751,.856,-.16,.971,-.222,.085,.221,.975,.025,-.088,-.006,.996);es="Linear";ed="In";};};{tm=.517;["HumanoidRootPart"]={tm=.0160;cf=cfr(0,0,0,1,0,0,0,1,0,0,0,1);es="Linear";ed="In";};["Torso"]={tm=.0160;cf=cfr(.022,-.062,-.352,.993,.121,0,-.106,.864,-.492,-.059,.488,.871);es="Linear";ed="In";};["Head"]={tm=.0160;cf=cfr(0,0,.017,.991,-.126,-.034,.13,.953,.274,-.002,-.277,.961);es="Linear";ed="In";};["Left Arm"]={tm=.0160;cf=cfr(-.333,-.017,.087,.424,.849,-.315,-.833,.502,.231,.354,.165,.921);es="Linear";ed="In";};["Right Arm"]={tm=.0160;cf=cfr(-.293,-.237,.082,.991,-.071,.116,.009,.887,.461,-.136,-.456,.88);es="Linear";ed="In";};["Left Leg"]={tm=.0160;cf=cfr(.318,-.014,-.061,.992,-.036,.121,.036,.999,-.001,-.121,.006,.993);es="Linear";ed="In";};["Right Leg"]={tm=.0160;cf=cfr(.744,.878,-.158,.932,-.345,.11,.345,.938,.02,-.111,.019,.994);es="Linear";ed="In";};};{tm=.533;["HumanoidRootPart"]={tm=.0170;cf=cfr(0,0,0,1,0,0,0,1,0,0,0,1);es="Linear";ed="In";};["Torso"]={tm=.0170;cf=cfr(.022,-.087,-.285,.99,.142,0,-.124,.862,-.492,-.069,.487,.871);es="Linear";ed="In";};["Head"]={tm=.0170;cf=cfr(0,0,.017,.989,-.146,-.039,.151,.95,.274,-.002,-.277,.961);es="Linear";ed="In";};["Left Arm"]={tm=.0170;cf=cfr(-.415,-.01,.097,.134,.94,-.315,-.909,.243,.338,.394,.241,.887);es="Linear";ed="In";};["Right Arm"]={tm=.0170;cf=cfr(-.37,-.268,.078,.969,.225,.102,-.247,.865,.438,.011,-.449,.893);es="Linear";ed="In";};["Left Leg"]={tm=.0170;cf=cfr(.372,-.058,-.065,.986,-.092,.14,.094,.996,-.004,-.139,.017,.99);es="Linear";ed="In";};["Right Leg"]={tm=.0170;cf=cfr(.747,.847,-.171,.886,-.446,.13,.447,.894,.021,-.126,.039,.991);es="Linear";ed="In";};};{tm=.55;["HumanoidRootPart"]={tm=.0169;cf=cfr(0,0,0,1,0,0,0,1,0,0,0,1);es="Linear";ed="In";};["Torso"]={tm=.0169;cf=cfr(.021,-.11,-.229,.987,.159,0,-.139,.86,-.492,-.078,.485,.871);es="Linear";ed="In";};["Head"]={tm=.0169;cf=cfr(0,0,.017,.986,-.162,-.044,.168,.947,.273,-.002,-.277,.961);es="Linear";ed="In";};["Left Arm"]={tm=.0169;cf=cfr(-.492,-.006,.108,-.1,.951,-.291,-.906,.035,.423,.412,.306,.858);es="Linear";ed="In";};["Right Arm"]={tm=.0169;cf=cfr(-.437,-.295,.079,.889,.451,.082,-.441,.793,.42,.125,-.409,.904);es="Linear";ed="In";};["Left Leg"]={tm=.0169;cf=cfr(.397,-.101,-.066,.976,-.149,.156,.152,.988,-.006,-.154,.029,.988);es="Linear";ed="In";};["Right Leg"]={tm=.0169;cf=cfr(.754,.771,-.199,.823,-.55,.144,.552,.833,.029,-.136,.055,.989);es="Linear";ed="In";};};{tm=.567;["HumanoidRootPart"]={tm=.0160;cf=cfr(0,0,0,1,0,0,0,1,0,0,0,1);es="Linear";ed="In";};["Torso"]={tm=.0160;cf=cfr(.02,-.131,-.19,.985,.173,0,-.151,.858,-.492,-.085,.484,.871);es="Linear";ed="In";};["Head"]={tm=.0160;cf=cfr(0,0,.017,.983,-.176,-.048,.183,.945,.272,-.002,-.277,.961);es="Linear";ed="In";};["Left Arm"]={tm=.0160;cf=cfr(-.559,-.002,.118,-.271,.927,-.261,-.868,-.118,.482,.416,.357,.837);es="Linear";ed="In";};["Right Arm"]={tm=.0160;cf=cfr(-.49,-.317,.084,.79,.611,.06,-.578,.707,.407,.206,-.356,.911);es="Linear";ed="In";};["Left Leg"]={tm=.0160;cf=cfr(.384,-.139,-.064,.962,-.214,.17,.219,.976,-.007,-.165,.044,.985);es="Linear";ed="In";};["Right Leg"]={tm=.0160;cf=cfr(.759,.661,-.227,.721,-.676,.15,.679,.733,.043,-.14,.071,.988);es="Linear";ed="In";};};{tm=.583;["HumanoidRootPart"]={tm=0;cf=cfr(0,0,0,1,0,0,0,1,0,0,0,1);es="Linear";ed="In";};["Torso"]={tm=0;cf=cfr(.018,-.146,-.176,.983,.184,0,-.16,.856,-.492,-.09,.483,.871);es="Linear";ed="In";};["Head"]={tm=0;cf=cfr(0,0,.017,.981,-.186,-.051,.193,.943,.272,-.002,-.277,.961);es="Linear";ed="In";};["Left Arm"]={tm=0;cf=cfr(-.611,.003,.125,-.389,.891,-.235,-.826,-.224,.518,.409,.395,.823);es="Linear";ed="In";};["Right Arm"]={tm=0;cf=cfr(-.526,-.33,.093,.693,.72,.036,-.671,.626,.397,.263,-.3,.917);es="Linear";ed="In";};["Left Leg"]={tm=0;cf=cfr(.327,-.17,-.056,.938,-.295,.181,.301,.953,-.006,-.171,.06,.983);es="Linear";ed="In";};["Right Leg"]={tm=0;cf=cfr(.754,.527,-.24,.569,-.808,.153,.811,.582,.057,-.135,.092,.987);es="Linear";ed="In";};};}