-- // converted using mech's animoduler
local cfr = CFrame.new

return {{tm=0;["Torso"]={tm=.5;cf=cfr(0,0,-1.175,.5,.866,0,-.731,.422,-.536,-.464,.268,.844);es="Linear";ed="In";};["Left Arm"]={tm=.5;cf=cfr(-.236,-.092,.408,.798,.491,.35,-.491,.191,.85,.35,-.85,.393);es="Linear";ed="In";};["Handle"]={tm=0;cf=cfr(0,0,0,1,0,0,0,1,0,0,0,1);es="Linear";ed="In";};["Chain"]={tm=.017;cf=cfr(0,-.502,0,.452,.168,.876,.884,.045,-.465,-.118,.985,-.128);es="Bounce";ed="Out";};["Base"]={tm=.667;cf=cfr(0,0,0,1,0,0,0,1,0,0,0,1);es="Linear";ed="In";};["HourHand"]={tm=.667;cf=cfr(0,0,0,1,0,0,0,1,0,0,0,1);es="Linear";ed="In";};["MinuteHand"]={tm=.667;cf=cfr(0,0,0,1,0,0,0,1,0,0,0,1);es="Linear";ed="In";};["SecondHand"]={tm=.667;cf=cfr(0,0,0,1,0,0,0,1,0,0,0,1);es="Linear";ed="In";};["Left Leg"]={tm=.5;cf=cfr(.103,1.308,-.179,.461,.363,.81,-.757,.637,.145,-.463,-.68,.569);es="Linear";ed="In";};["Right Arm"]={tm=.017;cf=cfr(-.324,-.091,.306,.999,.001,.042,-.04,.325,.945,-.013,-.946,.325);es="Cubic";ed="Out";};["Handle"]={tm=0;cf=cfr(0,0,0,1,0,0,0,1,0,0,0,1);es="Linear";ed="In";};["h2"]={tm=.5;cf=cfr(0,0,0,1,0,0,0,.259,.966,0,-.966,.259);es="Linear";ed="In";};["h1"]={tm=.5;cf=cfr(0,0,0,1,0,0,0,.5,.866,0,-.866,.5);es="Linear";ed="In";};["h3"]={tm=.5;cf=cfr(0,0,0,1,0,0,0,0,1,0,-1,0);es="Linear";ed="In";};["Head"]={tm=.5;cf=cfr(0,0,0,.494,-.864,-.099,.87,.49,.057,-.001,-.115,.993);es="Linear";ed="In";};["Right Leg"]={tm=.5;cf=cfr(0,0,0,.982,.188,.032,-.188,.926,.326,.032,-.326,.945);es="Linear";ed="In";};};{tm=.017;["Right Arm"]={tm=.016;cf=cfr(-.361,-.083,.288,.998,.046,.042,-.054,.323,.945,.03,-.945,.325);es="Linear";ed="In";};["Chain"]={tm=.016;cf=cfr(0,-.502,0,.456,.162,.875,.882,.05,-.468,-.119,.986,-.12);es="Linear";ed="In";};};{tm=.033;["Right Arm"]={tm=.017;cf=cfr(-.397,-.076,.272,.995,.089,.042,-.068,.32,.945,.07,-.943,.325);es="Linear";ed="In";};["Chain"]={tm=.017;cf=cfr(0,-.502,0,.466,.143,.873,.876,.064,-.478,-.124,.988,-.095);es="Linear";ed="In";};};{tm=.05;["Right Arm"]={tm=.017;cf=cfr(-.429,-.069,.257,.991,.128,.042,-.081,.317,.945,.108,-.94,.325);es="Linear";ed="In";};["Chain"]={tm=.017;cf=cfr(0,-.502,0,.484,.111,.868,.865,.089,-.494,-.132,.99,-.053);es="Linear";ed="In";};};{tm=.067;["Right Arm"]={tm=.016;cf=cfr(-.46,-.063,.242,.986,.164,.042,-.092,.314,.945,.142,-.935,.325);es="Linear";ed="In";};["Chain"]={tm=.016;cf=cfr(0,-.502,0,.509,.068,.858,.849,.125,-.514,-.142,.99,.006);es="Linear";ed="In";};};{tm=.083;["Right Arm"]={tm=.017;cf=cfr(-.488,-.057,.229,.979,.198,.042,-.103,.311,.945,.174,-.93,.325);es="Linear";ed="In";};["Chain"]={tm=.017;cf=cfr(0,-.502,0,.542,.013,.841,.827,.172,-.535,-.151,.985,.082);es="Linear";ed="In";};};{tm=.1;["Right Arm"]={tm=.017;cf=cfr(-.514,-.052,.217,.973,.228,.042,-.113,.307,.945,.203,-.924,.325);es="Linear";ed="In";};["Chain"]={tm=.017;cf=cfr(0,-.502,0,.581,-.051,.812,.798,.231,-.556,-.159,.972,.175);es="Linear";ed="In";};};{tm=.117;["Right Arm"]={tm=.016;cf=cfr(-.538,-.047,.206,.966,.256,.042,-.121,.304,.945,.229,-.918,.325);es="Linear";ed="In";};["Chain"]={tm=.016;cf=cfr(0,-.502,0,.626,-.123,.77,.762,.302,-.572,-.162,.945,.283);es="Linear";ed="In";};};{tm=.133;["Right Arm"]={tm=.0169;cf=cfr(-.559,-.043,.196,.959,.282,.042,-.129,.301,.945,.254,-.911,.325);es="Linear";ed="In";};["Chain"]={tm=.0169;cf=cfr(0,-.502,0,.677,-.198,.709,.719,.385,-.579,-.158,.901,.403);es="Linear";ed="In";};};{tm=.15;["Right Arm"]={tm=.0170;cf=cfr(-.579,-.038,.186,.952,.305,.042,-.137,.298,.945,.276,-.905,.325);es="Linear";ed="In";};["Chain"]={tm=.0170;cf=cfr(0,-.502,0,.731,-.273,.625,.667,.478,-.572,-.143,.835,.531);es="Linear";ed="In";};};{tm=.167;["Right Arm"]={tm=.0159;cf=cfr(-.598,-.035,.178,.945,.326,.042,-.143,.294,.945,.295,-.899,.325);es="Linear";ed="In";};["Chain"]={tm=.0159;cf=cfr(0,-.502,0,.785,-.341,.517,.609,.577,-.544,-.113,.742,.661);es="Linear";ed="In";};};{tm=.183;["Right Arm"]={tm=.0170;cf=cfr(-.614,-.031,.17,.938,.344,.042,-.149,.292,.945,.313,-.892,.325);es="Linear";ed="In";};["Chain"]={tm=.0170;cf=cfr(0,-.502,0,.829,-.388,.402,.554,.665,-.5,-.074,.638,.767);es="Linear";ed="In";};};{tm=.2;["Right Arm"]={tm=.0169;cf=cfr(-.629,-.028,.163,.932,.361,.042,-.154,.289,.945,.329,-.887,.325);es="Linear";ed="In";};["Chain"]={tm=.0169;cf=cfr(0,-.502,0,.806,-.365,.465,.584,.619,-.526,-.096,.696,.712);es="Linear";ed="In";};};{tm=.217;["Right Arm"]={tm=.0160;cf=cfr(-.642,-.026,.157,.926,.376,.042,-.159,.286,.945,.343,-.881,.325);es="Linear";ed="In";};["Chain"]={tm=.0160;cf=cfr(0,-.502,0,.787,-.343,.514,.607,.58,-.543,-.112,.739,.664);es="Linear";ed="In";};};{tm=.233;["Right Arm"]={tm=.0169;cf=cfr(-.654,-.023,.151,.92,.389,.042,-.163,.284,.945,.356,-.876,.325);es="Linear";ed="In";};["Chain"]={tm=.0169;cf=cfr(0,-.502,0,.771,-.324,.548,.625,.551,-.553,-.122,.769,.627);es="Linear";ed="In";};};{tm=.25;["Right Arm"]={tm=.0170;cf=cfr(-.664,-.021,.146,.915,.401,.042,-.166,.282,.945,.367,-.872,.325);es="Linear";ed="In";};["Chain"]={tm=.0170;cf=cfr(0,-.502,0,.761,-.311,.569,.636,.531,-.559,-.128,.788,.602);es="Linear";ed="In";};};{tm=.267;["Right Arm"]={tm=.0159;cf=cfr(-.673,-.019,.142,.911,.411,.042,-.169,.28,.945,.376,-.868,.325);es="Linear";ed="In";};["Chain"]={tm=.0159;cf=cfr(0,-.502,0,.756,-.305,.579,.642,.522,-.562,-.131,.796,.591);es="Linear";ed="In";};};{tm=.283;["Right Arm"]={tm=.0170;cf=cfr(-.681,-.018,.139,.907,.419,.042,-.172,.279,.945,.385,-.864,.325);es="Linear";ed="In";};["Chain"]={tm=.0170;cf=cfr(0,-.502,0,.757,-.306,.578,.641,.524,-.561,-.131,.795,.592);es="Linear";ed="In";};};{tm=.3;["Right Arm"]={tm=.0170;cf=cfr(-.688,-.016,.135,.903,.427,.042,-.174,.277,.945,.392,-.861,.325);es="Linear";ed="In";};["Chain"]={tm=.0170;cf=cfr(0,-.502,0,.763,-.314,.565,.634,.536,-.558,-.127,.784,.608);es="Linear";ed="In";};};{tm=.317;["Right Arm"]={tm=.0160;cf=cfr(-.694,-.015,.133,.901,.433,.042,-.176,.276,.945,.398,-.858,.325);es="Linear";ed="In";};["Chain"]={tm=.0160;cf=cfr(0,-.502,0,.775,-.329,.54,.621,.558,-.551,-.12,.762,.636);es="Linear";ed="In";};};{tm=.333;["Right Arm"]={tm=.0169;cf=cfr(-.698,-.014,.13,.898,.438,.042,-.178,.275,.945,.402,-.856,.325);es="Linear";ed="In";};["Chain"]={tm=.0169;cf=cfr(0,-.502,0,.792,-.348,.502,.601,.59,-.539,-.108,.729,.676);es="Linear";ed="In";};};{tm=.35;["Right Arm"]={tm=.0170;cf=cfr(-.702,-.013,.129,.896,.442,.042,-.179,.274,.945,.406,-.854,.325);es="Linear";ed="In";};["Chain"]={tm=.0170;cf=cfr(0,-.502,0,.812,-.371,.45,.576,.631,-.52,-.091,.681,.726);es="Linear";ed="In";};};{tm=.367;["Right Arm"]={tm=.0160;cf=cfr(-.705,-.013,.127,.894,.446,.042,-.18,.273,.945,.41,-.852,.325);es="Linear";ed="In";};["Chain"]={tm=.0160;cf=cfr(0,-.502,0,.829,-.388,.402,.554,.665,-.5,-.073,.637,.767);es="Linear";ed="In";};};{tm=.383;["Right Arm"]={tm=.0170;cf=cfr(-.708,-.012,.126,.893,.448,.042,-.181,.273,.945,.412,-.851,.325);es="Linear";ed="In";};["Chain"]={tm=.0170;cf=cfr(0,-.502,0,.82,-.379,.429,.566,.646,-.512,-.083,.662,.745);es="Linear";ed="In";};};{tm=.4;["Right Arm"]={tm=.0169;cf=cfr(-.71,-.012,.125,.892,.45,.042,-.182,.272,.945,.414,-.85,.325);es="Linear";ed="In";};["Chain"]={tm=.0169;cf=cfr(0,-.502,0,.815,-.374,.443,.573,.636,-.517,-.088,.675,.733);es="Linear";ed="In";};};{tm=.417;["Right Arm"]={tm=.0160;cf=cfr(-.711,-.011,.125,.891,.452,.042,-.182,.272,.945,.415,-.85,.325);es="Linear";ed="In";};["Chain"]={tm=.0160;cf=cfr(0,-.502,0,.815,-.374,.443,.573,.636,-.517,-.088,.675,.732);es="Linear";ed="In";};};{tm=.433;["Right Arm"]={tm=.0170;cf=cfr(-.712,-.011,.124,.891,.453,.042,-.182,.272,.945,.416,-.849,.325);es="Linear";ed="In";};["Chain"]={tm=.0170;cf=cfr(0,-.502,0,.819,-.378,.431,.567,.645,-.512,-.084,.664,.743);es="Linear";ed="In";};};{tm=.45;["Right Arm"]={tm=.0170;cf=cfr(-.712,-.011,.124,.89,.453,.042,-.183,.272,.945,.417,-.849,.325);es="Linear";ed="In";};["Chain"]={tm=.0170;cf=cfr(0,-.502,0,.828,-.387,.405,.555,.663,-.501,-.075,.64,.765);es="Linear";ed="In";};};{tm=.467;["Right Arm"]={tm=.0159;cf=cfr(-.713,-.011,.124,.89,.453,.042,-.183,.272,.945,.417,-.849,.325);es="Linear";ed="In";};["Chain"]={tm=.0159;cf=cfr(0,-.502,0,.828,-.387,.405,.556,.663,-.501,-.075,.641,.764);es="Linear";ed="In";};};{tm=.483;["Right Arm"]={tm=.0170;cf=cfr(-.713,-.011,.124,.89,.454,.042,-.183,.272,.945,.417,-.849,.325);es="Linear";ed="In";};["Chain"]={tm=.0170;cf=cfr(0,-.502,0,.827,-.387,.407,.556,.662,-.502,-.075,.642,.763);es="Linear";ed="In";};};{tm=.5;["Torso"]={tm=.0170;cf=cfr(0,0,-1.175,.5,.866,0,-.731,.422,-.536,-.464,.268,.844);es="Sextic";ed="In";};["Left Arm"]={tm=.0170;cf=cfr(-.236,-.092,.408,.798,.491,.35,-.491,.191,.85,.35,-.85,.393);es="Sextic";ed="In";};["Handle"]={tm=0;cf=cfr(0,0,0,1,0,0,0,1,0,0,0,1);es="Linear";ed="In";};["Chain"]={tm=.0170;cf=cfr(0,-.502,0,.831,-.39,.396,.551,.67,-.497,-.071,.632,.772);es="Sextic";ed="In";};["Left Leg"]={tm=.0170;cf=cfr(.103,1.308,-.179,.461,.363,.81,-.757,.637,.145,-.463,-.68,.569);es="Sextic";ed="In";};["Right Arm"]={tm=.0170;cf=cfr(-.713,-.011,.124,.89,.454,.042,-.183,.272,.945,.417,-.849,.325);es="Sextic";ed="In";};["Handle"]={tm=0;cf=cfr(0,0,0,1,0,0,0,1,0,0,0,1);es="Linear";ed="In";};["h2"]={tm=.0170;cf=cfr(0,0,0,1,0,0,0,.259,.966,0,-.966,.259);es="Sextic";ed="In";};["h1"]={tm=.0170;cf=cfr(0,0,0,1,0,0,0,.5,.866,0,-.866,.5);es="Sextic";ed="In";};["h3"]={tm=.0170;cf=cfr(0,0,0,1,0,0,0,0,1,0,-1,0);es="Sextic";ed="In";};["Head"]={tm=.0170;cf=cfr(0,0,0,.494,-.864,-.099,.87,.49,.057,-.001,-.115,.993);es="Sextic";ed="In";};["Right Leg"]={tm=.0170;cf=cfr(0,0,0,.982,.188,.032,-.188,.926,.326,.032,-.326,.945);es="Sextic";ed="In";};};{tm=.517;["Torso"]={tm=.0160;cf=cfr(0,0,-1.175,.5,.866,0,-.731,.422,-.536,-.464,.268,.844);es="Linear";ed="In";};["Left Arm"]={tm=.0160;cf=cfr(-.236,-.092,.408,.798,.491,.35,-.491,.191,.85,.35,-.85,.393);es="Linear";ed="In";};["Handle"]={tm=0;cf=cfr(0,0,0,1,0,0,0,1,0,0,0,1);es="Linear";ed="In";};["Chain"]={tm=.0160;cf=cfr(0,-.502,0,.831,-.39,.396,.551,.67,-.497,-.071,.632,.772);es="Linear";ed="In";};["Left Leg"]={tm=.0160;cf=cfr(.103,1.308,-.179,.461,.363,.81,-.757,.637,.145,-.463,-.68,.569);es="Linear";ed="In";};["Right Arm"]={tm=.0160;cf=cfr(-.713,-.011,.124,.89,.454,.042,-.183,.272,.945,.417,-.849,.325);es="Linear";ed="In";};["Handle"]={tm=0;cf=cfr(0,0,0,1,0,0,0,1,0,0,0,1);es="Linear";ed="In";};["h2"]={tm=.0160;cf=cfr(0,0,0,1,0,0,0,.259,.966,0,-.966,.259);es="Linear";ed="In";};["h1"]={tm=.0160;cf=cfr(0,0,0,1,0,0,0,.5,.866,0,-.866,.5);es="Linear";ed="In";};["h3"]={tm=.0160;cf=cfr(0,0,0,1,0,0,0,0,1,0,-1,0);es="Linear";ed="In";};["Head"]={tm=.0160;cf=cfr(0,0,0,.494,-.864,-.099,.87,.49,.057,-.001,-.115,.993);es="Linear";ed="In";};["Right Leg"]={tm=.0160;cf=cfr(0,0,0,.982,.188,.032,-.188,.926,.326,.032,-.326,.945);es="Linear";ed="In";};};{tm=.533;["Torso"]={tm=.0170;cf=cfr(0,0,-1.175,.5,.866,0,-.731,.422,-.536,-.464,.268,.844);es="Linear";ed="In";};["Left Arm"]={tm=.0170;cf=cfr(-.236,-.092,.408,.798,.491,.35,-.491,.191,.85,.35,-.85,.393);es="Linear";ed="In";};["Handle"]={tm=0;cf=cfr(0,0,0,1,0,0,0,1,0,0,0,1);es="Linear";ed="In";};["Chain"]={tm=.0170;cf=cfr(0,-.502,0,.831,-.39,.396,.551,.67,-.497,-.071,.632,.772);es="Linear";ed="In";};["Left Leg"]={tm=.0170;cf=cfr(.103,1.308,-.179,.461,.363,.81,-.757,.637,.145,-.463,-.68,.569);es="Linear";ed="In";};["Right Arm"]={tm=.0170;cf=cfr(-.712,-.011,.124,.89,.453,.042,-.183,.272,.945,.417,-.849,.325);es="Linear";ed="In";};["Handle"]={tm=0;cf=cfr(0,0,0,1,0,0,0,1,0,0,0,1);es="Linear";ed="In";};["h2"]={tm=.0170;cf=cfr(0,0,0,1,0,0,0,.259,.966,0,-.966,.259);es="Linear";ed="In";};["h1"]={tm=.0170;cf=cfr(0,0,0,1,0,0,0,.5,.866,0,-.866,.5);es="Linear";ed="In";};["h3"]={tm=.0170;cf=cfr(0,0,0,1,0,0,0,0,1,0,-1,0);es="Linear";ed="In";};["Head"]={tm=.0170;cf=cfr(0,0,0,.494,-.864,-.099,.87,.491,.057,-.001,-.115,.993);es="Linear";ed="In";};["Right Leg"]={tm=.0170;cf=cfr(0,0,0,.982,.188,.032,-.188,.926,.326,.032,-.326,.945);es="Linear";ed="In";};};{tm=.55;["Torso"]={tm=.0169;cf=cfr(0,-.001,-1.174,.501,.866,0,-.731,.422,-.536,-.464,.269,.844);es="Linear";ed="In";};["Left Arm"]={tm=.0169;cf=cfr(-.236,-.092,.408,.798,.49,.35,-.491,.192,.85,.35,-.85,.394);es="Linear";ed="In";};["Handle"]={tm=0;cf=cfr(0,0,0,1,0,0,0,1,0,0,0,1);es="Linear";ed="In";};["Chain"]={tm=.0169;cf=cfr(0,-.502,0,.831,-.391,.396,.552,.669,-.498,-.07,.633,.771);es="Linear";ed="In";};["Left Leg"]={tm=.0169;cf=cfr(.103,1.307,-.179,.461,.363,.809,-.757,.638,.145,-.463,-.679,.569);es="Linear";ed="In";};["Right Arm"]={tm=.0169;cf=cfr(-.71,-.011,.123,.892,.451,.041,-.183,.276,.944,.414,-.849,.328);es="Linear";ed="In";};["Handle"]={tm=0;cf=cfr(0,0,0,1,0,0,0,1,0,0,0,1);es="Linear";ed="In";};["h2"]={tm=.0169;cf=cfr(0,0,0,1,0,0,0,.259,.966,0,-.966,.259);es="Linear";ed="In";};["h1"]={tm=.0169;cf=cfr(0,0,0,1,0,0,0,.5,.866,0,-.866,.5);es="Linear";ed="In";};["h3"]={tm=.0169;cf=cfr(0,0,0,1,0,0,0,0,1,0,-1,0);es="Linear";ed="In";};["Head"]={tm=.0169;cf=cfr(0,0,0,.494,-.864,-.1,.869,.491,.058,-.001,-.115,.993);es="Linear";ed="In";};["Right Leg"]={tm=.0169;cf=cfr(0,0,0,.982,.188,.032,-.188,.926,.326,.032,-.326,.945);es="Linear";ed="In";};};{tm=.567;["Torso"]={tm=.0160;cf=cfr(0,-.008,-1.17,.504,.864,-.002,-.729,.424,-.538,-.464,.272,.843);es="Linear";ed="In";};["Left Arm"]={tm=.0160;cf=cfr(-.235,-.091,.407,.799,.488,.35,-.491,.195,.849,.346,-.851,.396);es="Linear";ed="In";};["Handle"]={tm=0;cf=cfr(0,0,0,1,0,0,0,1,0,0,0,1);es="Linear";ed="In";};["Chain"]={tm=.0160;cf=cfr(0,-.502,0,.83,-.392,.397,.554,.663,-.504,-.066,.638,.767);es="Linear";ed="In";};["Left Leg"]={tm=.0160;cf=cfr(.103,1.302,-.178,.465,.364,.807,-.755,.64,.146,-.463,-.677,.572);es="Linear";ed="In";};["Right Arm"]={tm=.0160;cf=cfr(-.696,-.013,.118,.899,.436,.038,-.183,.294,.938,.398,-.85,.344);es="Linear";ed="In";};["Handle"]={tm=0;cf=cfr(0,0,0,1,0,0,0,1,0,0,0,1);es="Linear";ed="In";};["h2"]={tm=.0160;cf=cfr(0,0,0,1,0,0,0,.259,.966,0,-.966,.259);es="Linear";ed="In";};["h1"]={tm=.0160;cf=cfr(0,0,0,1,0,0,0,.5,.866,0,-.866,.5);es="Linear";ed="In";};["h3"]={tm=.0160;cf=cfr(0,0,0,1,0,0,0,0,1,0,-1,0);es="Linear";ed="In";};["Head"]={tm=.0160;cf=cfr(0,0,0,.497,-.862,-.101,.868,.493,.061,-.003,-.118,.993);es="Linear";ed="In";};["Right Leg"]={tm=.0160;cf=cfr(0,0,0,.982,.188,.032,-.188,.927,.325,.032,-.325,.945);es="Linear";ed="In";};};{tm=.583;["Torso"]={tm=.0170;cf=cfr(0,-.031,-1.156,.513,.858,-.006,-.721,.428,-.545,-.465,.284,.838);es="Linear";ed="In";};["Left Arm"]={tm=.0170;cf=cfr(-.232,-.09,.402,.804,.481,.349,-.491,.208,.846,.334,-.852,.403);es="Linear";ed="In";};["Handle"]={tm=0;cf=cfr(0,0,0,1,0,0,0,1,0,0,0,1);es="Linear";ed="In";};["Chain"]={tm=.0170;cf=cfr(0,-.502,0,.827,-.395,.401,.56,.644,-.521,-.052,.655,.754);es="Linear";ed="In";};["Left Leg"]={tm=.0170;cf=cfr(.102,1.287,-.176,.475,.365,.801,-.748,.647,.149,-.464,-.67,.58);es="Linear";ed="In";};["Right Arm"]={tm=.0170;cf=cfr(-.648,-.017,.103,.922,.387,.03,-.18,.358,.916,.343,-.85,.399);es="Linear";ed="In";};["Handle"]={tm=0;cf=cfr(0,0,0,1,0,0,0,1,0,0,0,1);es="Linear";ed="In";};["h2"]={tm=.0170;cf=cfr(0,0,0,1,0,0,0,.259,.966,0,-.966,.259);es="Linear";ed="In";};["h1"]={tm=.0170;cf=cfr(0,0,0,1,0,0,0,.5,.866,0,-.866,.5);es="Linear";ed="In";};["h3"]={tm=.0170;cf=cfr(0,0,0,1,0,0,0,0,1,0,-1,0);es="Linear";ed="In";};["Head"]={tm=.0170;cf=cfr(0,0,0,.507,-.855,-.106,.862,.502,.072,-.008,-.128,.992);es="Linear";ed="In";};["Right Leg"]={tm=.0170;cf=cfr(0,0,0,.982,.186,.031,-.186,.929,.321,.031,-.321,.946);es="Linear";ed="In";};};{tm=.6;["Torso"]={tm=.0170;cf=cfr(0,-.093,-1.12,.54,.842,-.017,-.701,.438,-.563,-.466,.316,.827);es="Linear";ed="In";};["Left Arm"]={tm=.0170;cf=cfr(-.225,-.088,.389,.817,.461,.347,-.492,.24,.837,.302,-.854,.423);es="Linear";ed="In";};["Handle"]={tm=0;cf=cfr(0,0,0,1,0,0,0,1,0,0,0,1);es="Linear";ed="In";};["Chain"]={tm=.0170;cf=cfr(0,-.501,0,.817,-.404,.412,.576,.59,-.566,-.014,.7,.714);es="Linear";ed="In";};["Left Leg"]={tm=.0170;cf=cfr(.099,1.247,-.171,.504,.367,.782,-.729,.666,.157,-.463,-.649,.603);es="Linear";ed="In";};["Right Arm"]={tm=.0170;cf=cfr(-.519,-.03,.061,.969,.246,.026,-.154,.518,.841,.193,-.819,.54);es="Linear";ed="In";};["Handle"]={tm=0;cf=cfr(0,0,0,1,0,0,0,1,0,0,0,1);es="Linear";ed="In";};["h2"]={tm=.0170;cf=cfr(0,0,0,1,0,0,0,.259,.966,0,-.966,.259);es="Linear";ed="In";};["h1"]={tm=.0170;cf=cfr(0,0,0,1,0,0,0,.5,.866,0,-.866,.5);es="Linear";ed="In";};["h3"]={tm=.0170;cf=cfr(0,0,0,1,0,0,0,0,1,0,-1,0);es="Linear";ed="In";};["Head"]={tm=.0170;cf=cfr(0,0,0,.533,-.838,-.118,.846,.524,.101,-.023,-.154,.988);es="Linear";ed="In";};["Right Leg"]={tm=.0170;cf=cfr(0,0,0,.983,.18,.029,-.18,.933,.312,.029,-.312,.95);es="Linear";ed="In";};};{tm=.617;["Torso"]={tm=.0160;cf=cfr(0,-.235,-1.037,.599,.8,-.041,-.653,.458,-.603,-.463,.388,.797);es="Linear";ed="In";};["Left Arm"]={tm=.0160;cf=cfr(-.208,-.081,.36,.842,.414,.345,-.488,.315,.814,.229,-.854,.467);es="Linear";ed="In";};["Handle"]={tm=0;cf=cfr(0,0,0,1,0,0,0,1,0,0,0,1);es="Linear";ed="In";};["Chain"]={tm=.0160;cf=cfr(0,-.5,0,.795,-.42,.439,.602,.454,-.657,.076,.786,.614);es="Linear";ed="In";};["Left Leg"]={tm=.0160;cf=cfr(.091,1.154,-.158,.568,.368,.736,-.683,.709,.173,-.459,-.601,.654);es="Linear";ed="In";};["Right Arm"]={tm=.0160;cf=cfr(-.224,-.058,-.034,.991,-.082,.103,.004,.803,.596,-.132,-.591,.796);es="Linear";ed="In";};["Handle"]={tm=0;cf=cfr(0,0,0,1,0,0,0,1,0,0,0,1);es="Linear";ed="In";};["h2"]={tm=.0160;cf=cfr(0,0,0,1,0,0,0,.259,.966,0,-.966,.259);es="Linear";ed="In";};["h1"]={tm=.0160;cf=cfr(0,0,0,1,0,0,0,.5,.866,0,-.866,.5);es="Linear";ed="In";};["h3"]={tm=.0160;cf=cfr(0,0,0,1,0,0,0,0,1,0,-1,0);es="Linear";ed="In";};["Head"]={tm=.0160;cf=cfr(0,0,0,.591,-.794,-.143,.805,.569,.169,-.052,-.215,.975);es="Linear";ed="In";};["Right Leg"]={tm=.0160;cf=cfr(0,0,0,.986,.167,.025,-.167,.942,.29,.025,-.29,.957);es="Linear";ed="In";};};{tm=.633;["Torso"]={tm=.0170;cf=cfr(0,-.524,-.867,.71,.7,-.077,-.549,.482,-.682,-.44,.527,.727);es="Linear";ed="In";};["Left Arm"]={tm=.0170;cf=cfr(-.174,-.068,.301,.884,.313,.348,-.461,.46,.759,.078,-.831,.551);es="Linear";ed="In";};["Handle"]={tm=0;cf=cfr(0,0,0,1,0,0,0,1,0,0,0,1);es="Linear";ed="In";};["Chain"]={tm=.0170;cf=cfr(0,-.498,0,.749,-.434,.5,.606,.144,-.782,.267,.889,.371);es="Linear";ed="In";};["Left Leg"]={tm=.0170;cf=cfr(.076,.965,-.132,.689,.355,.632,-.582,.79,.19,-.432,-.499,.751);es="Linear";ed="In";};["Right Arm"]={tm=.0170;cf=cfr(.376,-.116,-.227,.691,-.493,.529,.567,.824,.027,-.449,.281,.848);es="Linear";ed="In";};["Handle"]={tm=0;cf=cfr(0,0,0,1,0,0,0,1,0,0,0,1);es="Linear";ed="In";};["h2"]={tm=.0170;cf=cfr(0,0,0,1,0,0,0,.259,.966,0,-.966,.259);es="Linear";ed="In";};["h1"]={tm=.0170;cf=cfr(0,0,0,1,0,0,0,.5,.866,0,-.866,.5);es="Linear";ed="In";};["h3"]={tm=.0170;cf=cfr(0,0,0,1,0,0,0,0,1,0,-1,0);es="Linear";ed="In";};["Head"]={tm=.0170;cf=cfr(0,0,0,.703,-.688,-.177,.704,.64,.308,-.098,-.342,.935);es="Linear";ed="In";};["Right Leg"]={tm=.0170;cf=cfr(0,0,0,.99,.141,.017,-.141,.96,.244,.017,-.244,.97);es="Linear";ed="In";};};{tm=.65;["Torso"]={tm=.0170;cf=cfr(0,-1.063,-.55,.878,.468,-.1,-.342,.466,-.816,-.335,.751,.569);es="Linear";ed="In";};["Left Arm"]={tm=.0170;cf=cfr(-.11,-.043,.191,.917,.116,.382,-.35,.696,.627,-.193,-.708,.679);es="Linear";ed="In";};["Handle"]={tm=0;cf=cfr(0,0,0,1,0,0,0,1,0,0,0,1);es="Linear";ed="In";};["Chain"]={tm=.0170;cf=cfr(0,-.494,0,.68,-.393,.619,.444,-.451,-.774,.583,.801,-.132);es="Linear";ed="In";};["Left Leg"]={tm=.0170;cf=cfr(.048,.613,-.084,.869,.276,.41,-.372,.912,.174,-.326,-.303,.895);es="Linear";ed="In";};["Right Arm"]={tm=.0170;cf=cfr(0,0,0,1,0,0,0,1,0,0,0,1);es="Linear";ed="In";};["Head"]={tm=.0170;cf=cfr(0,0,0,.874,-.452,-.18,.469,.687,.556,-.127,-.57,.812);es="Linear";ed="In";};["Right Leg"]={tm=.0170;cf=cfr(0,0,0,.996,.09,.007,-.09,.984,.156,.007,-.156,.988);es="Linear";ed="In";};["Handle"]={tm=0;cf=cfr(0,0,0,1,0,0,0,1,0,0,0,1);es="Linear";ed="In";};["h2"]={tm=.0170;cf=cfr(0,0,0,1,0,0,0,.259,.966,0,-.966,.259);es="Linear";ed="In";};["h1"]={tm=.0170;cf=cfr(0,0,0,1,0,0,0,.5,.866,0,-.866,.5);es="Linear";ed="In";};["h3"]={tm=.0170;cf=cfr(0,0,0,1,0,0,0,0,1,0,-1,0);es="Linear";ed="In";};};{tm=.667;["Torso"]={tm=.0160;cf=cfr(0,-2,0,1,0,0,0,.259,-.966,0,.966,.259);es="Sextic";ed="Out";};["Left Arm"]={tm=.0160;cf=cfr(0,0,0,.833,-.195,.518,0,.936,.352,-.553,-.293,.78);es="Sextic";ed="Out";};["Handle"]={tm=0;cf=cfr(0,0,0,1,0,0,0,1,0,0,0,1);es="Linear";ed="In";};["Chain"]={tm=.0160;cf=cfr(0,-.47,0,1,0,0,0,1,0,0,0,1);es="Back";ed="Out";};["Base"]={tm=0;cf=cfr(0,0,0,1,0,0,0,1,0,0,0,1);es="Linear";ed="In";};["HourHand"]={tm=0;cf=cfr(0,0,0,1,0,0,0,1,0,0,0,1);es="Linear";ed="In";};["MinuteHand"]={tm=0;cf=cfr(0,0,0,1,0,0,0,1,0,0,0,1);es="Linear";ed="In";};["SecondHand"]={tm=0;cf=cfr(0,0,0,1,0,0,0,1,0,0,0,1);es="Linear";ed="In";};["Left Leg"]={tm=.0160;cf=cfr(0,0,0,1,0,0,0,1,0,0,0,1);es="Linear";ed="In";};["Right Arm"]={tm=.0160;cf=cfr(.092,.657,-.285,-.85,-.269,.453,.484,-.74,.467,.21,.616,.759);es="Sextic";ed="Out";};["Handle"]={tm=0;cf=cfr(0,0,0,1,0,0,0,1,0,0,0,1);es="Linear";ed="In";};["h2"]={tm=0;cf=cfr(0,0,0,1,0,0,0,.259,.966,0,-.966,.259);es="Sextic";ed="Out";};["h1"]={tm=0;cf=cfr(0,0,0,1,0,0,0,.5,.866,0,-.866,.5);es="Sextic";ed="Out";};["h3"]={tm=0;cf=cfr(0,0,0,1,0,0,0,0,1,0,-1,0);es="Sextic";ed="Out";};["Head"]={tm=.0160;cf=cfr(0,0,0,1,0,0,0,.5,.866,0,-.866,.5);es="Sextic";ed="Out";};["Right Leg"]={tm=.0160;cf=cfr(0,0,0,1,0,0,0,1,0,0,0,1);es="Linear";ed="In";};};{tm=.683;["Torso"]={tm=.0169;cf=cfr(0,-1.47,-.153,.948,-.292,.124,.251,.45,-.857,.194,.844,.5);es="Linear";ed="In";};["Left Arm"]={tm=.0169;cf=cfr(0,0,0,.853,.062,.518,-.279,.893,.352,-.441,-.445,.78);es="Linear";ed="In";};["Handle"]={tm=.0169;cf=cfr(0,0,0,1,0,0,0,1,0,0,0,1);es="Linear";ed="In";};["Chain"]={tm=.0169;cf=cfr(0,-.47,0,.956,.294,0,-.294,.956,0,0,0,1);es="Linear";ed="In";};["Left Leg"]={tm=.0169;cf=cfr(0,0,0,.998,-.055,-.004,.055,.99,.13,-.004,-.13,.992);es="Linear";ed="In";};["Head"]={tm=.0169;cf=cfr(0,0,0,.951,.294,.098,-.276,.661,.698,.14,-.691,.709);es="Linear";ed="In";};["Right Arm"]={tm=.0169;cf=cfr(.191,.46,-.379,-.726,-.357,.588,.617,-.716,.327,.305,.6,.74);es="Linear";ed="In";};["Right Leg"]={tm=.0169;cf=cfr(.174,.228,.09,.998,-.066,-.005,.066,.985,.157,-.005,-.157,.988);es="Linear";ed="In";};};{tm=.7;["Torso"]={tm=.0170;cf=cfr(0,-1.063,-.271,.843,-.513,.161,.455,.523,-.721,.286,.681,.675);es="Linear";ed="In";};["Left Arm"]={tm=.0170;cf=cfr(0,0,0,.816,.257,.518,-.478,.805,.352,-.326,-.535,.78);es="Linear";ed="In";};["Handle"]={tm=.0170;cf=cfr(0,0,0,1,0,0,0,1,0,0,0,1);es="Linear";ed="In";};["Chain"]={tm=.0170;cf=cfr(0,-.47,0,.853,.523,0,-.523,.853,0,0,0,1);es="Linear";ed="In";};["Left Leg"]={tm=.0170;cf=cfr(0,0,0,.995,-.096,-.011,.096,.969,.228,-.011,-.228,.974);es="Linear";ed="In";};["Head"]={tm=.0170;cf=cfr(0,0,0,.851,.513,.115,-.49,.696,.524,.189,-.502,.844);es="Linear";ed="In";};["Right Arm"]={tm=.0170;cf=cfr(.267,.308,-.451,-.61,-.421,.672,.699,-.686,.205,.374,.594,.712);es="Linear";ed="In";};["Right Leg"]={tm=.0170;cf=cfr(.308,.403,.159,.993,-.116,-.016,.116,.954,.275,-.016,-.275,.961);es="Linear";ed="In";};};{tm=.717;["Torso"]={tm=.0160;cf=cfr(0,-.754,-.36,.732,-.664,.151,.604,.531,-.595,.315,.527,.79);es="Linear";ed="In";};["Left Arm"]={tm=.0160;cf=cfr(0,0,0,.758,.397,.518,-.611,.709,.352,-.227,-.583,.78);es="Linear";ed="In";};["Handle"]={tm=.0160;cf=cfr(0,0,0,1,0,0,0,1,0,0,0,1);es="Linear";ed="In";};["Chain"]={tm=.0160;cf=cfr(0,-.47,0,.727,.687,0,-.687,.727,0,0,0,1);es="Linear";ed="In";};["Left Leg"]={tm=.0160;cf=cfr(0,0,0,.992,-.127,-.02,.127,.945,.3,-.02,-.3,.954);es="Linear";ed="In";};["Head"]={tm=.0160;cf=cfr(0,0,0,.745,.661,.092,-.64,.669,.378,.188,-.34,.921);es="Linear";ed="In";};["Right Arm"]={tm=.0160;cf=cfr(.325,.193,-.506,-.512,-.466,.721,.747,-.657,.106,.424,.593,.684);es="Linear";ed="In";};["Right Leg"]={tm=.0160;cf=cfr(.409,.535,.211,.988,-.153,-.029,.153,.92,.361,-.029,-.361,.932);es="Linear";ed="In";};};{tm=.733;["Torso"]={tm=.0170;cf=cfr(0,-.524,-.427,.636,-.762,.123,.706,.509,-.493,.313,.4,.861);es="Linear";ed="In";};["Left Arm"]={tm=.0170;cf=cfr(0,0,0,.7,.493,.518,-.699,.623,.352,-.149,-.608,.78);es="Linear";ed="In";};["Handle"]={tm=.0170;cf=cfr(0,0,0,1,0,0,0,1,0,0,0,1);es="Linear";ed="In";};["Chain"]={tm=.0170;cf=cfr(0,-.47,0,.602,.798,0,-.798,.602,0,0,0,1);es="Linear";ed="In";};["Left Leg"]={tm=.0170;cf=cfr(0,0,0,.988,-.149,-.027,.149,.924,.353,-.027,-.353,.935);es="Linear";ed="In";};["Head"]={tm=.0170;cf=cfr(0,0,0,.653,.755,.056,-.739,.619,.266,.166,-.215,.962);es="Linear";ed="In";};["Right Arm"]={tm=.0170;cf=cfr(.368,.107,-.547,-.435,-.498,.75,.774,-.632,.03,.46,.594,.66);es="Linear";ed="In";};["Right Leg"]={tm=.0170;cf=cfr(.485,.634,.25,.983,-.179,-.04,.179,.888,.423,-.04,-.423,.905);es="Linear";ed="In";};};{tm=.75;["Torso"]={tm=.0170;cf=cfr(0,-.356,-.476,.56,-.824,.092,.773,.479,-.416,.299,.304,.905);es="Linear";ed="In";};["Left Arm"]={tm=.0170;cf=cfr(0,0,0,.649,.557,.518,-.755,.553,.352,-.09,-.62,.78);es="Linear";ed="In";};["Handle"]={tm=.0170;cf=cfr(0,0,0,1,0,0,0,1,0,0,0,1);es="Linear";ed="In";};["Chain"]={tm=.0170;cf=cfr(0,-.47,0,.494,.869,0,-.869,.494,0,0,0,1);es="Linear";ed="In";};["Left Leg"]={tm=.0170;cf=cfr(0,0,0,.986,-.165,-.034,.165,.905,.391,-.034,-.391,.92);es="Linear";ed="In";};["Head"]={tm=.0170;cf=cfr(0,0,0,.58,.814,.02,-.803,.567,.184,.139,-.123,.983);es="Linear";ed="In";};["Right Arm"]={tm=.0170;cf=cfr(.4,.045,-.577,-.377,-.519,.767,.79,-.613,-.027,.484,.596,.641);es="Linear";ed="In";};["Right Leg"]={tm=.0170;cf=cfr(.54,.707,.279,.979,-.197,-.049,.197,.862,.467,-.049,-.467,.883);es="Linear";ed="In";};};{tm=.767;["Torso"]={tm=.0160;cf=cfr(0,-.235,-.51,.503,-.862,.065,.817,.45,-.361,.282,.235,.93);es="Linear";ed="In";};["Left Arm"]={tm=.0160;cf=cfr(0,0,0,.609,.601,.518,-.792,.499,.352,-.047,-.624,.78);es="Linear";ed="In";};["Handle"]={tm=.0160;cf=cfr(0,0,0,1,0,0,0,1,0,0,0,1);es="Linear";ed="In";};["Chain"]={tm=.0160;cf=cfr(0,-.47,0,.408,.913,0,-.913,.408,0,0,0,1);es="Linear";ed="In";};["Left Leg"]={tm=.0160;cf=cfr(0,0,0,.984,-.177,-.039,.177,.891,.417,-.039,-.417,.908);es="Linear";ed="In";};["Head"]={tm=.0160;cf=cfr(0,0,0,.526,.85,-.011,-.843,.523,.127,.114,-.058,.992);es="Linear";ed="In";};["Right Arm"]={tm=.0160;cf=cfr(.422,0,-.599,-.334,-.534,.777,.799,-.598,-.068,.501,.598,.626);es="Linear";ed="In";};["Right Leg"]={tm=.0160;cf=cfr(.58,.758,.299,.976,-.21,-.057,.21,.842,.497,-.057,-.497,.866);es="Linear";ed="In";};};{tm=.783;["Torso"]={tm=.0170;cf=cfr(0,-.151,-.535,.463,-.886,.043,.845,.426,-.322,.267,.186,.946);es="Linear";ed="In";};["Left Arm"]={tm=.0170;cf=cfr(0,0,0,.579,.629,.518,-.815,.46,.352,-.017,-.626,.78);es="Linear";ed="In";};["Handle"]={tm=.0170;cf=cfr(0,0,0,1,0,0,0,1,0,0,0,1);es="Linear";ed="In";};["Chain"]={tm=.0170;cf=cfr(0,-.47,0,.346,.938,0,-.938,.346,0,0,0,1);es="Linear";ed="In";};["Left Leg"]={tm=.0170;cf=cfr(0,0,0,.982,-.184,-.043,.184,.881,.436,-.043,-.436,.899);es="Linear";ed="In";};["Head"]={tm=.0170;cf=cfr(0,0,0,.488,.872,-.035,-.868,.489,.088,.094,-.013,.996);es="Linear";ed="In";};["Right Arm"]={tm=.0170;cf=cfr(.438,-.031,-.614,-.303,-.544,.782,.804,-.587,-.097,.512,.599,.615);es="Linear";ed="In";};["Right Leg"]={tm=.0170;cf=cfr(.608,.795,.313,.974,-.219,-.062,.219,.827,.518,-.062,-.518,.853);es="Linear";ed="In";};};{tm=.8;["Torso"]={tm=.0169;cf=cfr(0,-.093,-.552,.435,-.9,.028,.864,.408,-.296,.255,.153,.955);es="Linear";ed="In";};["Left Arm"]={tm=.0169;cf=cfr(0,0,0,.558,.648,.518,-.83,.433,.352,.004,-.626,.78);es="Linear";ed="In";};["Handle"]={tm=.0169;cf=cfr(0,0,0,1,0,0,0,1,0,0,0,1);es="Linear";ed="In";};["Chain"]={tm=.0169;cf=cfr(0,-.47,0,.309,.951,0,-.951,.309,0,0,0,1);es="Linear";ed="In";};["Left Leg"]={tm=.0169;cf=cfr(0,0,0,.981,-.19,-.045,.19,.874,.448,-.045,-.448,.893);es="Linear";ed="In";};["Head"]={tm=.0169;cf=cfr(0,0,0,.461,.886,-.052,-.884,.464,.062,.079,.017,.997);es="Linear";ed="In";};["Right Arm"]={tm=.0169;cf=cfr(.449,-.053,-.624,-.282,-.551,.785,.806,-.58,-.116,.519,.601,.608);es="Linear";ed="In";};["Right Leg"]={tm=.0169;cf=cfr(.627,.819,.323,.972,-.225,-.066,.225,.816,.532,-.066,-.532,.844);es="Linear";ed="In";};};{tm=.817;["Torso"]={tm=.0160;cf=cfr(0,-.055,-.563,.416,-.909,.017,.875,.396,-.279,.247,.131,.96);es="Linear";ed="In";};["Left Arm"]={tm=.0160;cf=cfr(0,0,0,.544,.66,.518,-.839,.415,.352,.018,-.626,.78);es="Linear";ed="In";};["Handle"]={tm=.0160;cf=cfr(0,0,0,1,0,0,0,1,0,0,0,1);es="Linear";ed="In";};["Chain"]={tm=.0160;cf=cfr(0,-.47,0,.293,.956,0,-.956,.293,0,0,0,1);es="Linear";ed="In";};["Left Leg"]={tm=.0160;cf=cfr(0,0,0,.98,-.193,-.047,.193,.869,.456,-.047,-.456,.889);es="Linear";ed="In";};["Head"]={tm=.0160;cf=cfr(0,0,0,.444,.894,-.063,-.894,.447,.045,.069,.037,.997);es="Linear";ed="In";};["Right Arm"]={tm=.0160;cf=cfr(.456,-.067,-.631,-.269,-.555,.787,.808,-.575,-.129,.524,.601,.603);es="Linear";ed="In";};["Right Leg"]={tm=.0160;cf=cfr(.639,.836,.33,.971,-.229,-.069,.229,.809,.542,-.069,-.542,.838);es="Linear";ed="In";};};{tm=.833;["Torso"]={tm=.0170;cf=cfr(0,-.031,-.57,.405,-.914,.009,.882,.388,-.268,.242,.117,.963);es="Linear";ed="In";};["Left Arm"]={tm=.0170;cf=cfr(0,0,0,.535,.668,.518,-.844,.404,.352,.026,-.626,.78);es="Linear";ed="In";};["Handle"]={tm=.0170;cf=cfr(0,0,0,1,0,0,0,1,0,0,0,1);es="Linear";ed="In";};["Chain"]={tm=.0170;cf=cfr(0,-.47,0,.296,.955,0,-.955,.296,0,0,0,1);es="Linear";ed="In";};["Left Leg"]={tm=.0170;cf=cfr(0,0,0,.98,-.195,-.048,.195,.865,.462,-.048,-.462,.886);es="Linear";ed="In";};["Head"]={tm=.0170;cf=cfr(0,0,0,.432,.899,-.071,-.9,.435,.034,.062,.049,.997);es="Linear";ed="In";};["Right Arm"]={tm=.0170;cf=cfr(.461,-.076,-.635,-.26,-.558,.788,.809,-.572,-.138,.527,.602,.6);es="Linear";ed="In";};["Right Leg"]={tm=.0170;cf=cfr(.647,.846,.334,.97,-.231,-.07,.231,.804,.547,-.07,-.547,.834);es="Linear";ed="In";};};{tm=.85;["Torso"]={tm=.0170;cf=cfr(0,-.017,-.574,.398,-.918,.005,.886,.383,-.262,.238,.109,.965);es="Linear";ed="In";};["Left Arm"]={tm=.0170;cf=cfr(0,0,0,.53,.672,.518,-.848,.397,.352,.031,-.625,.78);es="Linear";ed="In";};["Handle"]={tm=.0170;cf=cfr(0,0,0,1,0,0,0,1,0,0,0,1);es="Linear";ed="In";};["Chain"]={tm=.0170;cf=cfr(0,-.47,0,.314,.95,0,-.95,.314,0,0,0,1);es="Linear";ed="In";};["Left Leg"]={tm=.0170;cf=cfr(0,0,0,.979,-.196,-.049,.196,.863,.465,-.049,-.465,.884);es="Linear";ed="In";};["Head"]={tm=.0170;cf=cfr(0,0,0,.426,.902,-.076,-.903,.429,.028,.058,.056,.997);es="Linear";ed="In";};["Right Arm"]={tm=.0170;cf=cfr(.463,-.081,-.637,-.255,-.559,.789,.809,-.57,-.143,.529,.602,.598);es="Linear";ed="In";};["Right Leg"]={tm=.0170;cf=cfr(.652,.852,.336,.97,-.233,-.071,.233,.801,.551,-.071,-.551,.832);es="Linear";ed="In";};};{tm=.867;["Torso"]={tm=.0160;cf=cfr(0,-.008,-.576,.394,-.919,.003,.888,.38,-.258,.236,.104,.966);es="Linear";ed="In";};["Left Arm"]={tm=.0160;cf=cfr(0,0,0,.526,.675,.518,-.85,.393,.352,.034,-.625,.78);es="Linear";ed="In";};["Handle"]={tm=.0160;cf=cfr(0,0,0,1,0,0,0,1,0,0,0,1);es="Linear";ed="In";};["Chain"]={tm=.0160;cf=cfr(0,-.47,0,.344,.939,0,-.939,.344,0,0,0,1);es="Linear";ed="In";};["Left Leg"]={tm=.0160;cf=cfr(0,0,0,.979,-.197,-.049,.197,.862,.466,-.049,-.466,.883);es="Linear";ed="In";};["Head"]={tm=.0160;cf=cfr(0,0,0,.422,.903,-.078,-.905,.425,.024,.055,.061,.997);es="Linear";ed="In";};["Right Arm"]={tm=.0160;cf=cfr(.465,-.085,-.639,-.251,-.56,.789,.81,-.568,-.146,.53,.603,.597);es="Linear";ed="In";};["Right Leg"]={tm=.0160;cf=cfr(.655,.856,.338,.97,-.234,-.072,.234,.8,.553,-.072,-.553,.83);es="Linear";ed="In";};};{tm=.883;["Torso"]={tm=.0170;cf=cfr(0,-.004,-.578,.391,-.92,.001,.89,.378,-.256,.235,.101,.967);es="Linear";ed="In";};["Left Arm"]={tm=.0170;cf=cfr(0,0,0,.525,.676,.518,-.851,.39,.352,.036,-.625,.78);es="Linear";ed="In";};["Handle"]={tm=.0170;cf=cfr(0,0,0,1,0,0,0,1,0,0,0,1);es="Linear";ed="In";};["Chain"]={tm=.0170;cf=cfr(0,-.47,0,.382,.924,0,-.924,.382,0,0,0,1);es="Linear";ed="In";};["Left Leg"]={tm=.0170;cf=cfr(0,0,0,.979,-.198,-.05,.198,.862,.467,-.05,-.467,.883);es="Linear";ed="In";};["Head"]={tm=.0170;cf=cfr(0,0,0,.42,.904,-.08,-.906,.423,.022,.054,.063,.997);es="Linear";ed="In";};["Right Arm"]={tm=.0170;cf=cfr(.466,-.086,-.64,-.25,-.561,.789,.81,-.568,-.147,.531,.603,.596);es="Linear";ed="In";};["Right Leg"]={tm=.0170;cf=cfr(.656,.858,.338,.969,-.234,-.072,.234,.799,.554,-.072,-.554,.829);es="Linear";ed="In";};};{tm=.9;["Torso"]={tm=.0170;cf=cfr(0,-.001,-.578,.39,-.921,0,.89,.377,-.255,.234,.1,.967);es="Linear";ed="In";};["Left Arm"]={tm=.0170;cf=cfr(0,0,0,.524,.677,.518,-.851,.389,.352,.037,-.625,.78);es="Linear";ed="In";};["Handle"]={tm=.0170;cf=cfr(0,0,0,1,0,0,0,1,0,0,0,1);es="Linear";ed="In";};["Chain"]={tm=.0170;cf=cfr(0,-.47,0,.425,.905,0,-.905,.425,0,0,0,1);es="Linear";ed="In";};["Left Leg"]={tm=.0170;cf=cfr(0,0,0,.979,-.198,-.05,.198,.861,.468,-.05,-.468,.882);es="Linear";ed="In";};["Head"]={tm=.0170;cf=cfr(0,0,0,.419,.905,-.081,-.907,.421,.021,.053,.064,.997);es="Linear";ed="In";};["Right Arm"]={tm=.0170;cf=cfr(.466,-.087,-.64,-.249,-.561,.79,.81,-.568,-.148,.531,.603,.596);es="Linear";ed="In";};["Right Leg"]={tm=.0170;cf=cfr(.657,.859,.339,.969,-.235,-.072,.235,.798,.554,-.072,-.554,.829);es="Linear";ed="In";};};{tm=.917;["Torso"]={tm=.0160;cf=cfr(0,0,-.578,.39,-.921,0,.891,.377,-.254,.234,.099,.967);es="Linear";ed="In";};["Left Arm"]={tm=.0160;cf=cfr(0,0,0,.523,.677,.518,-.851,.389,.352,.037,-.625,.78);es="Linear";ed="In";};["Handle"]={tm=.0160;cf=cfr(0,0,0,1,0,0,0,1,0,0,0,1);es="Linear";ed="In";};["Chain"]={tm=.0160;cf=cfr(0,-.47,0,.469,.883,0,-.883,.469,0,0,0,1);es="Linear";ed="In";};["Left Leg"]={tm=.0160;cf=cfr(0,0,0,.979,-.198,-.05,.198,.861,.468,-.05,-.468,.882);es="Linear";ed="In";};["Head"]={tm=.0160;cf=cfr(0,0,0,.418,.905,-.081,-.907,.421,.021,.053,.065,.997);es="Linear";ed="In";};["Right Arm"]={tm=.0160;cf=cfr(.466,-.087,-.64,-.249,-.561,.79,.81,-.567,-.148,.531,.603,.596);es="Linear";ed="In";};["Right Leg"]={tm=.0160;cf=cfr(.657,.859,.339,.969,-.235,-.072,.235,.798,.555,-.072,-.555,.829);es="Linear";ed="In";};};{tm=.933;["Torso"]={tm=.0169;cf=cfr(0,0,-.579,.39,-.921,0,.891,.377,-.254,.234,.099,.967);es="Linear";ed="In";};["Left Arm"]={tm=.0169;cf=cfr(0,0,0,.523,.677,.518,-.851,.389,.352,.037,-.625,.78);es="Linear";ed="In";};["Handle"]={tm=.0169;cf=cfr(0,0,0,1,0,0,0,1,0,0,0,1);es="Linear";ed="In";};["Chain"]={tm=.0169;cf=cfr(0,-.47,0,.51,.86,0,-.86,.51,0,0,0,1);es="Linear";ed="In";};["Left Leg"]={tm=.0169;cf=cfr(0,0,0,.979,-.198,-.05,.198,.861,.468,-.05,-.468,.882);es="Linear";ed="In";};["Head"]={tm=.0169;cf=cfr(0,0,0,.418,.905,-.081,-.907,.421,.021,.053,.065,.997);es="Linear";ed="In";};["Right Arm"]={tm=.0169;cf=cfr(.466,-.088,-.64,-.248,-.561,.79,.81,-.567,-.148,.531,.603,.595);es="Linear";ed="In";};["Right Leg"]={tm=.0169;cf=cfr(.657,.86,.339,.969,-.235,-.072,.235,.798,.555,-.072,-.555,.829);es="Linear";ed="In";};};{tm=.95;["Torso"]={tm=.0170;cf=cfr(0,0,-.579,.39,-.921,0,.891,.377,-.254,.234,.099,.967);es="Linear";ed="In";};["Left Arm"]={tm=.0170;cf=cfr(0,0,0,.523,.677,.518,-.851,.389,.352,.037,-.625,.78);es="Linear";ed="In";};["Handle"]={tm=.0170;cf=cfr(0,0,0,1,0,0,0,1,0,0,0,1);es="Linear";ed="In";};["Chain"]={tm=.0170;cf=cfr(0,-.47,0,.547,.837,0,-.837,.547,0,0,0,1);es="Linear";ed="In";};["Left Leg"]={tm=.0170;cf=cfr(0,0,0,.979,-.198,-.05,.198,.861,.468,-.05,-.468,.882);es="Linear";ed="In";};["Head"]={tm=.0170;cf=cfr(0,0,0,.418,.905,-.081,-.907,.421,.021,.053,.065,.996);es="Linear";ed="In";};["Right Arm"]={tm=.0170;cf=cfr(.466,-.088,-.64,-.248,-.561,.79,.81,-.567,-.148,.531,.603,.595);es="Linear";ed="In";};["Right Leg"]={tm=.0170;cf=cfr(.657,.86,.339,.969,-.235,-.072,.235,.798,.555,-.072,-.555,.829);es="Linear";ed="In";};};{tm=.967;["Torso"]={tm=.0160;cf=cfr(0,0,-.579,.39,-.921,0,.891,.377,-.254,.234,.099,.967);es="Linear";ed="In";};["Left Arm"]={tm=.0160;cf=cfr(0,0,0,.523,.677,.518,-.851,.389,.352,.037,-.625,.78);es="Linear";ed="In";};["Handle"]={tm=.0160;cf=cfr(0,0,0,1,0,0,0,1,0,0,0,1);es="Linear";ed="In";};["Chain"]={tm=.0160;cf=cfr(0,-.47,0,.576,.817,0,-.817,.576,0,0,0,1);es="Linear";ed="In";};["Left Leg"]={tm=.0160;cf=cfr(0,0,0,.979,-.198,-.05,.198,.861,.468,-.05,-.468,.882);es="Linear";ed="In";};["Head"]={tm=.0160;cf=cfr(0,0,0,.418,.905,-.081,-.907,.421,.021,.053,.065,.996);es="Linear";ed="In";};["Right Arm"]={tm=.0160;cf=cfr(.466,-.088,-.64,-.248,-.561,.79,.81,-.567,-.148,.531,.603,.595);es="Linear";ed="In";};["Right Leg"]={tm=.0160;cf=cfr(.657,.86,.339,.969,-.235,-.072,.235,.798,.555,-.072,-.555,.829);es="Linear";ed="In";};};{tm=.983;["Torso"]={tm=.0170;cf=cfr(0,0,-.579,.39,-.921,0,.891,.377,-.254,.234,.099,.967);es="Linear";ed="In";};["Left Arm"]={tm=.0170;cf=cfr(0,0,0,.523,.677,.518,-.851,.389,.352,.037,-.625,.78);es="Linear";ed="In";};["Handle"]={tm=.0170;cf=cfr(0,0,0,1,0,0,0,1,0,0,0,1);es="Linear";ed="In";};["Chain"]={tm=.0170;cf=cfr(0,-.47,0,.596,.803,0,-.803,.596,0,0,0,1);es="Linear";ed="In";};["Left Leg"]={tm=.0170;cf=cfr(0,0,0,.979,-.198,-.05,.198,.861,.468,-.05,-.468,.882);es="Linear";ed="In";};["Head"]={tm=.0170;cf=cfr(0,0,0,.418,.905,-.081,-.907,.421,.021,.053,.065,.996);es="Linear";ed="In";};["Right Arm"]={tm=.0170;cf=cfr(.466,-.088,-.64,-.248,-.561,.79,.81,-.567,-.148,.531,.603,.595);es="Linear";ed="In";};["Right Leg"]={tm=.0170;cf=cfr(.657,.86,.339,.969,-.235,-.072,.235,.798,.555,-.072,-.555,.829);es="Linear";ed="In";};};{tm=1;["Torso"]={tm=0;cf=cfr(0,0,-.579,.39,-.921,0,.891,.377,-.254,.234,.099,.967);es="Linear";ed="In";};["Left Arm"]={tm=0;cf=cfr(0,0,0,.523,.677,.518,-.851,.389,.352,.037,-.625,.78);es="Linear";ed="In";};["Handle"]={tm=0;cf=cfr(0,0,0,1,0,0,0,1,0,0,0,1);es="Linear";ed="In";};["Chain"]={tm=0;cf=cfr(0,-.47,0,.602,.798,0,-.798,.602,0,0,0,1);es="Linear";ed="In";};["Left Leg"]={tm=0;cf=cfr(0,0,0,.979,-.198,-.05,.198,.861,.468,-.05,-.468,.882);es="Linear";ed="In";};["Head"]={tm=0;cf=cfr(0,0,0,.418,.905,-.081,-.907,.421,.021,.053,.065,.996);es="Linear";ed="In";};["Right Arm"]={tm=0;cf=cfr(.466,-.088,-.64,-.248,-.561,.79,.81,-.567,-.148,.531,.603,.595);es="Linear";ed="In";};["Right Leg"]={tm=0;cf=cfr(.657,.86,.339,.969,-.235,-.072,.235,.798,.555,-.072,-.555,.829);es="Linear";ed="In";};};}
