-- // converted using mech's animoduler
local cfr = CFrame.new

return {{tm=0;["HumanoidRootPart"]={tm=.05;cf=cfr(0,0,0,1,0,0,0,1,0,0,0,1);es="Linear";ed="In";};["Torso"]={tm=0;cf=cfr(0,0,0,1,0,0,0,1,0,0,0,1);es="Linear";ed="In";};["Torso"]={tm=0;cf=cfr(0,0,0,1,0,0,0,1,0,0,0,1);es="Linear";ed="In";};["Right Arm"]={tm=.017;cf=cfr(0,0,0,1,0,0,0,1,0,0,0,1);es="Linear";ed="In";};["Head"]={tm=.05;cf=cfr(0,0,0,1,0,0,0,1,0,0,0,1);es="Linear";ed="In";};["Left Arm"]={tm=.05;cf=cfr(0,0,0,1,0,0,0,1,0,0,0,1);es="Linear";ed="In";};};{tm=.017;["Torso"]={tm=.033;cf=cfr(0,0,0,1,0,0,0,1,0,0,0,1);es="Linear";ed="In";};["Right Arm"]={tm=.033;cf=cfr(.466,-.561,-.354,.049,-.853,.52,.256,.514,.819,-.965,.093,.244);es="Linear";ed="In";};};{tm=.05;["HumanoidRootPart"]={tm=.05;cf=cfr(0,0,0,1,0,0,0,1,0,0,0,1);es="Linear";ed="In";};["Torso"]={tm=0;cf=cfr(0,0,0,.591,-.806,0,.779,.571,.26,-.21,-.154,.966);es="Linear";ed="In";};["Torso"]={tm=0;cf=cfr(0,0,0,1,0,0,0,1,0,0,0,1);es="Linear";ed="In";};["Right Arm"]={tm=.05;cf=cfr(.584,-.432,-1.744,-.699,.005,.715,.617,-.501,.607,.361,.865,.347);es="Linear";ed="In";};["Left Arm"]={tm=.083;cf=cfr(.085,-.537,.117,.222,.826,-.519,-.684,.511,.521,.695,.239,.678);es="Linear";ed="In";};["Head"]={tm=.05;cf=cfr(0,0,0,.778,.62,-.099,-.619,.731,-.287,-.105,.285,.953);es="Linear";ed="In";};};{tm=.1;["HumanoidRootPart"]={tm=.017;cf=cfr(0,0,0,1,0,0,0,1,0,0,0,1);es="Linear";ed="In";};["Torso"]={tm=0;cf=cfr(0,-.695,0,.335,-.931,-.146,.939,.318,.129,-.074,-.181,.981);es="Linear";ed="In";};["Torso"]={tm=0;cf=cfr(0,0,0,1,0,0,0,1,0,0,0,1);es="Linear";ed="In";};["Right Arm"]={tm=.033;cf=cfr(.298,-.432,-1.959,-.547,.505,.668,.301,-.626,.72,.781,.594,.191);es="Linear";ed="In";};["Head"]={tm=.017;cf=cfr(-.009,.005,-.004,.394,.917,-.061,-.881,.358,-.309,-.261,.175,.949);es="Linear";ed="In";};};{tm=.117;["HumanoidRootPart"]={tm=.016;cf=cfr(0,0,0,1,0,0,0,1,0,0,0,1);es="Linear";ed="In";};["Torso"]={tm=0;cf=cfr(0,-.647,-.07,.796,-.6,-.072,.602,.799,0,.057,-.044,.997);es="Linear";ed="In";};["Torso"]={tm=0;cf=cfr(0,0,0,1,0,0,0,1,0,0,0,1);es="Linear";ed="In";};["Head"]={tm=.016;cf=cfr(-.026,.015,-.003,.803,.596,.003,-.572,.773,-.275,-.166,.219,.962);es="Linear";ed="In";};};{tm=.133;["Torso"]={tm=0;cf=cfr(0,0,0,1,0,0,0,1,0,0,0,1);es="Linear";ed="In";};["Left Arm"]={tm=.0169;cf=cfr(.03,-1.045,.069,-.25,.966,-.071,-.753,-.148,.641,.609,.213,.764);es="Linear";ed="In";};["Right Arm"]={tm=.0169;cf=cfr(1.171,-.138,-1.326,-.539,-.831,.141,.546,-.217,.809,-.641,.513,.571);es="Linear";ed="In";};["Head"]={tm=.0169;cf=cfr(-.031,.013,-.003,.978,.204,.037,-.191,.955,-.225,-.081,.213,.974);es="Linear";ed="In";};["HumanoidRootPart"]={tm=.0169;cf=cfr(0,0,0,1,0,0,0,1,0,0,0,1);es="Linear";ed="In";};["Torso"]={tm=0;cf=cfr(0,-.607,-.128,.983,-.169,-.073,.159,.98,-.122,.092,.109,.99);es="Linear";ed="In";};};{tm=.15;["HumanoidRootPart"]={tm=.0170;cf=cfr(0,0,0,1,0,0,0,1,0,0,0,1);es="Linear";ed="In";};["Torso"]={tm=0;cf=cfr(0,-.576,-.174,.972,.206,-.115,-.226,.951,-.21,.066,.23,.971);es="Linear";ed="In";};["Torso"]={tm=0;cf=cfr(0,0,0,1,0,0,0,1,0,0,0,1);es="Linear";ed="In";};["Head"]={tm=.0170;cf=cfr(-.025,.008,-.002,.989,-.14,.046,.146,.973,-.178,-.02,.183,.983);es="Linear";ed="In";};["Left Arm"]={tm=.0170;cf=cfr(.065,-.93,.047,-.314,.948,-.048,-.71,-.201,.675,.631,.246,.736);es="Linear";ed="In";};["Right Arm"]={tm=.0170;cf=cfr(.707,-.286,-1.09,-.146,-.98,-.132,.591,-.193,.783,-.793,.037,.608);es="Linear";ed="In";};};{tm=.167;["HumanoidRootPart"]={tm=.0159;cf=cfr(0,0,0,1,0,0,0,1,0,0,0,1);es="Linear";ed="In";};["Torso"]={tm=0;cf=cfr(0,-.551,-.209,.866,.472,-.167,-.5,.826,-.261,.015,.31,.951);es="Linear";ed="In";};["Torso"]={tm=0;cf=cfr(0,0,0,1,0,0,0,1,0,0,0,1);es="Linear";ed="In";};["Head"]={tm=.0159;cf=cfr(-.015,.003,-.002,.917,-.396,.042,.398,.906,-.142,.018,.146,.989);es="Linear";ed="In";};["Left Arm"]={tm=.0159;cf=cfr(.092,-.835,.03,-.365,.93,-.027,-.671,-.243,.701,.646,.275,.713);es="Linear";ed="In";};["Right Arm"]={tm=.0159;cf=cfr(.406,-.407,-.842,.211,-.911,-.353,.618,-.155,.77,-.757,-.381,.531);es="Linear";ed="In";};};{tm=.183;["HumanoidRootPart"]={tm=.0170;cf=cfr(0,0,0,1,0,0,0,1,0,0,0,1);es="Linear";ed="In";};["Torso"]={tm=0;cf=cfr(0,-.533,-.235,.739,.639,-.215,-.673,.682,-.287,-.037,.356,.934);es="Linear";ed="In";};["Torso"]={tm=0;cf=cfr(0,0,0,1,0,0,0,1,0,0,0,1);es="Linear";ed="In";};["Head"]={tm=.0170;cf=cfr(-.005,.001,-.001,.822,-.568,.032,.568,.815,-.116,.039,.113,.993);es="Linear";ed="In";};["Left Arm"]={tm=.0170;cf=cfr(.112,-.758,.016,-.405,.914,-.01,-.637,-.275,.72,.656,.298,.694);es="Linear";ed="In";};["Right Arm"]={tm=.0170;cf=cfr(.201,-.509,-.578,.476,-.724,-.5,.63,-.117,.768,-.614,-.68,.4);es="Linear";ed="In";};};{tm=.2;["HumanoidRootPart"]={tm=.0169;cf=cfr(0,0,0,1,0,0,0,1,0,0,0,1);es="Linear";ed="In";};["Torso"]={tm=0;cf=cfr(0,-.521,-.253,.63,.735,-.25,-.772,.561,-.298,-.078,.381,.921);es="Linear";ed="In";};["Torso"]={tm=0;cf=cfr(0,0,0,1,0,0,0,1,0,0,0,1);es="Linear";ed="In";};["Head"]={tm=.0169;cf=cfr(.004,0,0,.738,-.675,.023,.673,.733,-.099,.05,.088,.995);es="Linear";ed="In";};["Left Arm"]={tm=.0169;cf=cfr(.126,-.697,.006,-.434,.901,.005,-.61,-.298,.734,.663,.316,.679);es="Linear";ed="In";};["Right Arm"]={tm=.0169;cf=cfr(.05,-.594,-.314,.644,-.499,-.58,.63,-.084,.772,-.434,-.863,.26);es="Linear";ed="In";};};{tm=.217;["HumanoidRootPart"]={tm=.0160;cf=cfr(0,0,0,1,0,0,0,1,0,0,0,1);es="Linear";ed="In";};["Torso"]={tm=0;cf=cfr(0,-.513,-.264,.557,.785,-.272,-.824,.48,-.301,-.106,.392,.914);es="Linear";ed="In";};["Torso"]={tm=0;cf=cfr(0,0,0,1,0,0,0,1,0,0,0,1);es="Linear";ed="In";};["Head"]={tm=.0160;cf=cfr(.009,-.001,.001,.679,-.734,.016,.732,.675,-.089,.055,.072,.996);es="Linear";ed="In";};["Left Arm"]={tm=.0160;cf=cfr(.135,-.652,-.001,-.456,.89,.016,-.59,-.315,.744,.667,.329,.668);es="Linear";ed="In";};["Right Arm"]={tm=.0160;cf=cfr(-.071,-.665,-.071,.736,-.288,-.612,.624,-.059,.779,-.26,-.956,.136);es="Linear";ed="In";};};{tm=.233;["HumanoidRootPart"]={tm=.0169;cf=cfr(0,0,0,1,0,0,0,1,0,0,0,1);es="Linear";ed="In";};["Torso"]={tm=0;cf=cfr(0,-.51,-.27,.519,.806,-.283,-.846,.439,-.302,-.119,.397,.91);es="Linear";ed="In";};["Torso"]={tm=0;cf=cfr(0,0,0,1,0,0,0,1,0,0,0,1);es="Linear";ed="In";};["Head"]={tm=.0169;cf=cfr(.012,-.001,.001,.649,-.761,.012,.759,.646,-.085,.057,.065,.996);es="Linear";ed="In";};["Left Arm"]={tm=.0169;cf=cfr(.142,-.62,-.006,-.47,.882,.024,-.575,-.327,.75,.67,.339,.661);es="Linear";ed="In";};["Right Arm"]={tm=.0169;cf=cfr(-.168,-.721,.135,.779,-.113,-.617,.617,-.042,.786,-.114,-.993,.037);es="Linear";ed="In";};};{tm=.25;["HumanoidRootPart"]={tm=.0170;cf=cfr(0,0,0,1,0,0,0,1,0,0,0,1);es="Linear";ed="In";};["Torso"]={tm=0;cf=cfr(0,-.509,-.27,.513,.809,-.285,-.849,.432,-.302,-.121,.397,.91);es="Linear";ed="In";};["Torso"]={tm=0;cf=cfr(0,0,0,1,0,0,0,1,0,0,0,1);es="Linear";ed="In";};["Head"]={tm=.0170;cf=cfr(.013,-.001,.001,.644,-.765,.012,.763,.641,-.084,.057,.063,.996);es="Linear";ed="In";};["Left Arm"]={tm=.0170;cf=cfr(.146,-.601,-.009,-.479,.877,.029,-.566,-.333,.754,.671,.345,.656);es="Linear";ed="In";};["Right Arm"]={tm=.0170;cf=cfr(-.244,-.764,.296,.793,.018,-.609,.61,-.03,.792,-.004,-.999,-.035);es="Linear";ed="In";};};{tm=.267;["HumanoidRootPart"]={tm=.0159;cf=cfr(0,0,0,1,0,0,0,1,0,0,0,1);es="Linear";ed="In";};["Torso"]={tm=0;cf=cfr(0,-.511,-.268,.531,.8,-.28,-.839,.452,-.302,-.115,.395,.911);es="Linear";ed="In";};["Torso"]={tm=0;cf=cfr(0,0,0,1,0,0,0,1,0,0,0,1);es="Linear";ed="In";};["Head"]={tm=.0159;cf=cfr(.011,-.001,.001,.659,-.752,.014,.75,.655,-.086,.056,.067,.996);es="Linear";ed="In";};["Left Arm"]={tm=.0159;cf=cfr(.148,-.591,-.011,-.483,.875,.031,-.561,-.337,.756,.672,.348,.654);es="Linear";ed="In";};["Right Arm"]={tm=.0159;cf=cfr(-.298,-.793,.411,.794,.107,-.599,.604,-.023,.797,.072,-.994,-.083);es="Linear";ed="In";};};{tm=.283;["HumanoidRootPart"]={tm=.0170;cf=cfr(0,0,0,1,0,0,0,1,0,0,0,1);es="Linear";ed="In";};["Torso"]={tm=0;cf=cfr(0,-.514,-.263,.564,.78,-.27,-.819,.488,-.301,-.103,.391,.915);es="Linear";ed="In";};["Torso"]={tm=0;cf=cfr(0,0,0,1,0,0,0,1,0,0,0,1);es="Linear";ed="In";};["Head"]={tm=.0170;cf=cfr(.009,-.001,.001,.685,-.728,.017,.727,.681,-.09,.054,.074,.996);es="Linear";ed="In";};["Left Arm"]={tm=.0170;cf=cfr(.148,-.59,-.011,-.484,.875,.032,-.561,-.337,.756,.672,.348,.654);es="Linear";ed="In";};["Right Arm"]={tm=.0170;cf=cfr(-.331,-.811,.481,.791,.161,-.59,.6,-.019,.8,.117,-.987,-.112);es="Linear";ed="In";};};{tm=.3;["HumanoidRootPart"]={tm=.0170;cf=cfr(0,0,0,1,0,0,0,1,0,0,0,1);es="Linear";ed="In";};["Torso"]={tm=0;cf=cfr(0,-.518,-.257,.602,.755,-.258,-.793,.53,-.299,-.089,.385,.919);es="Linear";ed="In";};["Torso"]={tm=0;cf=cfr(0,0,0,1,0,0,0,1,0,0,0,1);es="Linear";ed="In";};["Head"]={tm=.0170;cf=cfr(.006,-.001,.001,.716,-.698,.02,.696,.711,-.095,.052,.082,.995);es="Linear";ed="In";};["Left Arm"]={tm=.0170;cf=cfr(.147,-.594,-.01,-.482,.876,.03,-.563,-.336,.755,.672,.347,.655);es="Linear";ed="In";};["Right Arm"]={tm=.0170;cf=cfr(-.346,-.819,.512,.789,.184,-.586,.599,-.018,.801,.137,-.983,-.124);es="Linear";ed="In";};};{tm=.317;["HumanoidRootPart"]={tm=.0160;cf=cfr(0,0,0,1,0,0,0,1,0,0,0,1);es="Linear";ed="In";};["Torso"]={tm=0;cf=cfr(0,-.522,-.252,.638,.729,-.247,-.766,.57,-.297,-.075,.379,.922);es="Linear";ed="In";};["Torso"]={tm=0;cf=cfr(0,0,0,1,0,0,0,1,0,0,0,1);es="Linear";ed="In";};["Head"]={tm=.0160;cf=cfr(.003,0,0,.744,-.667,.024,.666,.739,-.1,.049,.09,.995);es="Linear";ed="In";};["Left Arm"]={tm=.0160;cf=cfr(.146,-.602,-.009,-.478,.878,.028,-.567,-.333,.754,.671,.344,.657);es="Linear";ed="In";};["Right Arm"]={tm=.0160;cf=cfr(-.346,-.818,.51,.789,.183,-.586,.599,-.018,.801,.136,-.983,-.123);es="Linear";ed="In";};};{tm=.333;["HumanoidRootPart"]={tm=.0169;cf=cfr(0,0,0,1,0,0,0,1,0,0,0,1);es="Linear";ed="In";};["Torso"]={tm=0;cf=cfr(0,-.525,-.248,.665,.708,-.239,-.744,.599,-.295,-.065,.374,.925);es="Linear";ed="In";};["Torso"]={tm=0;cf=cfr(0,0,0,1,0,0,0,1,0,0,0,1);es="Linear";ed="In";};["Head"]={tm=.0169;cf=cfr(.001,0,0,.765,-.644,.026,.642,.759,-.104,.047,.096,.994);es="Linear";ed="In";};["Left Arm"]={tm=.0169;cf=cfr(.144,-.613,-.008,-.473,.88,.026,-.571,-.329,.752,.67,.341,.659);es="Linear";ed="In";};["Right Arm"]={tm=.0169;cf=cfr(-.333,-.812,.484,.791,.163,-.59,.6,-.019,.8,.119,-.986,-.113);es="Linear";ed="In";};};{tm=.35;["HumanoidRootPart"]={tm=0;cf=cfr(0,0,0,1,0,0,0,1,0,0,0,1);es="Linear";ed="In";};["Torso"]={tm=0;cf=cfr(0,-.526,-.246,.675,.699,-.236,-.735,.611,-.294,-.062,.372,.926);es="Linear";ed="In";};["Torso"]={tm=0;cf=cfr(0,0,0,1,0,0,0,1,0,0,0,1);es="Linear";ed="In";};["Head"]={tm=0;cf=cfr(0,0,0,.773,-.634,.027,.633,.767,-.105,.046,.099,.994);es="Linear";ed="In";};["Left Arm"]={tm=.0170;cf=cfr(.142,-.622,-.006,-.469,.883,.023,-.576,-.326,.75,.67,.338,.661);es="Linear";ed="In";};["Right Arm"]={tm=.0170;cf=cfr(-.313,-.801,.442,.793,.131,-.595,.602,-.021,.798,.092,-.991,-.096);es="Linear";ed="In";};};{tm=.367;["Torso"]={tm=.0160;cf=cfr(0,0,0,1,0,0,0,1,0,0,0,1);es="Linear";ed="In";};["Left Arm"]={tm=.0160;cf=cfr(.14,-.63,-.005,-.466,.885,.021,-.579,-.323,.748,.669,.336,.663);es="Linear";ed="In";};["Right Arm"]={tm=.0160;cf=cfr(-.288,-.788,.39,.794,.092,-.601,.605,-.024,.796,.058,-.995,-.075);es="Linear";ed="In";};};{tm=.383;["Torso"]={tm=.0170;cf=cfr(0,0,0,1,0,0,0,1,0,0,0,1);es="Linear";ed="In";};["Left Arm"]={tm=0;cf=cfr(.139,-.633,-.004,-.464,.885,.021,-.581,-.322,.748,.669,.335,.664);es="Linear";ed="In";};["Right Arm"]={tm=.0170;cf=cfr(-.263,-.774,.338,.794,.051,-.606,.608,-.027,.794,.024,-.998,-.053);es="Linear";ed="In";};};{tm=.4;["Torso"]={tm=.0169;cf=cfr(0,0,0,1,0,0,0,1,0,0,0,1);es="Linear";ed="In";};["Right Arm"]={tm=.0169;cf=cfr(-.242,-.762,.292,.793,.015,-.61,.61,-.03,.792,-.007,-.999,-.033);es="Linear";ed="In";};};{tm=.417;["Torso"]={tm=.0160;cf=cfr(0,0,0,1,0,0,0,1,0,0,0,1);es="Linear";ed="In";};["Right Arm"]={tm=.0160;cf=cfr(-.226,-.754,.259,.791,-.011,-.612,.611,-.033,.791,-.029,-.999,-.019);es="Linear";ed="In";};};{tm=.433;["Torso"]={tm=0;cf=cfr(0,0,0,1,0,0,0,1,0,0,0,1);es="Linear";ed="In";};["Right Arm"]={tm=0;cf=cfr(-.221,-.751,.247,.79,-.021,-.613,.612,-.033,.79,-.037,-.999,-.013);es="Linear";ed="In";};};}
