-- // converted using mech's animoduler
local cfr = CFrame.new

return {{tm=0;["HumanoidRootPart"]={tm=.05;cf=cfr(0,0,0,1,0,0,0,1,0,0,0,1);es="Linear";ed="In";};["Torso"]={tm=0;cf=cfr(0,0,0,1,0,0,0,1,0,0,0,1);es="Linear";ed="In";};["Torso"]={tm=0;cf=cfr(0,0,0,1,0,0,0,1,0,0,0,1);es="Linear";ed="In";};["Head"]={tm=.05;cf=cfr(0,0,0,1,0,0,0,1,0,0,0,1);es="Linear";ed="In";};["Left Arm"]={tm=.05;cf=cfr(0,0,0,1,0,0,0,1,0,0,0,1);es="Linear";ed="In";};["Right Arm"]={tm=.05;cf=cfr(0,0,0,1,0,0,0,1,0,0,0,1);es="Linear";ed="In";};};{tm=.05;["HumanoidRootPart"]={tm=.05;cf=cfr(0,0,0,1,0,0,0,1,0,0,0,1);es="Linear";ed="In";};["Torso"]={tm=0;cf=cfr(-.221,0,-.165,.106,.931,-.349,-.994,.113,0,.04,.346,.937);es="Linear";ed="In";};["Torso"]={tm=0;cf=cfr(0,0,0,1,0,0,0,1,0,0,0,1);es="Linear";ed="In";};["Head"]={tm=.05;cf=cfr(0,0,0,.654,-.756,.03,.707,.597,-.38,.269,.27,.925);es="Linear";ed="In";};["Right Arm"]={tm=.05;cf=cfr(-.508,-.206,-.438,.712,.116,-.692,.436,.701,.565,.551,-.704,.448);es="Linear";ed="In";};["Left Arm"]={tm=.05;cf=cfr(-.214,-.58,-.024,-.183,.558,.81,-.958,-.285,-.02,.22,-.779,.587);es="Linear";ed="In";};};{tm=.1;["HumanoidRootPart"]={tm=.017;cf=cfr(0,0,0,1,0,0,0,1,0,0,0,1);es="Linear";ed="In";};["Torso"]={tm=0;cf=cfr(-.221,-.746,-.165,-.369,.896,-.246,-.883,-.256,.394,.29,.363,.886);es="Linear";ed="In";};["Torso"]={tm=0;cf=cfr(0,0,0,1,0,0,0,1,0,0,0,1);es="Linear";ed="In";};["Head"]={tm=.017;cf=cfr(0,0,0,.487,-.847,.213,.839,.385,-.385,.245,.366,.898);es="Linear";ed="In";};["Right Arm"]={tm=.033;cf=cfr(-.508,-.206,-.438,.273,.6,-.752,.362,.66,.658,.891,-.452,-.037);es="Linear";ed="In";};["Left Arm"]={tm=.067;cf=cfr(-.214,-.58,-.024,-.651,.758,.041,-.744,-.648,.164,.151,.077,.986);es="Linear";ed="In";};};{tm=.117;["HumanoidRootPart"]={tm=.016;cf=cfr(0,0,0,1,0,0,0,1,0,0,0,1);es="Linear";ed="In";};["Torso"]={tm=0;cf=cfr(-.221,-.671,-.165,.369,.897,-.243,-.884,.42,.207,.288,.138,.948);es="Linear";ed="In";};["Torso"]={tm=0;cf=cfr(0,0,0,1,0,0,0,1,0,0,0,1);es="Linear";ed="In";};["Head"]={tm=.016;cf=cfr(-.027,.018,.008,.829,-.52,.204,.548,.686,-.479,.109,.509,.854);es="Linear";ed="In";};};{tm=.133;["Torso"]={tm=0;cf=cfr(0,0,0,1,0,0,0,1,0,0,0,1);es="Linear";ed="In";};["Right Arm"]={tm=.067;cf=cfr(-.83,-.122,-.563,-.572,.808,.141,.48,.19,.857,.665,.558,-.496);es="Linear";ed="In";};["Head"]={tm=.0169;cf=cfr(-.032,.028,.013,.975,-.152,.16,.216,.809,-.547,-.046,.568,.821);es="Linear";ed="In";};["HumanoidRootPart"]={tm=.0169;cf=cfr(0,0,0,1,0,0,0,1,0,0,0,1);es="Linear";ed="In";};["Torso"]={tm=0;cf=cfr(-.221,-.608,-.165,.848,.512,-.134,-.505,.859,.087,.16,-.006,.987);es="Linear";ed="In";};};{tm=.15;["HumanoidRootPart"]={tm=.0170;cf=cfr(0,0,0,1,0,0,0,1,0,0,0,1);es="Linear";ed="In";};["Torso"]={tm=0;cf=cfr(-.221,-.556,-.165,.999,.036,-.002,-.036,.998,.051,.003,-.051,.999);es="Linear";ed="In";};["Torso"]={tm=0;cf=cfr(0,0,0,1,0,0,0,1,0,0,0,1);es="Linear";ed="In";};["Head"]={tm=.0170;cf=cfr(-.026,.029,.013,.98,.173,.104,-.079,.805,-.588,-.185,.568,.802);es="Linear";ed="In";};};{tm=.167;["Torso"]={tm=0;cf=cfr(0,0,0,1,0,0,0,1,0,0,0,1);es="Linear";ed="In";};["Left Arm"]={tm=.0159;cf=cfr(-.214,-.58,-.024,-.361,.391,-.847,-.813,-.576,.081,-.457,.718,.526);es="Linear";ed="In";};["Head"]={tm=.0159;cf=cfr(-.017,.022,.01,.905,.422,.05,-.308,.732,-.608,-.293,.535,.793);es="Linear";ed="In";};["HumanoidRootPart"]={tm=.0159;cf=cfr(0,0,0,1,0,0,0,1,0,0,0,1);es="Linear";ed="In";};["Torso"]={tm=0;cf=cfr(-.221,-.514,-.165,.926,-.361,.108,.355,.932,.071,-.126,-.028,.992);es="Linear";ed="In";};};{tm=.183;["HumanoidRootPart"]={tm=.0170;cf=cfr(0,0,0,1,0,0,0,1,0,0,0,1);es="Linear";ed="In";};["Torso"]={tm=0;cf=cfr(-.221,-.481,-.165,.755,-.63,.181,.619,.777,.115,-.214,.025,.977);es="Linear";ed="In";};["Torso"]={tm=0;cf=cfr(0,0,0,1,0,0,0,1,0,0,0,1);es="Linear";ed="In";};["Head"]={tm=.0170;cf=cfr(-.008,.013,.006,.803,.596,.005,-.468,.636,-.613,-.369,.49,.79);es="Linear";ed="In";};["Left Arm"]={tm=.0170;cf=cfr(-.202,-.633,.024,-.336,.317,-.887,-.926,-.28,.251,-.169,.906,.388);es="Linear";ed="In";};};{tm=.2;["Torso"]={tm=0;cf=cfr(0,0,0,1,0,0,0,1,0,0,0,1);es="Linear";ed="In";};["Right Arm"]={tm=.0169;cf=cfr(-.203,-.481,.923,.911,.217,-.35,.359,-.001,.933,.202,-.976,-.079);es="Linear";ed="In";};["Head"]={tm=.0169;cf=cfr(-.002,.003,.001,.703,.71,-.029,-.574,.543,-.612,-.419,.447,.79);es="Linear";ed="In";};["Left Arm"]={tm=.0169;cf=cfr(-.201,-.636,.038,-.335,.25,-.908,-.939,-.006,.345,.08,.968,.237);es="Linear";ed="In";};["HumanoidRootPart"]={tm=.0169;cf=cfr(0,0,0,1,0,0,0,1,0,0,0,1);es="Linear";ed="In";};["Torso"]={tm=0;cf=cfr(-.221,-.457,-.165,.573,-.788,.224,.775,.61,.162,-.265,.081,.961);es="Linear";ed="In";};};{tm=.217;["Torso"]={tm=0;cf=cfr(0,0,0,1,0,0,0,1,0,0,0,1);es="Linear";ed="In";};["Right Arm"]={tm=.0160;cf=cfr(1.136,-.268,.912,.922,-.268,-.28,.296,.019,.955,-.25,-.963,.096);es="Linear";ed="In";};["Head"]={tm=.0160;cf=cfr(.003,-.006,-.003,.623,.781,-.053,-.64,.469,-.608,-.45,.413,.792);es="Linear";ed="In";};["Left Arm"]={tm=.0160;cf=cfr(-.205,-.62,.028,-.347,.197,-.917,-.898,.213,.385,.271,.957,.103);es="Linear";ed="In";};["HumanoidRootPart"]={tm=.0160;cf=cfr(0,0,0,1,0,0,0,1,0,0,0,1);es="Linear";ed="In";};["Torso"]={tm=0;cf=cfr(-.221,-.44,-.165,.423,-.872,.247,.858,.473,.2,-.292,.127,.948);es="Linear";ed="In";};};{tm=.233;["HumanoidRootPart"]={tm=.0169;cf=cfr(0,0,0,1,0,0,0,1,0,0,0,1);es="Linear";ed="In";};["Torso"]={tm=0;cf=cfr(-.221,-.429,-.165,.321,-.911,.257,.897,.38,.226,-.304,.158,.939);es="Linear";ed="In";};["Torso"]={tm=0;cf=cfr(0,0,0,1,0,0,0,1,0,0,0,1);es="Linear";ed="In";};["Head"]={tm=.0169;cf=cfr(.006,-.012,-.006,.568,.821,-.068,-.677,.419,-.605,-.468,.389,.793);es="Linear";ed="In";};["Left Arm"]={tm=.0169;cf=cfr(-.21,-.6,.004,-.362,.158,-.919,-.839,.373,.395,.405,.914,-.002);es="Linear";ed="In";};["Right Arm"]={tm=.0169;cf=cfr(.686,-.271,-.029,.336,-.91,-.243,.564,-.013,.826,-.755,-.414,.509);es="Linear";ed="In";};};{tm=.25;["HumanoidRootPart"]={tm=.0170;cf=cfr(0,0,0,1,0,0,0,1,0,0,0,1);es="Linear";ed="In";};["Torso"]={tm=0;cf=cfr(-.221,-.423,-.165,.267,-.928,.262,.913,.33,.24,-.309,.175,.935);es="Linear";ed="In";};["Torso"]={tm=0;cf=cfr(0,0,0,1,0,0,0,1,0,0,0,1);es="Linear";ed="In";};["Head"]={tm=.0170;cf=cfr(.007,-.015,-.007,.538,.84,-.075,-.695,.391,-.603,-.477,.376,.794);es="Linear";ed="In";};["Left Arm"]={tm=.0170;cf=cfr(-.214,-.583,-.02,-.376,.132,-.917,-.784,.481,.392,.493,.867,-.077);es="Linear";ed="In";};["Right Arm"]={tm=.0170;cf=cfr(.443,-.348,-.596,-.306,-.952,.025,.67,-.197,.715,-.676,.236,.698);es="Linear";ed="In";};};{tm=.267;["HumanoidRootPart"]={tm=.0159;cf=cfr(0,0,0,1,0,0,0,1,0,0,0,1);es="Linear";ed="In";};["Torso"]={tm=0;cf=cfr(-.221,-.422,-.165,.253,-.931,.262,.916,.318,.244,-.31,.179,.934);es="Linear";ed="In";};["Torso"]={tm=0;cf=cfr(0,0,0,1,0,0,0,1,0,0,0,1);es="Linear";ed="In";};["Head"]={tm=.0159;cf=cfr(.007,-.016,-.007,.531,.844,-.077,-.7,.385,-.602,-.479,.373,.795);es="Linear";ed="In";};["Left Arm"]={tm=.0159;cf=cfr(-.216,-.571,-.04,-.387,.116,-.915,-.743,.548,.384,.546,.829,-.125);es="Linear";ed="In";};["Right Arm"]={tm=.0159;cf=cfr(.385,-.441,-.997,-.681,-.673,.287,.648,-.372,.665,-.341,.639,.69);es="Linear";ed="In";};};{tm=.283;["HumanoidRootPart"]={tm=.0170;cf=cfr(0,0,0,1,0,0,0,1,0,0,0,1);es="Linear";ed="In";};["Torso"]={tm=0;cf=cfr(-.221,-.424,-.165,.273,-.926,.261,.911,.336,.239,-.309,.173,.935);es="Linear";ed="In";};["Torso"]={tm=0;cf=cfr(0,0,0,1,0,0,0,1,0,0,0,1);es="Linear";ed="In";};["Head"]={tm=.0170;cf=cfr(.007,-.015,-.007,.541,.838,-.074,-.693,.394,-.603,-.476,.378,.794);es="Linear";ed="In";};["Left Arm"]={tm=.0170;cf=cfr(-.218,-.564,-.053,-.393,.108,-.913,-.719,.583,.379,.573,.805,-.151);es="Linear";ed="In";};["Right Arm"]={tm=.0170;cf=cfr(.413,-.517,-1.311,-.817,-.349,.459,.576,-.486,.657,-.006,.801,.598);es="Linear";ed="In";};};{tm=.3;["HumanoidRootPart"]={tm=.0170;cf=cfr(0,0,0,1,0,0,0,1,0,0,0,1);es="Linear";ed="In";};["Torso"]={tm=0;cf=cfr(-.221,-.428,-.165,.314,-.914,.258,.899,.374,.228,-.305,.16,.939);es="Linear";ed="In";};["Torso"]={tm=0;cf=cfr(0,0,0,1,0,0,0,1,0,0,0,1);es="Linear";ed="In";};["Head"]={tm=.0170;cf=cfr(.006,-.012,-.006,.564,.823,-.069,-.68,.415,-.605,-.469,.388,.794);es="Linear";ed="In";};["Left Arm"]={tm=.0170;cf=cfr(-.218,-.562,-.057,-.395,.105,-.913,-.711,.594,.376,.582,.797,-.16);es="Linear";ed="In";};["Right Arm"]={tm=.0170;cf=cfr(.459,-.566,-1.545,-.829,-.101,.55,.508,-.545,.666,.233,.832,.503);es="Linear";ed="In";};};{tm=.317;["HumanoidRootPart"]={tm=.0160;cf=cfr(0,0,0,1,0,0,0,1,0,0,0,1);es="Linear";ed="In";};["Torso"]={tm=0;cf=cfr(-.221,-.434,-.165,.369,-.894,.253,.88,.423,.214,-.299,.144,.943);es="Linear";ed="In";};["Torso"]={tm=0;cf=cfr(0,0,0,1,0,0,0,1,0,0,0,1);es="Linear";ed="In";};["Head"]={tm=.0160;cf=cfr(.005,-.009,-.004,.593,.803,-.061,-.661,.442,-.607,-.46,.4,.793);es="Linear";ed="In";};["Left Arm"]={tm=.0160;cf=cfr(-.218,-.563,-.055,-.394,.107,-.913,-.715,.589,.378,.578,.801,-.156);es="Linear";ed="In";};["Right Arm"]={tm=.0160;cf=cfr(.494,-.594,-1.696,-.805,.049,.591,.462,-.572,.678,.371,.819,.438);es="Linear";ed="In";};};{tm=.333;["HumanoidRootPart"]={tm=.0169;cf=cfr(0,0,0,1,0,0,0,1,0,0,0,1);es="Linear";ed="In";};["Torso"]={tm=0;cf=cfr(-.221,-.44,-.165,.425,-.871,.247,.857,.475,.2,-.291,.126,.948);es="Linear";ed="In";};["Torso"]={tm=0;cf=cfr(0,0,0,1,0,0,0,1,0,0,0,1);es="Linear";ed="In";};["Head"]={tm=.0169;cf=cfr(.003,-.006,-.003,.624,.78,-.053,-.639,.47,-.609,-.45,.413,.792);es="Linear";ed="In";};["Left Arm"]={tm=.0169;cf=cfr(-.217,-.567,-.048,-.391,.111,-.914,-.727,.571,.381,.564,.813,-.143);es="Linear";ed="In";};["Right Arm"]={tm=.0169;cf=cfr(.511,-.606,-1.765,-.787,.115,.606,.441,-.581,.684,.431,.805,.407);es="Linear";ed="In";};};{tm=.35;["HumanoidRootPart"]={tm=.0170;cf=cfr(0,0,0,1,0,0,0,1,0,0,0,1);es="Linear";ed="In";};["Torso"]={tm=0;cf=cfr(-.221,-.445,-.165,.476,-.846,.24,.833,.521,.187,-.283,.111,.953);es="Linear";ed="In";};["Torso"]={tm=0;cf=cfr(0,0,0,1,0,0,0,1,0,0,0,1);es="Linear";ed="In";};["Head"]={tm=.0170;cf=cfr(.001,-.003,-.001,.651,.758,-.045,-.619,.495,-.61,-.44,.425,.791);es="Linear";ed="In";};["Left Arm"]={tm=.0170;cf=cfr(-.216,-.571,-.04,-.387,.116,-.915,-.743,.548,.384,.546,.829,-.125);es="Linear";ed="In";};["Right Arm"]={tm=.0170;cf=cfr(.512,-.606,-1.769,-.786,.118,.607,.44,-.582,.684,.434,.805,.405);es="Linear";ed="In";};};{tm=.367;["HumanoidRootPart"]={tm=.0160;cf=cfr(0,0,0,1,0,0,0,1,0,0,0,1);es="Linear";ed="In";};["Torso"]={tm=0;cf=cfr(-.221,-.449,-.165,.511,-.827,.235,.813,.554,.178,-.277,.1,.956);es="Linear";ed="In";};["Torso"]={tm=0;cf=cfr(0,0,0,1,0,0,0,1,0,0,0,1);es="Linear";ed="In";};["Head"]={tm=.0160;cf=cfr(0,-.001,0,.67,.741,-.039,-.603,.513,-.611,-.433,.433,.791);es="Linear";ed="In";};["Left Arm"]={tm=.0160;cf=cfr(-.215,-.575,-.032,-.383,.122,-.916,-.759,.523,.387,.526,.843,-.107);es="Linear";ed="In";};["Right Arm"]={tm=.0160;cf=cfr(.501,-.599,-1.725,-.798,.078,.598,.453,-.576,.68,.397,.814,.425);es="Linear";ed="In";};};{tm=.383;["HumanoidRootPart"]={tm=0;cf=cfr(0,0,0,1,0,0,0,1,0,0,0,1);es="Linear";ed="In";};["Torso"]={tm=0;cf=cfr(-.221,-.451,-.165,.525,-.819,.233,.806,.566,.175,-.275,.096,.957);es="Linear";ed="In";};["Torso"]={tm=0;cf=cfr(0,0,0,1,0,0,0,1,0,0,0,1);es="Linear";ed="In";};["Head"]={tm=0;cf=cfr(0,0,0,.677,.735,-.037,-.597,.519,-.611,-.43,.436,.791);es="Linear";ed="In";};["Left Arm"]={tm=.0170;cf=cfr(-.215,-.579,-.027,-.38,.127,-.916,-.771,.504,.389,.511,.854,-.094);es="Linear";ed="In";};["Right Arm"]={tm=.0170;cf=cfr(.485,-.587,-1.657,-.813,.012,.582,.474,-.566,.674,.337,.824,.455);es="Linear";ed="In";};};{tm=.4;["Torso"]={tm=.0169;cf=cfr(0,0,0,1,0,0,0,1,0,0,0,1);es="Linear";ed="In";};["Left Arm"]={tm=0;cf=cfr(-.214,-.58,-.024,-.379,.129,-.917,-.776,.496,.39,.505,.859,-.088);es="Linear";ed="In";};["Right Arm"]={tm=.0169;cf=cfr(.468,-.574,-1.586,-.825,-.059,.562,.496,-.553,.669,.271,.831,.486);es="Linear";ed="In";};};{tm=.417;["Torso"]={tm=.0160;cf=cfr(0,0,0,1,0,0,0,1,0,0,0,1);es="Linear";ed="In";};["Right Arm"]={tm=.0160;cf=cfr(.455,-.563,-1.53,-.83,-.117,.545,.513,-.542,.666,.218,.832,.51);es="Linear";ed="In";};};{tm=.433;["Torso"]={tm=0;cf=cfr(0,0,0,1,0,0,0,1,0,0,0,1);es="Linear";ed="In";};["Right Arm"]={tm=0;cf=cfr(.451,-.559,-1.508,-.832,-.14,.537,.52,-.537,.664,.196,.832,.52);es="Linear";ed="In";};};}
