-- // converted using mech's animoduler
local cfr = CFrame.new

return {{tm=0;["HumanoidRootPart"]={tm=.05;cf=cfr(0,0,0,1,0,0,0,1,0,0,0,1);es="Linear";ed="In";};["Torso"]={tm=0;cf=cfr(0,0,0,1,0,0,0,1,0,0,0,1);es="Linear";ed="In";};["Torso"]={tm=0;cf=cfr(0,0,0,1,0,0,0,1,0,0,0,1);es="Linear";ed="In";};["Right Arm"]={tm=.05;cf=cfr(0,0,0,1,0,0,0,1,0,0,0,1);es="Linear";ed="In";};["Left Arm"]={tm=.05;cf=cfr(0,0,0,1,0,0,0,1,0,0,0,1);es="Linear";ed="In";};["Head"]={tm=.05;cf=cfr(0,0,0,1,0,0,0,1,0,0,0,1);es="Linear";ed="In";};};{tm=.05;["HumanoidRootPart"]={tm=.05;cf=cfr(0,0,0,1,0,0,0,1,0,0,0,1);es="Linear";ed="In";};["Torso"]={tm=0;cf=cfr(0,0,0,.803,.597,0,-.554,.746,.369,.22,-.296,.929);es="Linear";ed="In";};["Torso"]={tm=0;cf=cfr(0,0,0,1,0,0,0,1,0,0,0,1);es="Linear";ed="In";};["Right Arm"]={tm=.033;cf=cfr(-.018,-.903,-.179,-.158,-.915,.371,.987,-.147,.058,.001,.376,.927);es="Linear";ed="In";};["Head"]={tm=.05;cf=cfr(0,0,0,.938,-.302,.167,.343,.87,-.355,-.038,.39,.92);es="Linear";ed="In";};["Left Arm"]={tm=.067;cf=cfr(.011,-.964,.683,.33,.826,.457,.122,-.517,.847,.936,-.224,-.272);es="Linear";ed="In";};};{tm=.083;["Torso"]={tm=.017;cf=cfr(0,0,0,1,0,0,0,1,0,0,0,1);es="Linear";ed="In";};["Right Arm"]={tm=.034;cf=cfr(-.612,.082,.263,.672,-.485,.56,.412,.873,.261,-.615,.056,.786);es="Linear";ed="In";};};{tm=.1;["HumanoidRootPart"]={tm=.017;cf=cfr(0,0,0,1,0,0,0,1,0,0,0,1);es="Linear";ed="In";};["Torso"]={tm=0;cf=cfr(0,-.238,-.219,.803,.597,0,-.497,.669,.552,.329,-.443,.834);es="Linear";ed="In";};["Torso"]={tm=0;cf=cfr(0,0,0,1,0,0,0,1,0,0,0,1);es="Linear";ed="In";};["Head"]={tm=.017;cf=cfr(0,0,0,.935,-.277,.22,.348,.835,-.426,-.066,.475,.877);es="Linear";ed="In";};};{tm=.117;["Torso"]={tm=0;cf=cfr(0,0,0,1,0,0,0,1,0,0,0,1);es="Linear";ed="In";};["Left Arm"]={tm=.016;cf=cfr(-.523,-1.004,.67,.399,.448,.8,.024,-.877,.48,.917,-.172,-.361);es="Linear";ed="In";};["Right Arm"]={tm=.0329;cf=cfr(-.958,-.399,-.255,-.978,.153,-.14,-.159,-.987,.034,-.133,.056,.989);es="Linear";ed="In";};["Head"]={tm=.016;cf=cfr(.041,.009,-.059,.994,-.046,.096,.057,.991,-.118,-.09,.123,.988);es="Linear";ed="In";};["HumanoidRootPart"]={tm=.016;cf=cfr(0,0,0,1,0,0,0,1,0,0,0,1);es="Linear";ed="In";};["Torso"]={tm=0;cf=cfr(0,-.556,-.26,.947,.246,-.207,-.222,.966,.132,.233,-.079,.969);es="Linear";ed="In";};};{tm=.133;["HumanoidRootPart"]={tm=.0169;cf=cfr(0,0,0,1,0,0,0,1,0,0,0,1);es="Linear";ed="In";};["Torso"]={tm=0;cf=cfr(0,-.802,-.292,.969,-.087,-.232,.029,.969,-.245,.246,.231,.941);es="Linear";ed="In";};["Torso"]={tm=0;cf=cfr(0,0,0,1,0,0,0,1,0,0,0,1);es="Linear";ed="In";};["Head"]={tm=.0169;cf=cfr(.044,0,-.061,.985,.159,.059,-.166,.974,.151,-.033,-.159,.987);es="Linear";ed="In";};["Left Arm"]={tm=.0169;cf=cfr(-.141,-1.099,.384,.414,.684,.6,-.073,-.632,.771,.907,-.363,-.212);es="Linear";ed="In";};};{tm=.15;["Torso"]={tm=0;cf=cfr(0,0,0,1,0,0,0,1,0,0,0,1);es="Linear";ed="In";};["Right Arm"]={tm=.033;cf=cfr(-.209,1.655,-.538,-.352,.7,-.622,-.803,-.567,-.184,-.481,.434,.761);es="Linear";ed="In";};["Head"]={tm=.0170;cf=cfr(.028,-.004,-.038,.949,.309,.067,-.313,.885,.345,.047,-.349,.936);es="Linear";ed="In";};["Left Arm"]={tm=.0170;cf=cfr(.166,-1.095,.154,.448,.809,.381,-.142,-.357,.923,.883,-.468,-.045);es="Linear";ed="In";};["HumanoidRootPart"]={tm=.0170;cf=cfr(0,0,0,1,0,0,0,1,0,0,0,1);es="Linear";ed="In";};["Torso"]={tm=0;cf=cfr(0,-.983,-.315,.931,-.325,-.168,.203,.84,-.503,.305,.434,.848);es="Linear";ed="In";};};{tm=.167;["HumanoidRootPart"]={tm=.0159;cf=cfr(0,0,0,1,0,0,0,1,0,0,0,1);es="Linear";ed="In";};["Torso"]={tm=0;cf=cfr(0,-1.11,-.332,.879,-.469,-.087,.305,.693,-.653,.367,.548,.752);es="Linear";ed="In";};["Torso"]={tm=0;cf=cfr(0,0,0,1,0,0,0,1,0,0,0,1);es="Linear";ed="In";};["Head"]={tm=.0159;cf=cfr(.008,-.002,-.011,.909,.406,.091,-.399,.787,.47,.119,-.464,.878);es="Linear";ed="In";};["Left Arm"]={tm=.0159;cf=cfr(.392,-1.044,-.017,.486,.854,.187,-.186,-.109,.977,.854,-.509,.106);es="Linear";ed="In";};};{tm=.183;["Torso"]={tm=0;cf=cfr(0,0,0,1,0,0,0,1,0,0,0,1);es="Linear";ed="In";};["Right Arm"]={tm=.034;cf=cfr(.886,1.203,.769,-.321,-.677,-.662,.843,-.523,.126,-.432,-.517,.739);es="Linear";ed="In";};["Head"]={tm=.0170;cf=cfr(-.008,.003,.011,.879,.462,.114,-.445,.713,.542,.17,-.528,.832);es="Linear";ed="In";};["Left Arm"]={tm=.0170;cf=cfr(.552,-.979,-.137,.521,.853,.035,-.21,.089,.974,.828,-.514,.225);es="Linear";ed="In";};["HumanoidRootPart"]={tm=.0170;cf=cfr(0,0,0,1,0,0,0,1,0,0,0,1);es="Linear";ed="In";};["Torso"]={tm=0;cf=cfr(0,-1.189,-.342,.837,-.547,-.022,.359,.58,-.731,.413,.604,.682);es="Linear";ed="In";};};{tm=.2;["HumanoidRootPart"]={tm=.0169;cf=cfr(0,0,0,1,0,0,0,1,0,0,0,1);es="Linear";ed="In";};["Torso"]={tm=0;cf=cfr(0,-1.23,-.347,.813,-.582,.015,.383,.516,-.766,.438,.629,.643);es="Linear";ed="In";};["Torso"]={tm=0;cf=cfr(0,0,0,1,0,0,0,1,0,0,0,1);es="Linear";ed="In";};["Head"]={tm=.0169;cf=cfr(-.018,.006,.024,.862,.49,.127,-.466,.67,.577,.197,-.557,.806);es="Linear";ed="In";};["Left Arm"]={tm=.0169;cf=cfr(.658,-.92,-.217,.548,.833,-.076,-.222,.233,.947,.806,-.502,.313);es="Linear";ed="In";};};{tm=.217;["Torso"]={tm=0;cf=cfr(0,0,0,1,0,0,0,1,0,0,0,1);es="Linear";ed="In";};["Right Arm"]={tm=.0160;cf=cfr(.214,-.401,.224,.447,-.728,-.52,.889,.427,.167,.1,-.537,.838);es="Linear";ed="In";};["Head"]={tm=.0160;cf=cfr(-.02,.007,.027,.858,.497,.131,-.471,.658,.587,.205,-.565,.799);es="Linear";ed="In";};["Left Arm"]={tm=.0160;cf=cfr(.725,-.875,-.268,.568,.809,-.15,-.228,.329,.916,.791,-.486,.371);es="Linear";ed="In";};["HumanoidRootPart"]={tm=.0160;cf=cfr(0,0,0,1,0,0,0,1,0,0,0,1);es="Linear";ed="In";};["Torso"]={tm=0;cf=cfr(0,-1.241,-.349,.806,-.591,.025,.389,.498,-.775,.445,.635,.632);es="Linear";ed="In";};};{tm=.233;["Torso"]={tm=0;cf=cfr(0,0,0,1,0,0,0,1,0,0,0,1);es="Linear";ed="In";};["Right Arm"]={tm=.0169;cf=cfr(.645,-1.276,-.576,-.393,-.911,.124,.547,-.123,.828,-.739,.394,.547);es="Linear";ed="In";};["Head"]={tm=.0169;cf=cfr(-.018,.006,.024,.862,.491,.128,-.467,.669,.578,.198,-.558,.806);es="Linear";ed="In";};["Left Arm"]={tm=.0169;cf=cfr(.764,-.845,-.298,.58,.791,-.194,-.23,.387,.893,.782,-.473,.406);es="Linear";ed="In";};["HumanoidRootPart"]={tm=.0169;cf=cfr(0,0,0,1,0,0,0,1,0,0,0,1);es="Linear";ed="In";};["Torso"]={tm=0;cf=cfr(0,-1.231,-.347,.812,-.583,.016,.384,.514,-.767,.439,.629,.642);es="Linear";ed="In";};};{tm=.25;["HumanoidRootPart"]={tm=.0170;cf=cfr(0,0,0,1,0,0,0,1,0,0,0,1);es="Linear";ed="In";};["Torso"]={tm=0;cf=cfr(0,-1.209,-.345,.826,-.564,-.005,.371,.55,-.748,.424,.616,.663);es="Linear";ed="In";};["Torso"]={tm=0;cf=cfr(0,0,0,1,0,0,0,1,0,0,0,1);es="Linear";ed="In";};["Head"]={tm=.0170;cf=cfr(-.013,.004,.017,.871,.476,.12,-.455,.693,.559,.183,-.542,.82);es="Linear";ed="In";};["Left Arm"]={tm=.0170;cf=cfr(.782,-.831,-.311,.586,.781,-.215,-.23,.415,.88,.777,-.466,.423);es="Linear";ed="In";};["Right Arm"]={tm=.0170;cf=cfr(.427,-1.096,-.712,-.7,-.676,.231,.403,-.107,.909,-.59,.729,.347);es="Linear";ed="In";};};{tm=.267;["HumanoidRootPart"]={tm=.0159;cf=cfr(0,0,0,1,0,0,0,1,0,0,0,1);es="Linear";ed="In";};["Torso"]={tm=0;cf=cfr(0,-1.182,-.341,.841,-.54,-.028,.355,.591,-.725,.408,.6,.688);es="Linear";ed="In";};["Torso"]={tm=0;cf=cfr(0,0,0,1,0,0,0,1,0,0,0,1);es="Linear";ed="In";};["Head"]={tm=.0159;cf=cfr(-.007,.002,.009,.882,.457,.112,-.441,.72,.536,.165,-.522,.837);es="Linear";ed="In";};["Left Arm"]={tm=.0159;cf=cfr(.785,-.828,-.313,.587,.78,-.218,-.231,.419,.878,.776,-.465,.426);es="Linear";ed="In";};["Right Arm"]={tm=.0159;cf=cfr(.335,-.943,-.83,-.859,-.447,.251,.307,-.057,.95,-.41,.893,.186);es="Linear";ed="In";};};{tm=.283;["HumanoidRootPart"]={tm=.0170;cf=cfr(0,0,0,1,0,0,0,1,0,0,0,1);es="Linear";ed="In";};["Torso"]={tm=0;cf=cfr(0,-1.159,-.338,.853,-.519,-.047,.34,.624,-.704,.395,.585,.709);es="Linear";ed="In";};["Torso"]={tm=0;cf=cfr(0,0,0,1,0,0,0,1,0,0,0,1);es="Linear";ed="In";};["Head"]={tm=.0170;cf=cfr(-.002,.001,.003,.891,.442,.105,-.428,.742,.516,.15,-.505,.85);es="Linear";ed="In";};["Left Arm"]={tm=.0170;cf=cfr(.777,-.835,-.307,.584,.785,-.208,-.23,.406,.884,.778,-.469,.418);es="Linear";ed="In";};["Right Arm"]={tm=.0170;cf=cfr(.298,-.834,-.922,-.929,-.283,.239,.252,-.011,.968,-.272,.959,.082);es="Linear";ed="In";};};{tm=.3;["HumanoidRootPart"]={tm=0;cf=cfr(0,0,0,1,0,0,0,1,0,0,0,1);es="Linear";ed="In";};["Torso"]={tm=0;cf=cfr(0,-1.15,-.337,.858,-.51,-.055,.334,.637,-.695,.389,.578,.717);es="Linear";ed="In";};["Torso"]={tm=0;cf=cfr(0,0,0,1,0,0,0,1,0,0,0,1);es="Linear";ed="In";};["Head"]={tm=0;cf=cfr(0,0,0,.895,.435,.102,-.423,.75,.508,.144,-.497,.855);es="Linear";ed="In";};["Left Arm"]={tm=.0170;cf=cfr(.761,-.848,-.295,.579,.793,-.19,-.23,.382,.895,.782,-.475,.403);es="Linear";ed="In";};["Right Arm"]={tm=.0170;cf=cfr(.283,-.772,-.979,-.955,-.192,.225,.226,.018,.974,-.191,.981,.026);es="Linear";ed="In";};};{tm=.317;["Torso"]={tm=.0160;cf=cfr(0,0,0,1,0,0,0,1,0,0,0,1);es="Linear";ed="In";};["Left Arm"]={tm=.0160;cf=cfr(.741,-.863,-.28,.572,.803,-.167,-.229,.352,.908,.787,-.481,.385);es="Linear";ed="In";};["Right Arm"]={tm=.0160;cf=cfr(.279,-.75,-1,-.962,-.16,.219,.217,.029,.976,-.163,.987,.007);es="Linear";ed="In";};};{tm=.333;["Torso"]={tm=.0169;cf=cfr(0,0,0,1,0,0,0,1,0,0,0,1);es="Linear";ed="In";};["Left Arm"]={tm=.0169;cf=cfr(.721,-.878,-.265,.566,.811,-.145,-.227,.322,.919,.792,-.487,.367);es="Linear";ed="In";};["Right Arm"]={tm=.0169;cf=cfr(.28,-.756,-.995,-.961,-.169,.221,.219,.026,.975,-.171,.985,.012);es="Linear";ed="In";};};{tm=.35;["Torso"]={tm=.0170;cf=cfr(0,0,0,1,0,0,0,1,0,0,0,1);es="Linear";ed="In";};["Left Arm"]={tm=.0170;cf=cfr(.705,-.889,-.253,.562,.817,-.128,-.226,.3,.927,.796,-.492,.354);es="Linear";ed="In";};["Right Arm"]={tm=.0170;cf=cfr(.284,-.777,-.975,-.954,-.199,.226,.228,.016,.974,-.197,.98,.03);es="Linear";ed="In";};};{tm=.367;["Torso"]={tm=.0160;cf=cfr(0,0,0,1,0,0,0,1,0,0,0,1);es="Linear";ed="In";};["Left Arm"]={tm=0;cf=cfr(.699,-.893,-.249,.56,.82,-.121,-.226,.291,.93,.797,-.493,.348);es="Linear";ed="In";};["Right Arm"]={tm=.0160;cf=cfr(.289,-.799,-.955,-.945,-.231,.232,.237,.006,.972,-.226,.973,.049);es="Linear";ed="In";};};{tm=.383;["Torso"]={tm=0;cf=cfr(0,0,0,1,0,0,0,1,0,0,0,1);es="Linear";ed="In";};["Right Arm"]={tm=0;cf=cfr(.291,-.809,-.945,-.941,-.246,.234,.241,.001,.971,-.239,.969,.058);es="Linear";ed="In";};};}
