-- // converted using mech's animoduler
local cfr = CFrame.new

return {{tm=0;["HumanoidRootPart"]={tm=.017;cf=cfr(0,0,0,1,0,0,0,1,0,0,0,1);es="Linear";ed="In";};["Torso"]={tm=.017;cf=cfr(0,0,0,1,0,0,0,1,0,0,0,1);es="Sextic";ed="Out";};["Left Arm"]={tm=.017;cf=cfr(0,0,0,1,0,0,0,1,0,0,0,1);es="Sextic";ed="Out";};["Handle"]={tm=.017;cf=cfr(0,0,0,1,0,0,0,1,0,0,0,1);es="Linear";ed="In";};["Chain"]={tm=.017;cf=cfr(.037,-.507,.484,.808,.392,.44,.293,-.915,.278,.512,-.096,-.854);es="Quad";ed="Out";};["Base"]={tm=.017;cf=cfr(0,0,0,1,0,0,0,1,0,0,0,1);es="Linear";ed="In";};["HourHand"]={tm=.017;cf=cfr(0,0,0,1,0,0,0,1,0,0,0,1);es="Sextic";ed="Out";};["MinuteHand"]={tm=.017;cf=cfr(0,0,0,1,0,0,0,1,0,0,0,1);es="Sextic";ed="Out";};["SecondHand"]={tm=.017;cf=cfr(0,0,0,1,0,0,0,1,0,0,0,1);es="Sextic";ed="Out";};["Left Leg"]={tm=.017;cf=cfr(0,0,0,1,0,0,0,1,0,0,0,1);es="Sextic";ed="Out";};["Head"]={tm=.017;cf=cfr(0,0,0,1,0,0,0,1,0,0,0,1);es="Sextic";ed="Out";};["Right Arm"]={tm=.017;cf=cfr(0,0,0,1,0,0,0,1,0,0,0,1);es="Sextic";ed="Out";};["Right Leg"]={tm=.017;cf=cfr(0,0,0,1,0,0,0,1,0,0,0,1);es="Sextic";ed="Out";};};{tm=.017;["HumanoidRootPart"]={tm=.016;cf=cfr(0,0,0,1,0,0,0,1,0,0,0,1);es="Linear";ed="In";};["Torso"]={tm=.016;cf=cfr(0,0,-.223,.975,.22,-.019,-.219,.974,.06,.032,-.054,.998);es="Linear";ed="In";};["Left Arm"]={tm=.016;cf=cfr(-.026,.151,0,.737,.675,0,-.675,.737,0,0,0,1);es="Linear";ed="In";};["Handle"]={tm=.016;cf=cfr(0,0,0,1,0,0,0,1,0,0,0,1);es="Linear";ed="In";};["Chain"]={tm=.016;cf=cfr(.037,-.507,.484,.835,.265,.482,.104,-.937,.335,.54,-.23,-.81);es="Linear";ed="In";};["Base"]={tm=.016;cf=cfr(0,0,0,1,0,0,0,1,0,0,0,1);es="Linear";ed="In";};["HourHand"]={tm=.016;cf=cfr(0,0,0,.999,-.051,0,.051,.999,0,0,0,1);es="Linear";ed="In";};["MinuteHand"]={tm=.016;cf=cfr(0,0,0,.808,-.59,0,.59,.808,0,0,0,1);es="Linear";ed="In";};["SecondHand"]={tm=.016;cf=cfr(0,0,0,.86,.51,0,-.51,.86,0,0,0,1);es="Linear";ed="In";};["Left Leg"]={tm=.016;cf=cfr(-.015,.096,.017,.998,.066,.002,-.066,.995,.074,.002,-.074,.997);es="Linear";ed="In";};["Head"]={tm=.016;cf=cfr(0,0,0,.977,-.205,.058,.208,.976,-.061,-.044,.072,.996);es="Linear";ed="In";};["Right Arm"]={tm=.016;cf=cfr(0,0,0,.967,-.072,-.244,.137,.955,.262,.214,-.287,.934);es="Linear";ed="In";};["Right Leg"]={tm=.016;cf=cfr(.022,.139,-.024,.983,.183,.019,-.183,.962,.204,.019,-.204,.979);es="Linear";ed="In";};};{tm=.033;["HumanoidRootPart"]={tm=.017;cf=cfr(0,0,0,1,0,0,0,1,0,0,0,1);es="Linear";ed="In";};["Torso"]={tm=.017;cf=cfr(0,0,-.394,.923,.383,-.025,-.379,.919,.108,.064,-.09,.994);es="Linear";ed="In";};["Left Arm"]={tm=.017;cf=cfr(-.046,.268,0,.256,.967,0,-.967,.256,0,0,0,1);es="Linear";ed="In";};["Handle"]={tm=.017;cf=cfr(0,0,0,1,0,0,0,1,0,0,0,1);es="Linear";ed="In";};["Chain"]={tm=.017;cf=cfr(.037,-.507,.484,.837,.15,.525,-.069,-.925,.375,.542,-.35,-.764);es="Linear";ed="In";};["Base"]={tm=.017;cf=cfr(0,0,0,1,0,0,0,1,0,0,0,1);es="Linear";ed="In";};["HourHand"]={tm=.017;cf=cfr(0,0,0,.996,-.09,0,.09,.996,0,0,0,1);es="Linear";ed="In";};["MinuteHand"]={tm=.017;cf=cfr(0,0,0,.44,-.898,0,.898,.44,0,0,0,1);es="Linear";ed="In";};["SecondHand"]={tm=.017;cf=cfr(0,0,0,.585,.811,0,-.811,.585,0,0,0,1);es="Linear";ed="In";};["Left Leg"]={tm=.017;cf=cfr(-.027,.17,.03,.993,.116,.008,-.116,.985,.13,.008,-.13,.992);es="Linear";ed="In";};["Head"]={tm=.017;cf=cfr(0,0,0,.929,-.353,.11,.364,.926,-.098,-.068,.132,.989);es="Linear";ed="In";};["Right Arm"]={tm=.017;cf=cfr(0,0,0,.9,-.077,-.429,.275,.864,.423,.338,-.498,.798);es="Linear";ed="In";};["Right Leg"]={tm=.017;cf=cfr(.039,.246,-.043,.947,.315,.059,-.315,.882,.351,.059,-.351,.934);es="Linear";ed="In";};};{tm=.05;["HumanoidRootPart"]={tm=.017;cf=cfr(0,0,0,1,0,0,0,1,0,0,0,1);es="Linear";ed="In";};["Torso"]={tm=.017;cf=cfr(0,0,-.524,.866,.5,-.023,-.492,.859,.144,.092,-.113,.989);es="Linear";ed="In";};["Left Arm"]={tm=.017;cf=cfr(-.062,.356,0,-.172,.985,0,-.985,-.172,0,0,0,1);es="Linear";ed="In";};["Handle"]={tm=.017;cf=cfr(0,0,0,1,0,0,0,1,0,0,0,1);es="Linear";ed="In";};["Chain"]={tm=.017;cf=cfr(.037,-.507,.484,.822,.052,.567,-.22,-.89,.4,.525,-.454,-.72);es="Linear";ed="In";};["Base"]={tm=.017;cf=cfr(0,0,0,1,0,0,0,1,0,0,0,1);es="Linear";ed="In";};["HourHand"]={tm=.017;cf=cfr(0,0,0,.993,-.12,0,.12,.993,0,0,0,1);es="Linear";ed="In";};["MinuteHand"]={tm=.017;cf=cfr(0,0,0,.088,-.996,0,.996,.088,0,0,0,1);es="Linear";ed="In";};["SecondHand"]={tm=.017;cf=cfr(0,0,0,.308,.952,0,-.952,.308,0,0,0,1);es="Linear";ed="In";};["Left Leg"]={tm=.017;cf=cfr(-.035,.226,.04,.988,.154,.013,-.154,.973,.172,.013,-.172,.985);es="Linear";ed="In";};["Head"]={tm=.017;cf=cfr(0,0,0,.876,-.457,.153,.476,.871,-.121,-.078,.179,.981);es="Linear";ed="In";};["Right Arm"]={tm=.017;cf=cfr(0,0,0,.828,-.05,-.558,.39,.766,.511,.402,-.641,.654);es="Linear";ed="In";};["Right Leg"]={tm=.017;cf=cfr(.051,.327,-.057,.908,.406,.102,-.406,.794,.453,.102,-.453,.886);es="Linear";ed="In";};};{tm=.067;["HumanoidRootPart"]={tm=.016;cf=cfr(0,0,0,1,0,0,0,1,0,0,0,1);es="Linear";ed="In";};["Torso"]={tm=.016;cf=cfr(0,0,-.62,.814,.581,-.019,-.57,.804,.171,.115,-.128,.985);es="Linear";ed="In";};["Left Arm"]={tm=.016;cf=cfr(-.073,.422,0,-.475,.88,0,-.88,-.475,0,0,0,1);es="Linear";ed="In";};["Handle"]={tm=.016;cf=cfr(0,0,0,1,0,0,0,1,0,0,0,1);es="Linear";ed="In";};["Chain"]={tm=.016;cf=cfr(.037,-.507,.484,.795,-.03,.605,-.347,-.842,.414,.497,-.539,-.68);es="Linear";ed="In";};["Base"]={tm=.016;cf=cfr(0,0,0,1,0,0,0,1,0,0,0,1);es="Linear";ed="In";};["HourHand"]={tm=.016;cf=cfr(0,0,0,.99,-.142,0,.142,.99,0,0,0,1);es="Linear";ed="In";};["MinuteHand"]={tm=.016;cf=cfr(0,0,0,-.185,-.983,0,.983,-.185,0,0,0,1);es="Linear";ed="In";};["SecondHand"]={tm=.016;cf=cfr(0,0,0,.08,.997,0,-.997,.08,0,0,0,1);es="Linear";ed="In";};["Left Leg"]={tm=.016;cf=cfr(-.042,.267,.047,.983,.182,.019,-.182,.962,.203,.019,-.203,.979);es="Linear";ed="In";};["Head"]={tm=.016;cf=cfr(0,0,0,.828,-.529,.187,.555,.821,-.134,-.083,.214,.973);es="Linear";ed="In";};["Right Arm"]={tm=.016;cf=cfr(0,0,0,.766,-.014,-.643,.478,.68,.555,.43,-.733,.528);es="Linear";ed="In";};["Right Leg"]={tm=.016;cf=cfr(.061,.387,-.068,.873,.467,.142,-.467,.715,.52,.142,-.52,.842);es="Linear";ed="In";};};{tm=.083;["HumanoidRootPart"]={tm=.017;cf=cfr(0,0,0,1,0,0,0,1,0,0,0,1);es="Linear";ed="In";};["Torso"]={tm=.017;cf=cfr(0,0,-.691,.771,.637,-.014,-.623,.759,.19,.132,-.138,.982);es="Linear";ed="In";};["Left Arm"]={tm=.017;cf=cfr(-.081,.47,0,-.667,.745,0,-.745,-.667,0,0,0,1);es="Linear";ed="In";};["Handle"]={tm=.017;cf=cfr(0,0,0,1,0,0,0,1,0,0,0,1);es="Linear";ed="In";};["Chain"]={tm=.017;cf=cfr(.037,-.507,.484,.764,-.095,.638,-.449,-.789,.42,.464,-.607,-.645);es="Linear";ed="In";};["Base"]={tm=.017;cf=cfr(0,0,0,1,0,0,0,1,0,0,0,1);es="Linear";ed="In";};["HourHand"]={tm=.017;cf=cfr(0,0,0,.987,-.158,0,.158,.987,0,0,0,1);es="Linear";ed="In";};["MinuteHand"]={tm=.017;cf=cfr(0,0,0,-.377,-.926,0,.926,-.377,0,0,0,1);es="Linear";ed="In";};["SecondHand"]={tm=.017;cf=cfr(0,0,0,-.09,.996,0,-.996,-.09,0,0,0,1);es="Linear";ed="In";};["Left Leg"]={tm=.017;cf=cfr(-.047,.298,.052,.979,.202,.023,-.202,.953,.225,.023,-.225,.974);es="Linear";ed="In";};["Head"]={tm=.017;cf=cfr(0,0,0,.788,-.579,.212,.61,.779,-.141,-.083,.24,.967);es="Linear";ed="In";};["Right Arm"]={tm=.017;cf=cfr(0,0,0,.716,.021,-.698,.542,.612,.575,.44,-.79,.427);es="Linear";ed="In";};["Right Leg"]={tm=.017;cf=cfr(.068,.431,-.076,.844,.507,.174,-.507,.651,.565,.174,-.565,.806);es="Linear";ed="In";};};{tm=.1;["HumanoidRootPart"]={tm=.017;cf=cfr(0,0,0,1,0,0,0,1,0,0,0,1);es="Linear";ed="In";};["Torso"]={tm=.017;cf=cfr(0,0,-.742,.738,.675,-.01,-.66,.724,.204,.145,-.143,.979);es="Linear";ed="In";};["Left Arm"]={tm=.017;cf=cfr(-.087,.505,0,-.783,.622,0,-.622,-.783,0,0,0,1);es="Linear";ed="In";};["Handle"]={tm=.017;cf=cfr(0,0,0,1,0,0,0,1,0,0,0,1);es="Linear";ed="In";};["Chain"]={tm=.017;cf=cfr(.037,-.507,.484,.732,-.144,.665,-.528,-.738,.421,.43,-.659,-.617);es="Linear";ed="In";};["Base"]={tm=.017;cf=cfr(0,0,0,1,0,0,0,1,0,0,0,1);es="Linear";ed="In";};["HourHand"]={tm=.017;cf=cfr(0,0,0,.986,-.169,0,.169,.986,0,0,0,1);es="Linear";ed="In";};["MinuteHand"]={tm=.017;cf=cfr(0,0,0,-.506,-.863,0,.863,-.506,0,0,0,1);es="Linear";ed="In";};["SecondHand"]={tm=.017;cf=cfr(0,0,0,-.21,.978,0,-.978,-.21,0,0,0,1);es="Linear";ed="In";};["Left Leg"]={tm=.017;cf=cfr(-.05,.32,.056,.976,.216,.027,-.216,.946,.241,.027,-.241,.97);es="Linear";ed="In";};["Head"]={tm=.017;cf=cfr(0,0,0,.757,-.612,.23,.648,.747,-.145,-.083,.259,.962);es="Linear";ed="In";};["Right Arm"]={tm=.017;cf=cfr(0,0,0,.679,.05,-.733,.588,.562,.582,.441,-.826,.352);es="Linear";ed="In";};["Right Leg"]={tm=.017;cf=cfr(.073,.463,-.081,.822,.534,.198,-.534,.601,.595,.198,-.595,.779);es="Linear";ed="In";};};{tm=.117;["HumanoidRootPart"]={tm=.016;cf=cfr(0,0,0,1,0,0,0,1,0,0,0,1);es="Linear";ed="In";};["Torso"]={tm=.016;cf=cfr(0,0,-.777,.713,.701,-.007,-.684,.698,.213,.154,-.147,.977);es="Linear";ed="In";};["Left Arm"]={tm=.016;cf=cfr(-.092,.529,0,-.851,.525,0,-.525,-.851,0,0,0,1);es="Linear";ed="In";};["Handle"]={tm=.016;cf=cfr(0,0,0,1,0,0,0,1,0,0,0,1);es="Linear";ed="In";};["Chain"]={tm=.016;cf=cfr(.037,-.507,.484,.704,-.181,.687,-.586,-.694,.419,.4,-.697,-.594);es="Linear";ed="In";};["Base"]={tm=.016;cf=cfr(0,0,0,1,0,0,0,1,0,0,0,1);es="Linear";ed="In";};["HourHand"]={tm=.016;cf=cfr(0,0,0,.984,-.177,0,.177,.984,0,0,0,1);es="Linear";ed="In";};["MinuteHand"]={tm=.016;cf=cfr(0,0,0,-.59,-.808,0,.808,-.59,0,0,0,1);es="Linear";ed="In";};["SecondHand"]={tm=.016;cf=cfr(0,0,0,-.293,.956,0,-.956,-.293,0,0,0,1);es="Linear";ed="In";};["Left Leg"]={tm=.016;cf=cfr(-.053,.335,.059,.974,.226,.029,-.226,.941,.252,.029,-.252,.967);es="Linear";ed="In";};["Head"]={tm=.016;cf=cfr(0,0,0,.734,-.634,.243,.674,.724,-.148,-.082,.272,.959);es="Linear";ed="In";};["Right Arm"]={tm=.016;cf=cfr(0,0,0,.652,.072,-.755,.619,.525,.584,.438,-.848,.298);es="Linear";ed="In";};["Right Leg"]={tm=.016;cf=cfr(.076,.485,-.085,.806,.551,.216,-.551,.565,.614,.216,-.614,.759);es="Linear";ed="In";};};{tm=.133;["HumanoidRootPart"]={tm=.0169;cf=cfr(0,0,0,1,0,0,0,1,0,0,0,1);es="Linear";ed="In";};["Torso"]={tm=.0169;cf=cfr(0,0,-.802,.696,.718,-.004,-.7,.68,.219,.16,-.149,.976);es="Linear";ed="In";};["Left Arm"]={tm=.0169;cf=cfr(-.095,.545,0,-.89,.455,0,-.455,-.89,0,0,0,1);es="Linear";ed="In";};["Handle"]={tm=.0169;cf=cfr(0,0,0,1,0,0,0,1,0,0,0,1);es="Linear";ed="In";};["Chain"]={tm=.0169;cf=cfr(.037,-.507,.484,.682,-.205,.701,-.626,-.66,.416,.377,-.723,-.579);es="Linear";ed="In";};["Base"]={tm=.0169;cf=cfr(0,0,0,1,0,0,0,1,0,0,0,1);es="Linear";ed="In";};["HourHand"]={tm=.0169;cf=cfr(0,0,0,.983,-.183,0,.183,.983,0,0,0,1);es="Linear";ed="In";};["MinuteHand"]={tm=.0169;cf=cfr(0,0,0,-.644,-.765,0,.765,-.644,0,0,0,1);es="Linear";ed="In";};["SecondHand"]={tm=.0169;cf=cfr(0,0,0,-.348,.938,0,-.938,-.348,0,0,0,1);es="Linear";ed="In";};["Left Leg"]={tm=.0169;cf=cfr(-.054,.345,.06,.972,.233,.031,-.233,.937,.26,.031,-.26,.965);es="Linear";ed="In";};["Head"]={tm=.0169;cf=cfr(0,0,0,.718,-.649,.251,.691,.707,-.149,-.081,.281,.956);es="Linear";ed="In";};["Right Arm"]={tm=.0169;cf=cfr(0,0,0,.633,.088,-.769,.64,.5,.584,.435,-.862,.261);es="Linear";ed="In";};["Right Leg"]={tm=.0169;cf=cfr(.079,.5,-.088,.795,.562,.229,-.562,.54,.626,.229,-.626,.745);es="Linear";ed="In";};};{tm=.15;["HumanoidRootPart"]={tm=.0170;cf=cfr(0,0,0,1,0,0,0,1,0,0,0,1);es="Linear";ed="In";};["Torso"]={tm=.0170;cf=cfr(0,0,-.818,.685,.729,-.003,-.71,.668,.223,.164,-.151,.975);es="Linear";ed="In";};["Left Arm"]={tm=.0170;cf=cfr(-.096,.556,0,-.913,.407,0,-.407,-.913,0,0,0,1);es="Linear";ed="In";};["Handle"]={tm=.0170;cf=cfr(0,0,0,1,0,0,0,1,0,0,0,1);es="Linear";ed="In";};["Chain"]={tm=.0170;cf=cfr(.037,-.507,.484,.669,-.219,.71,-.649,-.638,.414,.363,-.738,-.569);es="Linear";ed="In";};["Base"]={tm=.0170;cf=cfr(0,0,0,1,0,0,0,1,0,0,0,1);es="Linear";ed="In";};["HourHand"]={tm=.0170;cf=cfr(0,0,0,.982,-.186,0,.186,.982,0,0,0,1);es="Linear";ed="In";};["MinuteHand"]={tm=.0170;cf=cfr(0,0,0,-.677,-.736,0,.736,-.677,0,0,0,1);es="Linear";ed="In";};["SecondHand"]={tm=.0170;cf=cfr(0,0,0,-.383,.924,0,-.924,-.383,0,0,0,1);es="Linear";ed="In";};["Left Leg"]={tm=.0170;cf=cfr(-.055,.352,.062,.971,.237,.032,-.237,.935,.265,.032,-.265,.964);es="Linear";ed="In";};["Head"]={tm=.0170;cf=cfr(0,0,0,.708,-.658,.257,.702,.696,-.15,-.081,.286,.955);es="Linear";ed="In";};["Right Arm"]={tm=.0170;cf=cfr(0,0,0,.621,.098,-.777,.653,.483,.583,.433,-.87,.236);es="Linear";ed="In";};["Right Leg"]={tm=.0170;cf=cfr(.08,.51,-.089,.787,.569,.237,-.569,.523,.634,.237,-.634,.736);es="Linear";ed="In";};};{tm=.167;["HumanoidRootPart"]={tm=.0159;cf=cfr(0,0,0,1,0,0,0,1,0,0,0,1);es="Linear";ed="In";};["Torso"]={tm=.0159;cf=cfr(0,0,-.828,.677,.736,-.001,-.716,.66,.226,.167,-.152,.974);es="Linear";ed="In";};["Left Arm"]={tm=.0159;cf=cfr(-.098,.563,0,-.926,.376,0,-.376,-.926,0,0,0,1);es="Linear";ed="In";};["Handle"]={tm=.0159;cf=cfr(0,0,0,1,0,0,0,1,0,0,0,1);es="Linear";ed="In";};["Chain"]={tm=.0159;cf=cfr(.037,-.507,.484,.664,-.224,.713,-.657,-.631,.413,.358,-.743,-.566);es="Quad";ed="InOut";};["Base"]={tm=.0159;cf=cfr(0,0,0,1,0,0,0,1,0,0,0,1);es="Linear";ed="In";};["HourHand"]={tm=.0159;cf=cfr(0,0,0,.982,-.189,0,.189,.982,0,0,0,1);es="Linear";ed="In";};["MinuteHand"]={tm=.0159;cf=cfr(0,0,0,-.698,-.716,0,.716,-.698,0,0,0,1);es="Linear";ed="In";};["SecondHand"]={tm=.0159;cf=cfr(0,0,0,-.406,.914,0,-.914,-.406,0,0,0,1);es="Linear";ed="In";};["Left Leg"]={tm=.0159;cf=cfr(-.056,.357,.062,.97,.24,.033,-.24,.933,.268,.033,-.268,.963);es="Linear";ed="In";};["Head"]={tm=.0159;cf=cfr(0,0,0,.701,-.664,.261,.709,.689,-.15,-.08,.29,.954);es="Linear";ed="In";};["Right Arm"]={tm=.0159;cf=cfr(0,0,0,.613,.105,-.783,.662,.473,.582,.431,-.875,.22);es="Linear";ed="In";};["Right Leg"]={tm=.0159;cf=cfr(.081,.516,-.09,.783,.573,.242,-.573,.512,.639,.242,-.639,.73);es="Linear";ed="In";};};{tm=.183;["HumanoidRootPart"]={tm=.0170;cf=cfr(0,0,0,1,0,0,0,1,0,0,0,1);es="Linear";ed="In";};["Torso"]={tm=.0170;cf=cfr(0,0,-.834,.673,.74,-.001,-.72,.655,.227,.169,-.152,.974);es="Linear";ed="In";};["Left Arm"]={tm=.0170;cf=cfr(-.098,.567,0,-.934,.357,0,-.357,-.934,0,0,0,1);es="Linear";ed="In";};["Handle"]={tm=.0170;cf=cfr(0,0,0,1,0,0,0,1,0,0,0,1);es="Linear";ed="In";};["Chain"]={tm=.0170;cf=cfr(.037,-.507,.484,.667,-.225,.71,-.65,-.641,.408,.363,-.734,-.574);es="Linear";ed="In";};["Base"]={tm=.0170;cf=cfr(0,0,0,1,0,0,0,1,0,0,0,1);es="Linear";ed="In";};["HourHand"]={tm=.0170;cf=cfr(0,0,0,.982,-.19,0,.19,.982,0,0,0,1);es="Linear";ed="In";};["MinuteHand"]={tm=.0170;cf=cfr(0,0,0,-.711,-.704,0,.704,-.711,0,0,0,1);es="Linear";ed="In";};["SecondHand"]={tm=.0170;cf=cfr(0,0,0,-.419,.908,0,-.908,-.419,0,0,0,1);es="Linear";ed="In";};["Left Leg"]={tm=.0170;cf=cfr(-.056,.359,.063,.97,.242,.034,-.242,.932,.27,.034,-.27,.962);es="Linear";ed="In";};["Head"]={tm=.0170;cf=cfr(0,0,0,.697,-.667,.263,.713,.685,-.15,-.08,.292,.953);es="Linear";ed="In";};["Right Arm"]={tm=.0170;cf=cfr(0,0,0,.609,.11,-.786,.667,.466,.581,.43,-.878,.211);es="Linear";ed="In";};["Right Leg"]={tm=.0170;cf=cfr(.082,.52,-.091,.78,.576,.246,-.576,.506,.642,.246,-.642,.726);es="Linear";ed="In";};};{tm=.2;["HumanoidRootPart"]={tm=.0169;cf=cfr(0,0,0,1,0,0,0,1,0,0,0,1);es="Linear";ed="In";};["Torso"]={tm=.0169;cf=cfr(0,0,-.837,.67,.742,0,-.723,.653,.228,.17,-.153,.974);es="Linear";ed="In";};["Left Arm"]={tm=.0169;cf=cfr(-.099,.569,0,-.938,.346,0,-.346,-.938,0,0,0,1);es="Linear";ed="In";};["Handle"]={tm=.0169;cf=cfr(0,0,0,1,0,0,0,1,0,0,0,1);es="Linear";ed="In";};["Chain"]={tm=.0169;cf=cfr(.037,-.507,.484,.677,-.226,.7,-.631,-.669,.394,.379,-.708,-.595);es="Linear";ed="In";};["Base"]={tm=.0169;cf=cfr(0,0,0,1,0,0,0,1,0,0,0,1);es="Linear";ed="In";};["HourHand"]={tm=.0169;cf=cfr(0,0,0,.982,-.191,0,.191,.982,0,0,0,1);es="Linear";ed="In";};["MinuteHand"]={tm=.0169;cf=cfr(0,0,0,-.718,-.696,0,.696,-.718,0,0,0,1);es="Linear";ed="In";};["SecondHand"]={tm=.0169;cf=cfr(0,0,0,-.427,.904,0,-.904,-.427,0,0,0,1);es="Linear";ed="In";};["Left Leg"]={tm=.0169;cf=cfr(-.057,.361,.063,.969,.243,.034,-.243,.931,.271,.034,-.271,.962);es="Linear";ed="In";};["Head"]={tm=.0169;cf=cfr(0,0,0,.694,-.669,.264,.715,.682,-.151,-.08,.294,.953);es="Linear";ed="In";};["Right Arm"]={tm=.0169;cf=cfr(0,0,0,.606,.112,-.788,.67,.462,.581,.429,-.88,.205);es="Linear";ed="In";};["Right Leg"]={tm=.0169;cf=cfr(.082,.522,-.091,.778,.577,.248,-.577,.502,.644,.248,-.644,.724);es="Linear";ed="In";};};{tm=.217;["HumanoidRootPart"]={tm=.0160;cf=cfr(0,0,0,1,0,0,0,1,0,0,0,1);es="Linear";ed="In";};["Torso"]={tm=.0160;cf=cfr(0,0,-.839,.669,.743,0,-.724,.651,.229,.17,-.153,.974);es="Linear";ed="In";};["Left Arm"]={tm=.0160;cf=cfr(-.099,.571,0,-.94,.34,0,-.34,-.94,0,0,0,1);es="Linear";ed="In";};["Handle"]={tm=.0160;cf=cfr(0,0,0,1,0,0,0,1,0,0,0,1);es="Linear";ed="In";};["Chain"]={tm=.0160;cf=cfr(.037,-.507,.484,.693,-.227,.684,-.596,-.714,.367,.404,-.662,-.631);es="Linear";ed="In";};["Base"]={tm=.0160;cf=cfr(0,0,0,1,0,0,0,1,0,0,0,1);es="Linear";ed="In";};["HourHand"]={tm=.0160;cf=cfr(0,0,0,.982,-.191,0,.191,.982,0,0,0,1);es="Linear";ed="In";};["MinuteHand"]={tm=.0160;cf=cfr(0,0,0,-.721,-.693,0,.693,-.721,0,0,0,1);es="Linear";ed="In";};["SecondHand"]={tm=.0160;cf=cfr(0,0,0,-.431,.902,0,-.902,-.431,0,0,0,1);es="Linear";ed="In";};["Left Leg"]={tm=.0160;cf=cfr(-.057,.362,.063,.969,.243,.034,-.243,.931,.271,.034,-.271,.962);es="Linear";ed="In";};["Head"]={tm=.0160;cf=cfr(0,0,0,.693,-.67,.265,.717,.681,-.151,-.079,.294,.952);es="Linear";ed="In";};["Right Arm"]={tm=.0160;cf=cfr(0,0,0,.604,.113,-.789,.671,.46,.581,.429,-.88,.202);es="Linear";ed="In";};["Right Leg"]={tm=.0160;cf=cfr(.082,.524,-.092,.777,.578,.249,-.578,.5,.645,.249,-.645,.723);es="Linear";ed="In";};};{tm=.233;["HumanoidRootPart"]={tm=.0169;cf=cfr(0,0,0,1,0,0,0,1,0,0,0,1);es="Linear";ed="In";};["Torso"]={tm=.0169;cf=cfr(0,0,-.84,.668,.744,0,-.724,.65,.229,.17,-.153,.973);es="Linear";ed="In";};["Left Arm"]={tm=.0169;cf=cfr(-.099,.571,0,-.941,.337,0,-.337,-.941,0,0,0,1);es="Linear";ed="In";};["Handle"]={tm=.0169;cf=cfr(0,0,0,1,0,0,0,1,0,0,0,1);es="Linear";ed="In";};["Chain"]={tm=.0169;cf=cfr(.037,-.507,.484,.716,-.227,.66,-.546,-.772,.327,.435,-.594,-.676);es="Linear";ed="In";};["Base"]={tm=.0169;cf=cfr(0,0,0,1,0,0,0,1,0,0,0,1);es="Linear";ed="In";};["HourHand"]={tm=.0169;cf=cfr(0,0,0,.981,-.192,0,.192,.981,0,0,0,1);es="Linear";ed="In";};["MinuteHand"]={tm=.0169;cf=cfr(0,0,0,-.723,-.691,0,.691,-.723,0,0,0,1);es="Linear";ed="In";};["SecondHand"]={tm=.0169;cf=cfr(0,0,0,-.433,.901,0,-.901,-.433,0,0,0,1);es="Linear";ed="In";};["Left Leg"]={tm=.0169;cf=cfr(-.057,.362,.063,.969,.244,.034,-.244,.931,.272,.034,-.272,.962);es="Linear";ed="In";};["Head"]={tm=.0169;cf=cfr(0,0,0,.692,-.671,.265,.717,.68,-.151,-.079,.295,.952);es="Linear";ed="In";};["Right Arm"]={tm=.0169;cf=cfr(0,0,0,.604,.114,-.789,.672,.459,.581,.429,-.881,.201);es="Linear";ed="In";};["Right Leg"]={tm=.0169;cf=cfr(.082,.524,-.092,.777,.579,.249,-.579,.499,.645,.249,-.645,.722);es="Linear";ed="In";};};{tm=.25;["HumanoidRootPart"]={tm=.0170;cf=cfr(0,0,0,1,0,0,0,1,0,0,0,1);es="Linear";ed="In";};["Torso"]={tm=.0170;cf=cfr(0,0,-.841,.668,.744,0,-.725,.65,.229,.17,-.153,.973);es="Linear";ed="In";};["Left Arm"]={tm=.0170;cf=cfr(-.099,.572,0,-.942,.336,0,-.336,-.942,0,0,0,1);es="Linear";ed="In";};["Handle"]={tm=.0170;cf=cfr(0,0,0,1,0,0,0,1,0,0,0,1);es="Linear";ed="In";};["Chain"]={tm=.0170;cf=cfr(.037,-.507,.484,.744,-.222,.63,-.476,-.837,.268,.468,-.5,-.729);es="Linear";ed="In";};["Base"]={tm=.0170;cf=cfr(0,0,0,1,0,0,0,1,0,0,0,1);es="Linear";ed="In";};["HourHand"]={tm=.0170;cf=cfr(0,0,0,.981,-.192,0,.192,.981,0,0,0,1);es="Linear";ed="In";};["MinuteHand"]={tm=.0170;cf=cfr(0,0,0,-.724,-.69,0,.69,-.724,0,0,0,1);es="Linear";ed="In";};["SecondHand"]={tm=.0170;cf=cfr(0,0,0,-.434,.901,0,-.901,-.434,0,0,0,1);es="Linear";ed="In";};["Left Leg"]={tm=.0170;cf=cfr(-.057,.362,.063,.969,.244,.034,-.244,.931,.272,.034,-.272,.962);es="Linear";ed="In";};["Head"]={tm=.0170;cf=cfr(0,0,0,.692,-.671,.266,.717,.68,-.151,-.079,.295,.952);es="Linear";ed="In";};["Right Arm"]={tm=.0170;cf=cfr(0,0,0,.603,.114,-.789,.673,.459,.581,.429,-.881,.2);es="Linear";ed="In";};["Right Leg"]={tm=.0170;cf=cfr(.082,.524,-.092,.776,.579,.249,-.579,.499,.645,.249,-.645,.722);es="Linear";ed="In";};};{tm=.267;["HumanoidRootPart"]={tm=.0159;cf=cfr(0,0,0,1,0,0,0,1,0,0,0,1);es="Linear";ed="In";};["Torso"]={tm=.0159;cf=cfr(0,0,-.841,.668,.744,0,-.725,.65,.229,.17,-.153,.973);es="Linear";ed="In";};["Left Arm"]={tm=.0159;cf=cfr(-.099,.572,0,-.942,.336,0,-.336,-.942,0,0,0,1);es="Linear";ed="In";};["Handle"]={tm=.0159;cf=cfr(0,0,0,1,0,0,0,1,0,0,0,1);es="Linear";ed="In";};["Chain"]={tm=.0159;cf=cfr(.037,-.507,.484,.772,-.212,.599,-.403,-.892,.204,.492,-.399,-.774);es="Linear";ed="In";};["Base"]={tm=.0159;cf=cfr(0,0,0,1,0,0,0,1,0,0,0,1);es="Linear";ed="In";};["HourHand"]={tm=.0159;cf=cfr(0,0,0,.981,-.192,0,.192,.981,0,0,0,1);es="Linear";ed="In";};["MinuteHand"]={tm=.0159;cf=cfr(0,0,0,-.724,-.689,0,.689,-.724,0,0,0,1);es="Linear";ed="In";};["SecondHand"]={tm=.0159;cf=cfr(0,0,0,-.434,.901,0,-.901,-.434,0,0,0,1);es="Linear";ed="In";};["Left Leg"]={tm=.0159;cf=cfr(-.057,.362,.063,.969,.244,.034,-.244,.931,.272,.034,-.272,.962);es="Linear";ed="In";};["Head"]={tm=.0159;cf=cfr(0,0,0,.692,-.671,.266,.718,.68,-.151,-.079,.295,.952);es="Linear";ed="In";};["Right Arm"]={tm=.0159;cf=cfr(0,0,0,.603,.114,-.789,.673,.459,.581,.429,-.881,.2);es="Linear";ed="In";};["Right Leg"]={tm=.0159;cf=cfr(.082,.525,-.092,.776,.579,.249,-.579,.498,.645,.249,-.645,.722);es="Linear";ed="In";};};{tm=.283;["HumanoidRootPart"]={tm=.0170;cf=cfr(0,0,0,1,0,0,0,1,0,0,0,1);es="Linear";ed="In";};["Torso"]={tm=.0170;cf=cfr(0,0,-.841,.668,.744,0,-.725,.65,.229,.17,-.153,.973);es="Linear";ed="In";};["Left Arm"]={tm=.0170;cf=cfr(-.099,.572,0,-.942,.335,0,-.335,-.942,0,0,0,1);es="Linear";ed="In";};["Handle"]={tm=.0170;cf=cfr(0,0,0,1,0,0,0,1,0,0,0,1);es="Linear";ed="In";};["Chain"]={tm=.0170;cf=cfr(.037,-.507,.484,.792,-.201,.576,-.344,-.927,.15,.504,-.317,-.803);es="Linear";ed="In";};["Base"]={tm=.0170;cf=cfr(0,0,0,1,0,0,0,1,0,0,0,1);es="Linear";ed="In";};["HourHand"]={tm=.0170;cf=cfr(0,0,0,.981,-.192,0,.192,.981,0,0,0,1);es="Linear";ed="In";};["MinuteHand"]={tm=.0170;cf=cfr(0,0,0,-.724,-.689,0,.689,-.724,0,0,0,1);es="Linear";ed="In";};["SecondHand"]={tm=.0170;cf=cfr(0,0,0,-.434,.901,0,-.901,-.434,0,0,0,1);es="Linear";ed="In";};["Left Leg"]={tm=.0170;cf=cfr(-.057,.362,.063,.969,.244,.034,-.244,.931,.272,.034,-.272,.962);es="Linear";ed="In";};["Head"]={tm=.0170;cf=cfr(0,0,0,.692,-.671,.266,.718,.68,-.151,-.079,.295,.952);es="Linear";ed="In";};["Right Arm"]={tm=.0170;cf=cfr(0,0,0,.603,.114,-.789,.673,.459,.581,.428,-.881,.2);es="Linear";ed="In";};["Right Leg"]={tm=.0170;cf=cfr(.082,.525,-.092,.776,.579,.249,-.579,.498,.645,.249,-.645,.722);es="Linear";ed="In";};};{tm=.3;["HumanoidRootPart"]={tm=.0170;cf=cfr(0,0,0,1,0,0,0,1,0,0,0,1);es="Linear";ed="In";};["Torso"]={tm=.0170;cf=cfr(0,0,-.841,.668,.744,0,-.725,.65,.229,.17,-.153,.973);es="Linear";ed="In";};["Left Arm"]={tm=.0170;cf=cfr(-.099,.572,0,-.942,.335,0,-.335,-.942,0,0,0,1);es="Linear";ed="In";};["Handle"]={tm=.0170;cf=cfr(0,0,0,1,0,0,0,1,0,0,0,1);es="Linear";ed="In";};["Chain"]={tm=.0170;cf=cfr(.037,-.507,.484,.806,-.192,.56,-.302,-.947,.11,.509,-.257,-.821);es="Linear";ed="In";};["Base"]={tm=.0170;cf=cfr(0,0,0,1,0,0,0,1,0,0,0,1);es="Linear";ed="In";};["HourHand"]={tm=.0170;cf=cfr(0,0,0,.981,-.192,0,.192,.981,0,0,0,1);es="Linear";ed="In";};["MinuteHand"]={tm=.0170;cf=cfr(0,0,0,-.724,-.689,0,.689,-.724,0,0,0,1);es="Linear";ed="In";};["SecondHand"]={tm=.0170;cf=cfr(0,0,0,-.434,.901,0,-.901,-.434,0,0,0,1);es="Linear";ed="In";};["Left Leg"]={tm=.0170;cf=cfr(-.057,.362,.063,.969,.244,.034,-.244,.931,.272,.034,-.272,.962);es="Linear";ed="In";};["Head"]={tm=.0170;cf=cfr(0,0,0,.692,-.671,.266,.718,.68,-.151,-.079,.295,.952);es="Linear";ed="In";};["Right Arm"]={tm=.0170;cf=cfr(0,0,0,.603,.114,-.789,.673,.459,.581,.428,-.881,.2);es="Linear";ed="In";};["Right Leg"]={tm=.0170;cf=cfr(.082,.525,-.092,.776,.579,.249,-.579,.498,.645,.249,-.645,.722);es="Linear";ed="In";};};{tm=.317;["HumanoidRootPart"]={tm=.0160;cf=cfr(0,0,0,1,0,0,0,1,0,0,0,1);es="Linear";ed="In";};["Torso"]={tm=.0160;cf=cfr(0,0,-.841,.668,.744,0,-.725,.65,.229,.17,-.153,.973);es="Linear";ed="In";};["Left Arm"]={tm=.0160;cf=cfr(-.099,.572,0,-.942,.335,0,-.335,-.942,0,0,0,1);es="Linear";ed="In";};["Handle"]={tm=.0160;cf=cfr(0,0,0,1,0,0,0,1,0,0,0,1);es="Linear";ed="In";};["Chain"]={tm=.0160;cf=cfr(.037,-.507,.484,.814,-.186,.55,-.276,-.958,.085,.511,-.221,-.831);es="Linear";ed="In";};["Base"]={tm=.0160;cf=cfr(0,0,0,1,0,0,0,1,0,0,0,1);es="Linear";ed="In";};["HourHand"]={tm=.0160;cf=cfr(0,0,0,.981,-.192,0,.192,.981,0,0,0,1);es="Linear";ed="In";};["MinuteHand"]={tm=.0160;cf=cfr(0,0,0,-.724,-.689,0,.689,-.724,0,0,0,1);es="Linear";ed="In";};["SecondHand"]={tm=.0160;cf=cfr(0,0,0,-.434,.901,0,-.901,-.434,0,0,0,1);es="Linear";ed="In";};["Left Leg"]={tm=.0160;cf=cfr(-.057,.362,.063,.969,.244,.034,-.244,.931,.272,.034,-.272,.962);es="Linear";ed="In";};["Head"]={tm=.0160;cf=cfr(0,0,0,.692,-.671,.266,.718,.68,-.151,-.079,.295,.952);es="Linear";ed="In";};["Right Arm"]={tm=.0160;cf=cfr(0,0,0,.603,.114,-.789,.673,.459,.581,.428,-.881,.2);es="Linear";ed="In";};["Right Leg"]={tm=.0160;cf=cfr(.082,.525,-.092,.776,.579,.249,-.579,.498,.645,.249,-.645,.722);es="Linear";ed="In";};};{tm=.333;["HumanoidRootPart"]={tm=.0839;cf=cfr(0,0,0,1,0,0,0,1,0,0,0,1);es="Linear";ed="In";};["Torso"]={tm=.0839;cf=cfr(0,0,-.841,.668,.744,0,-.725,.65,.229,.17,-.153,.973);es="Linear";ed="In";};["Left Arm"]={tm=.0839;cf=cfr(-.099,.572,0,-.942,.335,0,-.335,-.942,0,0,0,1);es="Linear";ed="In";};["Handle"]={tm=.0839;cf=cfr(0,0,0,1,0,0,0,1,0,0,0,1);es="Linear";ed="In";};["Chain"]={tm=.0839;cf=cfr(.037,-.507,.484,.817,-.183,.547,-.267,-.961,.077,.512,-.209,-.833);es="Linear";ed="In";};["Base"]={tm=.334;cf=cfr(0,0,0,1,0,0,0,1,0,0,0,1);es="Linear";ed="In";};["HourHand"]={tm=.334;cf=cfr(0,0,0,.981,-.192,0,.192,.981,0,0,0,1);es="Linear";ed="In";};["MinuteHand"]={tm=.334;cf=cfr(0,0,0,-.724,-.689,0,.689,-.724,0,0,0,1);es="Linear";ed="In";};["SecondHand"]={tm=.334;cf=cfr(0,0,0,-.434,.901,0,-.901,-.434,0,0,0,1);es="Linear";ed="In";};["Left Leg"]={tm=.334;cf=cfr(-.057,.362,.063,.969,.244,.034,-.244,.931,.272,.034,-.272,.962);es="Linear";ed="In";};["Head"]={tm=.334;cf=cfr(0,0,0,.692,-.671,.266,.718,.68,-.151,-.079,.295,.952);es="Linear";ed="In";};["Right Arm"]={tm=.334;cf=cfr(0,0,0,.603,.114,-.789,.673,.459,.581,.428,-.881,.2);es="Linear";ed="In";};["Right Leg"]={tm=.334;cf=cfr(.082,.525,-.092,.776,.579,.249,-.579,.498,.645,.249,-.645,.722);es="Linear";ed="In";};};{tm=.417;["HumanoidRootPart"]={tm=.0160;cf=cfr(0,0,0,1,0,0,0,1,0,0,0,1);es="Linear";ed="In";};["Torso"]={tm=.0160;cf=cfr(0,0,0,1,0,0,0,1,0,0,0,1);es="Linear";ed="In";};["Left Arm"]={tm=.0160;cf=cfr(0,0,0,1,0,0,0,1,0,0,0,1);es="Linear";ed="In";};["Handle"]={tm=.0160;cf=cfr(0,0,0,1,0,0,0,1,0,0,0,1);es="Linear";ed="In";};["Chain"]={tm=.0160;cf=cfr(.037,-.507,.484,.856,.134,.499,.009,-.97,.244,.516,-.204,-.832);es="Quad";ed="InOut";};};{tm=.433;["HumanoidRootPart"]={tm=.0170;cf=cfr(0,0,0,1,0,0,0,1,0,0,0,1);es="Linear";ed="In";};["Torso"]={tm=.0170;cf=cfr(0,0,0,1,0,0,0,1,0,0,0,1);es="Linear";ed="In";};["Left Arm"]={tm=.0170;cf=cfr(0,0,0,1,0,0,0,1,0,0,0,1);es="Linear";ed="In";};["Handle"]={tm=.0170;cf=cfr(0,0,0,1,0,0,0,1,0,0,0,1);es="Linear";ed="In";};["Chain"]={tm=.0170;cf=cfr(.037,-.507,.484,.856,.131,.499,.007,-.97,.243,.516,-.204,-.832);es="Linear";ed="In";};};{tm=.45;["HumanoidRootPart"]={tm=.0170;cf=cfr(0,0,0,1,0,0,0,1,0,0,0,1);es="Linear";ed="In";};["Torso"]={tm=.0170;cf=cfr(0,0,0,1,0,0,0,1,0,0,0,1);es="Linear";ed="In";};["Left Arm"]={tm=.0170;cf=cfr(0,0,0,1,0,0,0,1,0,0,0,1);es="Linear";ed="In";};["Handle"]={tm=.0170;cf=cfr(0,0,0,1,0,0,0,1,0,0,0,1);es="Linear";ed="In";};["Chain"]={tm=.0170;cf=cfr(.037,-.507,.484,.857,.123,.501,-.001,-.971,.238,.516,-.204,-.832);es="Linear";ed="In";};};{tm=.467;["HumanoidRootPart"]={tm=.0159;cf=cfr(0,0,0,1,0,0,0,1,0,0,0,1);es="Linear";ed="In";};["Torso"]={tm=.0159;cf=cfr(0,0,0,1,0,0,0,1,0,0,0,1);es="Linear";ed="In";};["Left Arm"]={tm=.0159;cf=cfr(0,0,0,1,0,0,0,1,0,0,0,1);es="Linear";ed="In";};["Handle"]={tm=.0159;cf=cfr(0,0,0,1,0,0,0,1,0,0,0,1);es="Linear";ed="In";};["Chain"]={tm=.0159;cf=cfr(.037,-.507,.484,.857,.108,.505,-.013,-.973,.231,.516,-.205,-.832);es="Linear";ed="In";};};{tm=.483;["HumanoidRootPart"]={tm=.0170;cf=cfr(0,0,0,1,0,0,0,1,0,0,0,1);es="Linear";ed="In";};["Torso"]={tm=.0170;cf=cfr(0,0,0,1,0,0,0,1,0,0,0,1);es="Linear";ed="In";};["Left Arm"]={tm=.0170;cf=cfr(0,0,0,1,0,0,0,1,0,0,0,1);es="Linear";ed="In";};["Handle"]={tm=.0170;cf=cfr(0,0,0,1,0,0,0,1,0,0,0,1);es="Linear";ed="In";};["Chain"]={tm=.0170;cf=cfr(.037,-.507,.484,.856,.089,.509,-.03,-.975,.221,.516,-.205,-.832);es="Linear";ed="In";};};{tm=.5;["HumanoidRootPart"]={tm=.0170;cf=cfr(0,0,0,1,0,0,0,1,0,0,0,1);es="Linear";ed="In";};["Torso"]={tm=.0170;cf=cfr(0,0,0,1,0,0,0,1,0,0,0,1);es="Linear";ed="In";};["Left Arm"]={tm=.0170;cf=cfr(0,0,0,1,0,0,0,1,0,0,0,1);es="Linear";ed="In";};["Handle"]={tm=.0170;cf=cfr(0,0,0,1,0,0,0,1,0,0,0,1);es="Linear";ed="In";};["Chain"]={tm=.0170;cf=cfr(.037,-.507,.484,.855,.063,.514,-.053,-.977,.208,.515,-.205,-.832);es="Linear";ed="In";};};{tm=.517;["HumanoidRootPart"]={tm=.0160;cf=cfr(0,0,0,1,0,0,0,1,0,0,0,1);es="Linear";ed="In";};["Torso"]={tm=.0160;cf=cfr(0,0,0,1,0,0,0,1,0,0,0,1);es="Linear";ed="In";};["Left Arm"]={tm=.0160;cf=cfr(0,0,0,1,0,0,0,1,0,0,0,1);es="Linear";ed="In";};["Handle"]={tm=.0160;cf=cfr(0,0,0,1,0,0,0,1,0,0,0,1);es="Linear";ed="In";};["Chain"]={tm=.0160;cf=cfr(.037,-.507,.484,.853,.032,.52,-.08,-.978,.192,.515,-.206,-.832);es="Linear";ed="In";};};{tm=.533;["HumanoidRootPart"]={tm=.0170;cf=cfr(0,0,0,1,0,0,0,1,0,0,0,1);es="Linear";ed="In";};["Torso"]={tm=.0170;cf=cfr(0,0,0,1,0,0,0,1,0,0,0,1);es="Linear";ed="In";};["Left Arm"]={tm=.0170;cf=cfr(0,0,0,1,0,0,0,1,0,0,0,1);es="Linear";ed="In";};["Handle"]={tm=.0170;cf=cfr(0,0,0,1,0,0,0,1,0,0,0,1);es="Linear";ed="In";};["Chain"]={tm=.0170;cf=cfr(.037,-.507,.484,.85,-.005,.527,-.112,-.978,.173,.514,-.206,-.832);es="Linear";ed="In";};};{tm=.55;["HumanoidRootPart"]={tm=.0169;cf=cfr(0,0,0,1,0,0,0,1,0,0,0,1);es="Linear";ed="In";};["Torso"]={tm=.0169;cf=cfr(0,0,0,1,0,0,0,1,0,0,0,1);es="Linear";ed="In";};["Left Arm"]={tm=.0169;cf=cfr(0,0,0,1,0,0,0,1,0,0,0,1);es="Linear";ed="In";};["Handle"]={tm=.0169;cf=cfr(0,0,0,1,0,0,0,1,0,0,0,1);es="Linear";ed="In";};["Chain"]={tm=.0169;cf=cfr(.037,-.507,.484,.845,-.046,.533,-.148,-.977,.151,.514,-.207,-.833);es="Linear";ed="In";};};{tm=.567;["HumanoidRootPart"]={tm=.0160;cf=cfr(0,0,0,1,0,0,0,1,0,0,0,1);es="Linear";ed="In";};["Torso"]={tm=.0160;cf=cfr(0,0,0,1,0,0,0,1,0,0,0,1);es="Linear";ed="In";};["Left Arm"]={tm=.0160;cf=cfr(0,0,0,1,0,0,0,1,0,0,0,1);es="Linear";ed="In";};["Handle"]={tm=.0160;cf=cfr(0,0,0,1,0,0,0,1,0,0,0,1);es="Linear";ed="In";};["Chain"]={tm=.0160;cf=cfr(.037,-.507,.484,.839,-.082,.538,-.18,-.975,.132,.513,-.207,-.833);es="Linear";ed="In";};};{tm=.583;["HumanoidRootPart"]={tm=.0170;cf=cfr(0,0,0,1,0,0,0,1,0,0,0,1);es="Linear";ed="In";};["Torso"]={tm=.0170;cf=cfr(0,0,0,1,0,0,0,1,0,0,0,1);es="Linear";ed="In";};["Left Arm"]={tm=.0170;cf=cfr(0,0,0,1,0,0,0,1,0,0,0,1);es="Linear";ed="In";};["Handle"]={tm=.0170;cf=cfr(0,0,0,1,0,0,0,1,0,0,0,1);es="Linear";ed="In";};["Chain"]={tm=.0170;cf=cfr(.037,-.507,.484,.833,-.113,.541,-.207,-.972,.115,.513,-.208,-.833);es="Linear";ed="In";};};{tm=.6;["HumanoidRootPart"]={tm=.0170;cf=cfr(0,0,0,1,0,0,0,1,0,0,0,1);es="Linear";ed="In";};["Torso"]={tm=.0170;cf=cfr(0,0,0,1,0,0,0,1,0,0,0,1);es="Linear";ed="In";};["Left Arm"]={tm=.0170;cf=cfr(0,0,0,1,0,0,0,1,0,0,0,1);es="Linear";ed="In";};["Handle"]={tm=.0170;cf=cfr(0,0,0,1,0,0,0,1,0,0,0,1);es="Linear";ed="In";};["Chain"]={tm=.0170;cf=cfr(.037,-.507,.484,.828,-.139,.544,-.229,-.968,.101,.512,-.208,-.833);es="Linear";ed="In";};};{tm=.617;["HumanoidRootPart"]={tm=.0160;cf=cfr(0,0,0,1,0,0,0,1,0,0,0,1);es="Linear";ed="In";};["Torso"]={tm=.0160;cf=cfr(0,0,0,1,0,0,0,1,0,0,0,1);es="Linear";ed="In";};["Left Arm"]={tm=.0160;cf=cfr(0,0,0,1,0,0,0,1,0,0,0,1);es="Linear";ed="In";};["Handle"]={tm=.0160;cf=cfr(0,0,0,1,0,0,0,1,0,0,0,1);es="Linear";ed="In";};["Chain"]={tm=.0160;cf=cfr(.037,-.507,.484,.823,-.158,.545,-.245,-.965,.09,.512,-.208,-.833);es="Linear";ed="In";};};{tm=.633;["HumanoidRootPart"]={tm=.0170;cf=cfr(0,0,0,1,0,0,0,1,0,0,0,1);es="Linear";ed="In";};["Torso"]={tm=.0170;cf=cfr(0,0,0,1,0,0,0,1,0,0,0,1);es="Linear";ed="In";};["Left Arm"]={tm=.0170;cf=cfr(0,0,0,1,0,0,0,1,0,0,0,1);es="Linear";ed="In";};["Handle"]={tm=.0170;cf=cfr(0,0,0,1,0,0,0,1,0,0,0,1);es="Linear";ed="In";};["Chain"]={tm=.0170;cf=cfr(.037,-.507,.484,.82,-.172,.547,-.257,-.963,.083,.512,-.208,-.833);es="Linear";ed="In";};};{tm=.65;["HumanoidRootPart"]={tm=.0170;cf=cfr(0,0,0,1,0,0,0,1,0,0,0,1);es="Linear";ed="In";};["Torso"]={tm=.0170;cf=cfr(0,0,0,1,0,0,0,1,0,0,0,1);es="Linear";ed="In";};["Left Arm"]={tm=.0170;cf=cfr(0,0,0,1,0,0,0,1,0,0,0,1);es="Linear";ed="In";};["Handle"]={tm=.0170;cf=cfr(0,0,0,1,0,0,0,1,0,0,0,1);es="Linear";ed="In";};["Chain"]={tm=.0170;cf=cfr(.037,-.507,.484,.817,-.181,.547,-.265,-.961,.078,.512,-.209,-.833);es="Linear";ed="In";};};{tm=.667;["HumanoidRootPart"]={tm=0;cf=cfr(0,0,0,1,0,0,0,1,0,0,0,1);es="Linear";ed="In";};["Torso"]={tm=0;cf=cfr(0,0,-.841,.668,.744,0,-.725,.65,.229,.17,-.153,.973);es="Linear";ed="In";};["Left Arm"]={tm=0;cf=cfr(-.099,.572,0,-.942,.335,0,-.335,-.942,0,0,0,1);es="Linear";ed="In";};["Handle"]={tm=0;cf=cfr(0,0,0,1,0,0,0,1,0,0,0,1);es="Linear";ed="In";};["Chain"]={tm=0;cf=cfr(.037,-.507,.484,.817,-.183,.547,-.267,-.961,.077,.512,-.209,-.833);es="Linear";ed="In";};["Base"]={tm=0;cf=cfr(0,0,0,1,0,0,0,1,0,0,0,1);es="Linear";ed="In";};["HourHand"]={tm=0;cf=cfr(0,0,0,.981,-.192,0,.192,.981,0,0,0,1);es="Linear";ed="In";};["MinuteHand"]={tm=0;cf=cfr(0,0,0,-.724,-.689,0,.689,-.724,0,0,0,1);es="Linear";ed="In";};["SecondHand"]={tm=0;cf=cfr(0,0,0,-.434,.901,0,-.901,-.434,0,0,0,1);es="Linear";ed="In";};["Left Leg"]={tm=0;cf=cfr(-.057,.362,.063,.969,.244,.034,-.244,.931,.272,.034,-.272,.962);es="Linear";ed="In";};["Head"]={tm=0;cf=cfr(0,0,0,.692,-.671,.266,.718,.68,-.151,-.079,.295,.952);es="Linear";ed="In";};["Right Arm"]={tm=0;cf=cfr(0,0,0,.603,.114,-.789,.673,.459,.581,.428,-.881,.2);es="Linear";ed="In";};["Right Leg"]={tm=0;cf=cfr(.082,.525,-.092,.776,.579,.249,-.579,.498,.645,.249,-.645,.722);es="Linear";ed="In";};};}
