-- // converted using mech's animoduler
local cfr = CFrame.new

return {{tm=0;["Torso"]={tm=.067;cf=cfr(0,0,-.128,1,0,0,0,.926,-.377,0,.377,.926);es="Linear";ed="In";};["Head"]={tm=.067;cf=cfr(0,0,0,1,0,0,0,.985,.172,0,-.172,.985);es="Linear";ed="In";};["Left Leg"]={tm=.067;cf=cfr(-.32,.062,.174,.942,.047,.332,-.05,.999,0,-.332,-.017,.943);es="Linear";ed="In";};["Right Arm"]={tm=.067;cf=cfr(.035,-.034,.002,.694,-.647,-.316,.709,.54,.453,-.123,-.539,.834);es="Linear";ed="In";};["Right Leg"]={tm=.067;cf=cfr(.32,.062,.174,.942,-.047,-.332,.05,.999,0,.332,-.017,.943);es="Linear";ed="In";};["Left Arm"]={tm=.067;cf=cfr(-.035,-.034,.002,.694,.647,.316,-.709,.54,.453,.123,-.539,.834);es="Linear";ed="In";};};{tm=.067;["Torso"]={tm=.05;cf=cfr(0,0,-.774,1,0,0,0,.604,-.797,0,.797,.604);es="Linear";ed="In";};["Head"]={tm=.05;cf=cfr(0,0,0,1,0,0,0,.874,.486,0,-.486,.874);es="Linear";ed="In";};["Left Leg"]={tm=.05;cf=cfr(-.592,.885,.373,.866,.284,.411,-.2,.951,-.235,-.458,.122,.881);es="Linear";ed="In";};["Right Arm"]={tm=.05;cf=cfr(-.276,-.221,.089,.562,-.506,-.654,.734,-.06,.677,-.382,-.86,.338);es="Linear";ed="In";};["Right Leg"]={tm=.05;cf=cfr(.592,.885,.373,.866,-.284,-.411,.2,.951,-.235,.458,.122,.881);es="Linear";ed="In";};["Left Arm"]={tm=.05;cf=cfr(.276,-.221,.089,.562,.506,.654,-.734,-.06,.677,.382,-.86,.338);es="Linear";ed="In";};};{tm=.117;["Torso"]={tm=.083;cf=cfr(0,0,-.887,1,0,0,0,.534,-.845,0,.845,.534);es="Linear";ed="In";};["Head"]={tm=.083;cf=cfr(0,0,0,1,0,0,0,.846,.533,0,-.533,.846);es="Linear";ed="In";};["Left Leg"]={tm=.083;cf=cfr(-.695,1.066,.469,.882,.232,.411,-.143,.961,-.235,-.45,.149,.881);es="Linear";ed="In";};["Right Arm"]={tm=.083;cf=cfr(-.514,-.337,.048,.574,-.544,-.613,.716,-.03,.698,-.398,-.839,.372);es="Linear";ed="In";};["Right Leg"]={tm=.083;cf=cfr(.695,1.066,.469,.882,-.232,-.411,.143,.961,-.235,.45,.149,.881);es="Linear";ed="In";};["Left Arm"]={tm=.083;cf=cfr(.514,-.337,.048,.574,.544,.613,-.716,-.03,.698,.398,-.839,.372);es="Linear";ed="In";};};{tm=.2;["Torso"]={tm=.067;cf=cfr(0,0,-.915,1,0,0,0,.506,-.862,0,.862,.506);es="Linear";ed="In";};["Head"]={tm=.067;cf=cfr(0,0,0,1,0,0,0,.797,.604,0,-.604,.797);es="Linear";ed="In";};["Left Leg"]={tm=.067;cf=cfr(-.671,1.087,.497,.877,.259,.404,-.16,.952,-.261,-.452,.165,.877);es="Linear";ed="In";};["Right Arm"]={tm=.067;cf=cfr(-.522,-.46,.041,.645,-.511,-.567,.694,.082,.716,-.32,-.855,.407);es="Linear";ed="In";};["Right Leg"]={tm=.067;cf=cfr(.743,1.119,.506,.888,-.208,-.411,.117,.965,-.235,.445,.161,.881);es="Linear";ed="In";};["Left Arm"]={tm=.067;cf=cfr(.522,-.46,.041,.645,.511,.567,-.694,.082,.716,.32,-.855,.407);es="Linear";ed="In";};};{tm=.267;["Torso"]={tm=.066;cf=cfr(0,0,-.892,1,.031,0,-.015,.485,-.874,-.027,.874,.485);es="Linear";ed="In";};["Head"]={tm=.066;cf=cfr(0,0,0,1,-.024,.007,.015,.802,.597,-.02,-.597,.802);es="Linear";ed="In";};["Left Leg"]={tm=.066;cf=cfr(-.598,1.069,.458,.851,.332,.407,-.244,.936,-.253,-.465,.116,.878);es="Linear";ed="In";};["Right Arm"]={tm=.066;cf=cfr(-.533,-.482,.042,.7,-.434,-.567,.68,.16,.716,-.22,-.886,.407);es="Linear";ed="In";};["Right Leg"]={tm=.066;cf=cfr(.717,1.098,.488,.873,-.276,-.403,.174,.946,-.273,.456,.168,.874);es="Linear";ed="In";};["Left Arm"]={tm=.066;cf=cfr(.533,-.482,.04,.7,.434,.567,-.68,.16,.716,.22,-.886,.407);es="Linear";ed="In";};};{tm=.333;["Torso"]={tm=.0499;cf=cfr(0,0,-.721,.984,.178,0,-.086,.477,-.874,-.156,.86,.485);es="Linear";ed="In";};["Head"]={tm=.0499;cf=cfr(0,0,0,.985,-.154,-.083,.175,.895,.41,.011,-.419,.908);es="Linear";ed="In";};["Left Leg"]={tm=.0499;cf=cfr(-.465,.962,.373,.803,.391,.449,-.377,.918,-.125,-.461,-.069,.885);es="Linear";ed="In";};["Right Arm"]={tm=.0499;cf=cfr(-.302,-.262,-.039,.587,-.776,-.231,.784,.616,-.076,.201,-.136,.97);es="Linear";ed="In";};["Right Leg"]={tm=.0499;cf=cfr(.873,.963,.21,.89,-.359,-.281,.294,.923,-.246,.348,.136,.928);es="Linear";ed="In";};["Left Arm"]={tm=.0499;cf=cfr(-.388,-.333,.421,.793,-.288,.537,-.423,.376,.825,-.439,-.881,.177);es="Linear";ed="In";};};{tm=.383;["Torso"]={tm=.0499;cf=cfr(0,0,0,.786,.558,-.268,-.56,.457,-.691,-.263,.693,.671);es="Linear";ed="In";};["Head"]={tm=.0499;cf=cfr(0,0,0,.8,-.5,.332,.543,.838,-.046,-.255,.217,.942);es="Linear";ed="In";};["Left Leg"]={tm=.0499;cf=cfr(-.159,-.04,-.048,.742,.36,.566,-.472,.88,.058,-.477,-.31,.822);es="Linear";ed="In";};["Right Arm"]={tm=.0499;cf=cfr(.237,-.398,.127,.421,-.839,.344,.851,.497,.171,-.314,.221,.923);es="Linear";ed="In";};["Right Leg"]={tm=.0499;cf=cfr(.633,.624,.047,.577,-.814,.067,.789,.534,-.305,.213,.229,.95);es="Linear";ed="In";};["Left Arm"]={tm=.0499;cf=cfr(-.729,-.237,.204,.391,.848,.358,-.887,.243,.393,.247,-.471,.847);es="Linear";ed="In";};};{tm=.433;["Torso"]={tm=.067;cf=cfr(0,0,0,-.067,.991,-.113,-.868,-.114,-.484,-.492,.066,.868);es="Linear";ed="In";};["Head"]={tm=.067;cf=cfr(0,0,0,.546,-.808,.221,.826,.474,-.304,.141,.349,.926);es="Linear";ed="In";};["Left Leg"]={tm=.067;cf=cfr(-.081,.081,-.088,.65,-.225,.726,-.314,.79,.526,-.692,-.57,.443);es="Linear";ed="In";};["Right Arm"]={tm=.067;cf=cfr(-.496,-.303,-.2,.471,-.85,.235,.847,.511,.149,-.247,.128,.961);es="Linear";ed="In";};["Right Leg"]={tm=.067;cf=cfr(1.403,.641,-.275,.934,.266,.237,-.241,.962,-.132,-.263,.067,.963);es="Linear";ed="In";};["Left Arm"]={tm=.067;cf=cfr(-.726,-.244,.163,-.524,.459,-.717,-.765,.115,.633,.373,.881,.291);es="Linear";ed="In";};};{tm=.5;["Torso"]={tm=.0669;cf=cfr(0,0,0,-.247,.966,-.071,-.889,-.255,-.381,-.386,-.031,.922);es="Linear";ed="In";};["Head"]={tm=.0669;cf=cfr(0,0,0,.546,-.819,.177,.826,.49,-.278,.141,.298,.944);es="Linear";ed="In";};["Left Leg"]={tm=.0669;cf=cfr(-.007,.108,-.069,.518,-.238,.822,-.321,.836,.444,-.793,-.494,.357);es="Linear";ed="In";};["Right Arm"]={tm=.0669;cf=cfr(-.423,-.19,-.078,.965,.24,-.108,-.193,.923,.333,.18,-.301,.937);es="Linear";ed="In";};["Right Leg"]={tm=.0669;cf=cfr(1.737,.644,-.896,.669,.448,.593,-.627,.769,.128,-.399,-.457,.795);es="Linear";ed="In";};["Left Arm"]={tm=.0669;cf=cfr(-.862,-.268,-.038,-.86,.084,-.503,-.504,.018,.864,.082,.996,.026);es="Linear";ed="In";};};{tm=.567;["Torso"]={tm=.0330;cf=cfr(0,0,0,-.29,.957,-.014,-.905,-.279,-.32,-.31,-.08,.947);es="Linear";ed="In";};["Head"]={tm=.0330;cf=cfr(0,0,0,.546,-.807,.227,.826,.472,-.308,.141,.355,.924);es="Linear";ed="In";};["Left Leg"]={tm=.0330;cf=cfr(-.007,.108,-.069,.495,-.283,.822,-.245,.862,.444,-.834,-.421,.357);es="Linear";ed="In";};["Right Arm"]={tm=.0330;cf=cfr(-.565,-.212,-.087,.861,.508,.036,-.499,.829,.253,.098,-.236,.967);es="Linear";ed="In";};["Right Leg"]={tm=.0330;cf=cfr(1.791,.508,-1.012,.48,.495,.725,-.772,.63,.081,-.416,-.598,.684);es="Linear";ed="In";};["Left Arm"]={tm=.0330;cf=cfr(-.874,-.292,-.051,-.855,-.018,-.518,-.516,-.071,.854,-.052,.997,.051);es="Linear";ed="In";};};{tm=.6;["Torso"]={tm=.0500;cf=cfr(0,0,-.053,-.309,.951,-.004,-.911,-.297,-.287,-.274,-.085,.958);es="Linear";ed="In";};["Head"]={tm=.0500;cf=cfr(0,0,0,.546,-.819,.179,.826,.489,-.28,.141,.301,.943);es="Linear";ed="In";};["Left Leg"]={tm=.0500;cf=cfr(-.032,.189,-.112,.453,-.349,.82,-.13,.885,.448,-.882,-.309,.355);es="Linear";ed="In";};["Right Arm"]={tm=.0500;cf=cfr(-.467,-.281,-.082,.783,.606,.139,-.62,.74,.262,.055,-.291,.955);es="Linear";ed="In";};["Right Leg"]={tm=.0500;cf=cfr(1.808,.474,-1.026,.428,.483,.764,-.838,.529,.135,-.339,-.698,.631);es="Linear";ed="In";};["Left Arm"]={tm=.0500;cf=cfr(-.922,-.331,.155,-.876,-.066,-.478,-.471,-.097,.877,-.104,.993,.054);es="Linear";ed="In";};};{tm=.65;["Torso"]={tm=.0330;cf=cfr(0,-.31,-.481,.907,.39,-.158,-.404,.704,-.584,-.117,.594,.796);es="Linear";ed="In";};["Head"]={tm=.0330;cf=cfr(0,0,0,.93,-.319,.182,.345,.928,-.139,-.124,.192,.973);es="Linear";ed="In";};["Left Leg"]={tm=.0330;cf=cfr(-.461,.583,-.118,.734,.566,.376,-.651,.744,.151,-.194,-.356,.914);es="Linear";ed="In";};["Right Arm"]={tm=.0330;cf=cfr(-.467,-.281,-.082,.377,.568,-.731,-.787,.612,.07,.487,.55,.679);es="Linear";ed="In";};["Right Leg"]={tm=.0330;cf=cfr(1.164,.237,0,.563,.827,0,-.827,.563,0,0,0,1);es="Linear";ed="In";};["Left Arm"]={tm=.0330;cf=cfr(-.996,-.202,.151,-.465,.88,.098,-.147,-.186,.971,.873,.437,.216);es="Linear";ed="In";};};{tm=.683;["Torso"]={tm=.0499;cf=cfr(0,-.215,-.168,.944,-.328,.038,.283,.746,-.603,.169,.58,.797);es="Linear";ed="In";};["Head"]={tm=.0499;cf=cfr(0,0,0,.962,.26,-.079,-.272,.921,-.28,0,.291,.957);es="Linear";ed="In";};["Left Leg"]={tm=.0499;cf=cfr(-.378,.314,.095,.687,.72,-.097,-.696,.691,.194,.207,-.066,.976);es="Linear";ed="In";};["Right Arm"]={tm=.0499;cf=cfr(-.017,-.602,.24,.337,.862,-.378,-.299,.478,.826,.893,-.166,.419);es="Linear";ed="In";};["Right Leg"]={tm=.0499;cf=cfr(1.189,.308,.45,.412,.768,-.49,-.807,.557,.195,.422,.315,.85);es="Linear";ed="In";};["Left Arm"]={tm=.0499;cf=cfr(-.597,-.375,.394,.107,.989,.098,-.226,-.072,.971,.968,-.126,.216);es="Linear";ed="In";};};{tm=.733;["Torso"]={tm=.0500;cf=cfr(0,-.088,-.032,.908,-.413,.073,.386,.756,-.528,.163,.508,.846);es="Linear";ed="In";};["Head"]={tm=.0500;cf=cfr(0,0,0,.935,.351,-.045,-.354,.928,-.118,0,.127,.992);es="Linear";ed="In";};["Left Leg"]={tm=.0500;cf=cfr(-.269,.204,.127,.764,.621,.177,-.64,.696,.324,.078,-.361,.929);es="Linear";ed="In";};["Right Arm"]={tm=.0500;cf=cfr(-.017,-.602,.24,.764,.174,-.621,.471,.507,.721,.441,-.844,.306);es="Linear";ed="In";};["Right Leg"]={tm=.0500;cf=cfr(1.163,.366,.57,.378,.799,-.468,-.772,.551,.317,.511,.241,.825);es="Linear";ed="In";};["Left Arm"]={tm=.0500;cf=cfr(-.142,-.488,.328,.889,.438,.131,-.237,.198,.951,.391,-.877,.28);es="Linear";ed="In";};};{tm=.783;["Torso"]={tm=.0499;cf=cfr(0,-.058,0,.892,-.45,.038,.405,.761,-.507,.199,.468,.861);es="Linear";ed="In";};["Head"]={tm=.0499;cf=cfr(0,0,0,.917,.398,-.029,-.399,.914,-.075,-.004,.081,.997);es="Linear";ed="In";};["Left Leg"]={tm=.0499;cf=cfr(-.191,.144,.131,.792,.575,.203,-.609,.725,.322,.038,-.378,.925);es="Linear";ed="In";};["Right Arm"]={tm=.0499;cf=cfr(-.017,-.602,.24,.718,.107,-.688,.579,.455,.676,.385,-.884,.265);es="Linear";ed="In";};["Right Leg"]={tm=.0499;cf=cfr(1.066,.346,.593,.352,.806,-.476,-.749,.548,.373,.562,.225,.796);es="Linear";ed="In";};["Left Arm"]={tm=.0499;cf=cfr(.02,-.491,.346,.965,.103,.243,-.263,.314,.912,.018,-.944,.33);es="Linear";ed="In";};};{tm=.833;["Torso"]={tm=.0670;cf=cfr(0,-.013,0,.887,-.462,-.006,.407,.787,-.464,.219,.409,.886);es="Linear";ed="In";};["Head"]={tm=.0670;cf=cfr(0,0,0,.896,.441,-.048,-.444,.889,-.115,-.008,.125,.992);es="Linear";ed="In";};["Left Leg"]={tm=.0670;cf=cfr(-.099,.078,.131,.811,.529,.252,-.586,.731,.35,.001,-.431,.902);es="Linear";ed="In";};["Right Arm"]={tm=.0670;cf=cfr(-.017,-.602,.24,.704,-.009,-.71,.657,.387,.647,.269,-.922,.279);es="Linear";ed="In";};["Right Leg"]={tm=.0670;cf=cfr(.929,.356,.637,.315,.795,-.517,-.732,.551,.401,.604,.252,.756);es="Linear";ed="In";};["Left Arm"]={tm=.0670;cf=cfr(.039,-.49,.348,.947,-.011,.322,-.309,.255,.916,-.092,-.967,.238);es="Linear";ed="In";};};{tm=.9;["Torso"]={tm=.0669;cf=cfr(0,0,0,.88,-.474,-.016,.411,.779,-.474,.237,.411,.88);es="Linear";ed="In";};["Head"]={tm=.0669;cf=cfr(0,0,0,.892,.449,-.05,-.451,.885,-.117,-.008,.127,.992);es="Linear";ed="In";};["Left Leg"]={tm=.0669;cf=cfr(-.138,.104,.133,.825,.502,.258,-.564,.759,.326,-.033,-.415,.909);es="Linear";ed="In";};["Right Arm"]={tm=.0669;cf=cfr(-.017,-.602,.24,.68,-.029,-.732,.705,.297,.644,.199,-.954,.222);es="Linear";ed="In";};["Right Leg"]={tm=.0669;cf=cfr(.884,.361,.664,.301,.783,-.544,-.72,.56,.409,.625,.269,.733);es="Linear";ed="In";};["Left Arm"]={tm=.0669;cf=cfr(.047,-.495,.367,.928,-.036,.372,-.351,.258,.9,-.128,-.966,.226);es="Linear";ed="In";};};{tm=.967;["Torso"]={tm=.0330;cf=cfr(0,0,0,.884,-.468,-.01,.405,.776,-.483,.234,.423,.876);es="Constant";ed="In";};["Head"]={tm=.0330;cf=cfr(0,0,0,.891,.449,-.062,-.453,.885,-.111,.005,.127,.992);es="Constant";ed="In";};["Left Leg"]={tm=.0330;cf=cfr(-.138,.104,.133,.824,.501,.265,-.566,.753,.336,-.031,-.427,.904);es="Constant";ed="In";};["Right Arm"]={tm=.0330;cf=cfr(-.017,-.602,.24,.68,-.038,-.732,.705,.306,.64,.199,-.951,.235);es="Constant";ed="In";};["Right Leg"]={tm=.0330;cf=cfr(.884,.361,.664,.301,.776,-.555,-.72,.566,.401,.625,.279,.729);es="Constant";ed="In";};["Left Arm"]={tm=.0330;cf=cfr(.047,-.495,.367,.928,-.041,.371,-.351,.245,.904,-.128,-.969,.213);es="Constant";ed="In";};};{tm=1;["Torso"]={tm=.0669;cf=cfr(0,0,0,-.901,.026,.433,.026,1,-.006,-.433,.006,-.902);es="Linear";ed="In";};["Head"]={tm=.0669;cf=cfr(0,0,0,.995,-.038,.087,.004,.931,.365,-.095,-.363,.927);es="Linear";ed="In";};["Left Leg"]={tm=.0669;cf=cfr(0,.124,-.096,.95,.004,.311,-.191,.796,.574,-.246,-.605,.758);es="Linear";ed="In";};["Right Arm"]={tm=.0669;cf=cfr(.042,-.31,.526,.921,.03,-.389,.39,-.072,.918,0,-.997,-.078);es="Linear";ed="In";};["Right Leg"]={tm=.0669;cf=cfr(.436,.176,-.003,.885,.284,-.368,-.095,.886,.454,.455,-.367,.811);es="Linear";ed="In";};["Left Arm"]={tm=.0669;cf=cfr(.008,-.06,.638,.944,-.105,.314,-.329,-.175,.928,-.042,-.979,-.2);es="Linear";ed="In";};};{tm=1.067;["Torso"]={tm=.1000;cf=cfr(0,0,0,-.846,.042,.531,.044,.999,-.009,-.531,.016,-.847);es="Linear";ed="In";};["Head"]={tm=.1000;cf=cfr(0,0,0,.979,-.041,.198,-.023,.95,.313,-.201,-.311,.929);es="Linear";ed="In";};["Left Leg"]={tm=.1000;cf=cfr(0,.124,-.096,.971,.087,.222,-.164,.921,.353,-.174,-.38,.909);es="Linear";ed="In";};["Right Arm"]={tm=.1000;cf=cfr(.042,-.31,.526,.951,.084,-.297,.308,-.198,.931,.019,-.977,-.214);es="Linear";ed="In";};["Right Leg"]={tm=.1000;cf=cfr(.436,.176,-.003,.885,.32,-.338,-.095,.836,.54,.455,-.446,.771);es="Linear";ed="In";};["Left Arm"]={tm=.1000;cf=cfr(.008,-.06,.638,.952,-.053,.301,-.302,-.307,.903,.044,-.95,-.308);es="Linear";ed="In";};};{tm=1.167;["Torso"]={tm=.1159;cf=cfr(0,0,0,-.801,.097,.59,.113,.994,-.01,-.587,.058,-.807);es="Linear";ed="In";};["Head"]={tm=.1159;cf=cfr(0,0,0,.966,-.033,.256,-.038,.963,.265,-.256,-.266,.93);es="Linear";ed="In";};["Left Leg"]={tm=.1159;cf=cfr(0,.124,-.096,.988,.11,.111,-.136,.952,.272,-.076,-.284,.956);es="Linear";ed="In";};["Right Arm"]={tm=.1159;cf=cfr(.014,-.207,.558,.942,.242,-.233,.293,-.251,.923,.165,-.937,-.307);es="Linear";ed="In";};["Right Leg"]={tm=.1159;cf=cfr(.436,.176,-.003,.882,.332,-.334,-.09,.815,.572,.462,-.474,.749);es="Linear";ed="In";};["Left Arm"]={tm=.1159;cf=cfr(-.05,-.042,.634,.954,-.051,.297,-.296,-.333,.895,.053,-.941,-.333);es="Linear";ed="In";};};{tm=1.283;["Torso"]={tm=.1670;cf=cfr(0,0,0,-.772,.144,.619,.171,.985,-.017,-.612,.093,-.786);es="Linear";ed="In";};["Head"]={tm=.1670;cf=cfr(0,0,0,.953,-.03,.3,-.049,.967,.251,-.298,-.254,.92);es="Linear";ed="In";};["Left Leg"]={tm=.1670;cf=cfr(0,.124,-.096,.99,.113,.088,-.131,.963,.234,-.058,-.243,.968);es="Linear";ed="In";};["Right Arm"]={tm=.1670;cf=cfr(.001,-.138,.582,.934,.336,-.123,.237,-.324,.916,.268,-.884,-.382);es="Linear";ed="In";};["Right Leg"]={tm=.1670;cf=cfr(.436,.176,-.003,.861,.345,-.374,-.053,.792,.608,.506,-.504,.7);es="Linear";ed="In";};["Left Arm"]={tm=.1670;cf=cfr(-.093,-.033,.623,.956,.03,.291,-.256,-.393,.883,.141,-.919,-.369);es="Linear";ed="In";};};{tm=1.45;["Torso"]={tm=0;cf=cfr(0,0,0,-.762,.152,.629,.181,.983,-.019,-.622,.099,-.777);es="Linear";ed="In";};["Head"]={tm=0;cf=cfr(0,0,0,.945,-.027,.327,-.055,.969,.24,-.323,-.245,.914);es="Linear";ed="In";};["Left Leg"]={tm=0;cf=cfr(0,.124,-.096,.99,.115,.085,-.131,.968,.212,-.058,-.221,.974);es="Linear";ed="In";};["Right Arm"]={tm=0;cf=cfr(.001,-.138,.582,.927,.366,-.081,.216,-.346,.913,.307,-.864,-.4);es="Linear";ed="In";};["Right Leg"]={tm=0;cf=cfr(.436,.176,-.003,.862,.353,-.364,-.052,.775,.629,.504,-.524,.687);es="Linear";ed="In";};["Left Arm"]={tm=0;cf=cfr(-.089,-.033,.627,.958,-.011,.286,-.264,-.413,.872,.109,-.911,-.398);es="Linear";ed="In";};};}
