-- // converted using mech's animoduler
local cfr = CFrame.new

return {{tm=0;["Torso"]={tm=.083;cf=cfr(0,0,0,-.384,.91,.154,-.923,-.384,-.031,.031,-.154,.988);es="Linear";ed="In";};["Head"]={tm=.083;cf=cfr(0,0,0,.612,-.781,.125,.774,.56,-.295,.16,.277,.947);es="Linear";ed="In";};["Left Leg"]={tm=.083;cf=cfr(.032,.003,.078,.917,-.374,.138,.248,.806,.537,-.312,-.458,.832);es="Linear";ed="In";};["Right Arm"]={tm=.083;cf=cfr(.404,-.315,-.338,.887,-.255,.386,.434,.168,-.885,.161,.952,.259);es="Linear";ed="In";};["Right Leg"]={tm=.083;cf=cfr(.33,.066,-.03,.923,.185,-.338,-.102,.963,.249,.372,-.195,.908);es="Linear";ed="In";};["Left Arm"]={tm=.083;cf=cfr(-.361,-.623,-.437,-.71,.456,-.537,-.681,-.64,.356,-.181,.618,.765);es="Linear";ed="In";};};{tm=.083;["Torso"]={tm=.0669;cf=cfr(0,0,-.25,-.384,.904,-.189,-.923,-.369,.111,.031,.217,.976);es="Linear";ed="In";};["Head"]={tm=.1500;cf=cfr(0,0,0,.618,-.755,.219,.763,.509,-.399,.19,.414,.89);es="Linear";ed="In";};["Left Leg"]={tm=.0669;cf=cfr(-.747,.444,.339,.946,-.271,.176,.167,.877,.451,-.277,-.398,.875);es="Linear";ed="In";};["Right Arm"]={tm=.1500;cf=cfr(.404,-.315,-.338,.923,-.241,.3,.362,.279,-.89,.131,.93,.344);es="Linear";ed="In";};["Right Leg"]={tm=.0669;cf=cfr(1.502,.704,-.119,.904,.296,-.309,-.19,.925,.33,.383,-.239,.892);es="Linear";ed="In";};["Left Arm"]={tm=.1500;cf=cfr(-.361,-.623,-.437,-.588,.554,-.589,-.8,-.508,.321,-.121,.66,.742);es="Linear";ed="In";};};{tm=.15;["Torso"]={tm=.0830;cf=cfr(.097,0,.231,-.498,.85,-.173,-.867,-.487,.103,.003,.201,.98);es="Linear";ed="In";};["Left Leg"]={tm=.0830;cf=cfr(-.101,-.11,.466,.933,.003,.359,-.091,.969,.228,-.347,-.246,.905);es="Linear";ed="In";};["Right Leg"]={tm=.0830;cf=cfr(.669,.016,-.25,.895,-.289,-.34,.333,.94,.077,.297,-.182,.937);es="Linear";ed="In";};};{tm=.233;["Torso"]={tm=.0839;cf=cfr(.17,0,.592,-.579,.811,.077,-.815,-.576,-.059,-.003,-.097,.995);es="Linear";ed="In";};["Head"]={tm=.0839;cf=cfr(0,0,0,.631,-.728,.267,.766,.639,-.068,-.121,.248,.961);es="Linear";ed="In";};["Left Leg"]={tm=.1339;cf=cfr(-.175,.063,.155,.903,-.366,.223,.276,.895,.35,-.328,-.255,.91);es="Linear";ed="In";};["Right Arm"]={tm=.0839;cf=cfr(.404,-.315,-.338,-.422,-.434,.796,.819,.194,.54,-.389,.88,.274);es="Linear";ed="In";};["Right Leg"]={tm=.1339;cf=cfr(.175,.063,.155,.976,-.125,-.181,.116,.991,-.061,.187,.039,.982);es="Linear";ed="In";};["Left Arm"]={tm=.0839;cf=cfr(-.321,-.2,-.455,-.767,.36,-.531,-.619,-.199,.76,.168,.911,.376);es="Linear";ed="In";};};{tm=.317;["Torso"]={tm=.0499;cf=cfr(.17,.057,1.072,-.202,.975,.091,-.961,-.18,-.209,-.187,-.129,.974);es="Linear";ed="In";};["Head"]={tm=.0499;cf=cfr(0,0,0,.702,-.665,.254,.642,.746,.177,-.307,.039,.951);es="Linear";ed="In";};["Right Arm"]={tm=.0329;cf=cfr(.263,-.327,.094,-.52,-.31,.796,.841,-.025,.54,-.147,.95,.274);es="Linear";ed="In";};["Left Arm"]={tm=.0329;cf=cfr(-.124,-.309,.043,-.767,.36,-.531,-.619,-.199,.76,.168,.911,.376);es="Linear";ed="In";};};{tm=.35;["Right Arm"]={tm=.0170;cf=cfr(.549,-.049,.212,.127,-.872,-.472,.982,.045,.182,-.138,-.487,.862);es="Linear";ed="In";};["Left Arm"]={tm=.0170;cf=cfr(-.778,-.039,.354,.118,.879,.462,-.947,-.04,.318,.298,-.476,.828);es="Linear";ed="In";};};{tm=.367;["Torso"]={tm=.0830;cf=cfr(.17,.057,1.072,.985,.152,.077,-.123,.947,-.297,-.118,.284,.952);es="Linear";ed="In";};["Head"]={tm=.0830;cf=cfr(0,0,0,.981,-.165,.102,.173,.982,-.07,-.089,.086,.992);es="Linear";ed="In";};["Left Leg"]={tm=.0830;cf=cfr(.085,-.018,.205,.869,.451,.202,-.482,.865,.142,-.111,-.221,.969);es="Linear";ed="In";};["Right Arm"]={tm=.0830;cf=cfr(.216,-.168,.114,.264,-.282,-.922,.932,.321,.169,.249,-.904,.348);es="Linear";ed="In";};["Right Leg"]={tm=.0830;cf=cfr(-.147,-.038,.197,.869,-.451,-.202,.482,.865,.142,.111,-.221,.969);es="Linear";ed="In";};["Left Arm"]={tm=.0830;cf=cfr(-.216,-.168,.114,.264,.282,.922,-.932,.321,.169,-.249,-.904,.348);es="Linear";ed="In";};};{tm=.45;["Torso"]={tm=.0830;cf=cfr(.17,.128,1.51,.997,-.009,.081,.05,.856,-.515,-.065,.517,.853);es="Linear";ed="In";};["Head"]={tm=.0830;cf=cfr(0,0,0,.994,-.056,.096,.051,.997,.052,-.099,-.046,.994);es="Linear";ed="In";};["Left Leg"]={tm=.0830;cf=cfr(-.285,.579,.153,.974,.097,.202,-.127,.982,.142,-.185,-.164,.969);es="Linear";ed="In";};["Right Arm"]={tm=.0830;cf=cfr(.076,.022,.558,.264,.248,-.932,.932,.183,.313,.249,-.951,-.183);es="Linear";ed="In";};["Right Leg"]={tm=.0830;cf=cfr(.154,-.127,.193,.869,-.49,-.065,.482,.869,-.111,.111,.065,.992);es="Linear";ed="In";};["Left Arm"]={tm=.0830;cf=cfr(-.076,.022,.558,.264,-.248,.932,-.932,.183,.313,-.249,-.951,-.183);es="Linear";ed="In";};};{tm=.533;["Torso"]={tm=.2999;cf=cfr(.17,.128,1.693,.998,.001,.056,.034,.784,-.62,-.045,.621,.782);es="Sine";ed="In";};["Head"]={tm=.2999;cf=cfr(0,0,0,.998,-.041,.053,.046,.994,-.097,-.048,.099,.994);es="Linear";ed="In";};["Left Leg"]={tm=.2999;cf=cfr(-.599,.827,.133,.979,-.024,.202,-.005,.99,.142,-.204,-.14,.969);es="Sine";ed="In";};["Right Arm"]={tm=.2999;cf=cfr(.028,.077,.625,.264,.401,-.877,.932,.128,.339,.249,-.907,-.339);es="Linear";ed="In";};["Right Leg"]={tm=.2999;cf=cfr(.233,-.226,.184,.808,-.586,-.065,.578,.808,-.111,.117,.052,.992);es="Sine";ed="In";};["Left Arm"]={tm=.2999;cf=cfr(-.028,.077,.625,.264,-.401,.877,-.932,.128,.339,-.249,-.907,-.339);es="Linear";ed="In";};};{tm=.833;["Torso"]={tm=.0840;cf=cfr(.17,.128,.066,.998,-.026,.05,.034,.986,-.164,-.045,.166,.985);es="Linear";ed="In";};["Head"]={tm=.0840;cf=cfr(0,0,0,.998,-.046,.049,.046,.999,-.014,-.048,.016,.999);es="Linear";ed="In";};["Left Leg"]={tm=.0840;cf=cfr(-.698,.495,.148,.964,-.266,-.01,.266,.964,.026,.003,-.028,1);es="Linear";ed="In";};["Right Arm"]={tm=.0840;cf=cfr(-.195,.01,.617,.969,-.033,-.245,.23,-.246,.942,-.091,-.969,-.231);es="Linear";ed="In";};["Right Leg"]={tm=.0840;cf=cfr(.097,-.078,.033,.964,-.259,-.068,.26,.966,.004,.064,-.022,.998);es="Linear";ed="In";};["Left Arm"]={tm=.0840;cf=cfr(.101,.038,.63,.948,.235,.216,-.173,-.188,.967,.267,-.954,-.138);es="Linear";ed="In";};};{tm=.917;["Torso"]={tm=.0829;cf=cfr(.177,-.228,-.302,1,-.018,.018,.023,.949,-.314,-.011,.315,.949);es="Linear";ed="In";};["Head"]={tm=.0829;cf=cfr(0,0,0,.999,.034,.037,-.009,.849,-.529,-.049,.528,.848);es="Linear";ed="In";};["Left Leg"]={tm=.0829;cf=cfr(-1.27,.436,.027,.889,-.457,-.025,.458,.887,.054,-.003,-.06,.998);es="Linear";ed="In";};["Right Arm"]={tm=.0829;cf=cfr(-.192,.013,.438,.969,-.196,-.15,.23,.492,.84,-.091,-.848,.522);es="Linear";ed="In";};["Right Leg"]={tm=.0829;cf=cfr(.685,.341,.071,.994,.08,-.068,-.08,.997,.004,.068,.001,.998);es="Linear";ed="In";};["Left Arm"]={tm=.0829;cf=cfr(.192,.013,.438,.969,.196,.15,-.23,.492,.84,.091,-.848,.522);es="Linear";ed="In";};};{tm=1;["Torso"]={tm=.1169;cf=cfr(.177,-.046,-.481,1,-.014,.021,.023,.864,-.504,-.011,.504,.864);es="Linear";ed="In";};["Head"]={tm=.1169;cf=cfr(0,0,0,.999,.023,.045,-.009,.96,-.28,-.049,.28,.959);es="Linear";ed="In";};["Left Leg"]={tm=.1169;cf=cfr(-1.031,.947,.019,1,-.001,-.025,.002,.999,.054,.025,-.054,.998);es="Linear";ed="In";};["Right Arm"]={tm=.1169;cf=cfr(.451,-.181,.083,.488,-.871,.052,.863,.49,.124,-.133,-.015,.991);es="Linear";ed="In";};["Right Leg"]={tm=.1169;cf=cfr(.474,.708,.076,.94,-.336,-.068,.337,.942,.004,.062,-.027,.998);es="Linear";ed="In";};["Left Arm"]={tm=.1169;cf=cfr(-.451,-.181,.083,.488,.871,-.052,-.863,.49,.124,.133,-.015,.991);es="Linear";ed="In";};};{tm=1.117;["Torso"]={tm=0;cf=cfr(.094,.051,-.206,1,-.009,.01,.012,.971,-.241,-.008,.241,.971);es="Sine";ed="Out";};["Head"]={tm=0;cf=cfr(0,0,0,.999,.023,.024,-.01,.894,-.448,-.031,.447,.894);es="Linear";ed="In";};["Left Leg"]={tm=0;cf=cfr(-.588,.349,.011,1,-.001,-.013,.001,1,.029,.013,-.029,.999);es="Sine";ed="Out";};["Right Arm"]={tm=0;cf=cfr(.241,-.096,.044,.787,-.615,.045,.613,.788,.059,-.072,-.019,.997);es="Linear";ed="In";};["Right Leg"]={tm=0;cf=cfr(.291,.222,.039,.983,-.182,-.036,.182,.983,.005,.034,-.012,.999);es="Sine";ed="Out";};["Left Arm"]={tm=0;cf=cfr(-.241,-.096,.044,.787,.615,-.045,-.613,.788,.059,.072,-.019,.997);es="Linear";ed="In";};};}
