-- // converted using mech's animoduler
local cfr = CFrame.new

return {{tm=0;["HumanoidRootPart"]={tm=.017;cf=cfr(0,0,0,1,0,0,0,1,0,0,0,1);es="Linear";ed="In";};["Torso"]={tm=.017;cf=cfr(-.836,-.259,-.483,.224,.836,-.5,-.966,.259,0,.13,.483,.866);es="Back";ed="In";};["Head"]={tm=.017;cf=cfr(0,0,0,.326,-.945,0,.945,.326,0,0,0,1);es="Back";ed="In";};["Left Leg"]={tm=.017;cf=cfr(0,0,0,.728,.067,.683,-.22,.966,.139,-.65,-.251,.717);es="Back";ed="In";};["Right Arm"]={tm=.017;cf=cfr(-.055,-.119,.152,.895,.273,-.354,.133,.593,.794,.426,-.758,.494);es="Back";ed="In";};["Right Leg"]={tm=.017;cf=cfr(0,0,0,.899,.234,-.37,0,.845,.535,.438,-.481,.759);es="Back";ed="In";};["Left Arm"]={tm=.017;cf=cfr(-.405,-.08,-.564,.194,.58,-.791,-.981,.115,-.157,0,.807,.591);es="Back";ed="In";};};{tm=.017;["HumanoidRootPart"]={tm=.016;cf=cfr(0,0,0,1,0,0,0,1,0,0,0,1);es="Linear";ed="In";};["Torso"]={tm=.016;cf=cfr(-.848,-.255,-.485,.206,.84,-.502,-.97,.242,.007,.128,.485,.865);es="Linear";ed="In";};["Head"]={tm=.016;cf=cfr(0,0,0,.309,-.951,0,.951,.309,0,0,0,1);es="Linear";ed="In";};["Left Leg"]={tm=.016;cf=cfr(0,0,0,.724,.069,.686,-.22,.966,.136,-.654,-.25,.714);es="Linear";ed="In";};["Right Arm"]={tm=.016;cf=cfr(-.077,-.132,.158,.898,.292,-.328,.114,.566,.816,.424,-.771,.475);es="Linear";ed="In";};["Right Leg"]={tm=.016;cf=cfr(-.004,0,0,.898,.236,-.372,0,.845,.536,.441,-.481,.758);es="Linear";ed="In";};["Left Arm"]={tm=.016;cf=cfr(-.408,-.081,-.568,.185,.577,-.795,-.983,.105,-.153,-.005,.81,.587);es="Linear";ed="In";};};{tm=.033;["HumanoidRootPart"]={tm=.017;cf=cfr(0,0,0,1,0,0,0,1,0,0,0,1);es="Linear";ed="In";};["Torso"]={tm=.017;cf=cfr(-.873,-.245,-.488,.164,.847,-.505,-.979,.204,.024,.123,.49,.863);es="Linear";ed="In";};["Head"]={tm=.017;cf=cfr(0,0,0,.271,-.963,0,.963,.271,0,0,0,1);es="Linear";ed="In";};["Left Leg"]={tm=.017;cf=cfr(0,0,0,.716,.072,.695,-.221,.967,.128,-.663,-.246,.708);es="Linear";ed="In";};["Right Arm"]={tm=.017;cf=cfr(-.127,-.16,.17,.904,.333,-.268,.071,.503,.862,.421,-.798,.431);es="Linear";ed="In";};["Right Leg"]={tm=.017;cf=cfr(-.013,-.001,.001,.894,.24,-.378,0,.844,.537,.447,-.48,.755);es="Linear";ed="In";};["Left Arm"]={tm=.017;cf=cfr(-.415,-.082,-.577,.165,.571,-.804,-.986,.083,-.144,-.015,.817,.576);es="Linear";ed="In";};};{tm=.05;["HumanoidRootPart"]={tm=.017;cf=cfr(0,0,0,1,0,0,0,1,0,0,0,1);es="Linear";ed="In";};["Torso"]={tm=.017;cf=cfr(-.899,-.235,-.492,.12,.853,-.507,-.986,.164,.041,.118,.495,.861);es="Linear";ed="In";};["Head"]={tm=.017;cf=cfr(0,0,0,.23,-.973,0,.973,.23,0,0,0,1);es="Linear";ed="In";};["Left Leg"]={tm=.017;cf=cfr(0,0,0,.707,.074,.704,-.222,.967,.121,-.672,-.242,.7);es="Linear";ed="In";};["Right Arm"]={tm=.017;cf=cfr(-.18,-.19,.183,.907,.37,-.202,.025,.431,.902,.421,-.823,.382);es="Linear";ed="In";};["Right Leg"]={tm=.017;cf=cfr(-.022,-.002,.001,.891,.244,-.383,.001,.843,.538,.454,-.479,.751);es="Linear";ed="In";};["Left Arm"]={tm=.017;cf=cfr(-.421,-.083,-.586,.144,.563,-.814,-.989,.06,-.134,-.027,.824,.566);es="Linear";ed="In";};};{tm=.067;["HumanoidRootPart"]={tm=.016;cf=cfr(0,0,0,1,0,0,0,1,0,0,0,1);es="Linear";ed="In";};["Torso"]={tm=.016;cf=cfr(-.914,-.229,-.494,.095,.856,-.508,-.989,.14,.051,.115,.498,.86);es="Linear";ed="In";};["Head"]={tm=.016;cf=cfr(0,0,0,.207,-.978,0,.978,.207,0,0,0,1);es="Linear";ed="In";};["Left Leg"]={tm=.016;cf=cfr(0,0,0,.702,.076,.708,-.223,.968,.116,-.677,-.239,.696);es="Linear";ed="In";};["Right Arm"]={tm=.016;cf=cfr(-.21,-.206,.19,.907,.389,-.163,-.001,.389,.921,.422,-.835,.353);es="Linear";ed="In";};["Right Leg"]={tm=.016;cf=cfr(-.027,-.003,.001,.889,.246,-.386,.001,.843,.538,.458,-.479,.749);es="Linear";ed="In";};["Left Arm"]={tm=.016;cf=cfr(-.425,-.084,-.592,.133,.559,-.819,-.991,.047,-.128,-.033,.828,.56);es="Linear";ed="In";};};{tm=.083;["HumanoidRootPart"]={tm=.017;cf=cfr(0,0,0,1,0,0,0,1,0,0,0,1);es="Linear";ed="In";};["Torso"]={tm=.017;cf=cfr(-.905,-.232,-.493,.111,.854,-.508,-.987,.154,.045,.117,.496,.86);es="Linear";ed="In";};["Head"]={tm=.017;cf=cfr(0,0,0,.221,-.975,0,.975,.221,0,0,0,1);es="Linear";ed="In";};["Left Leg"]={tm=.017;cf=cfr(0,0,0,.705,.075,.705,-.222,.968,.119,-.674,-.241,.699);es="Linear";ed="In";};["Right Arm"]={tm=.017;cf=cfr(-.191,-.196,.186,.907,.378,-.187,.015,.415,.91,.421,-.828,.371);es="Linear";ed="In";};["Right Leg"]={tm=.017;cf=cfr(-.024,-.002,.001,.89,.245,-.385,.001,.843,.538,.456,-.479,.75);es="Linear";ed="In";};["Left Arm"]={tm=.017;cf=cfr(-.423,-.084,-.588,.14,.562,-.816,-.99,.055,-.132,-.029,.826,.564);es="Linear";ed="In";};};{tm=.1;["HumanoidRootPart"]={tm=.017;cf=cfr(0,0,0,1,0,0,0,1,0,0,0,1);es="Linear";ed="In";};["Torso"]={tm=.017;cf=cfr(-.859,-.25,-.486,.187,.844,-.503,-.974,.225,.015,.126,.487,.864);es="Linear";ed="In";};["Head"]={tm=.017;cf=cfr(0,0,0,.292,-.957,0,.957,.292,0,0,0,1);es="Linear";ed="In";};["Left Leg"]={tm=.017;cf=cfr(0,0,0,.72,.07,.69,-.221,.966,.132,-.658,-.248,.711);es="Linear";ed="In";};["Right Arm"]={tm=.017;cf=cfr(-.1,-.145,.163,.901,.311,-.301,.094,.538,.838,.423,-.784,.455);es="Linear";ed="In";};["Right Leg"]={tm=.017;cf=cfr(-.008,-.001,0,.896,.238,-.375,0,.844,.536,.444,-.48,.756);es="Linear";ed="In";};["Left Arm"]={tm=.017;cf=cfr(-.411,-.081,-.572,.176,.574,-.8,-.984,.095,-.149,-.009,.813,.582);es="Linear";ed="In";};};{tm=.117;["HumanoidRootPart"]={tm=.016;cf=cfr(0,0,0,1,0,0,0,1,0,0,0,1);es="Linear";ed="In";};["Torso"]={tm=.016;cf=cfr(-.764,-.288,-.472,.342,.804,-.486,-.929,.367,-.046,.141,.468,.873);es="Linear";ed="In";};["Head"]={tm=.016;cf=cfr(0,0,0,.432,-.902,0,.902,.432,0,0,0,1);es="Linear";ed="In";};["Left Leg"]={tm=.016;cf=cfr(0,0,0,.751,.06,.657,-.217,.963,.16,-.624,-.263,.736);es="Linear";ed="In";};["Right Arm"]={tm=.016;cf=cfr(.09,-.037,.116,.857,.128,-.499,.251,.743,.621,.45,-.657,.605);es="Linear";ed="In";};["Right Leg"]={tm=.016;cf=cfr(.026,.002,-.001,.908,.224,-.354,-.001,.847,.532,.419,-.483,.769);es="Linear";ed="In";};["Left Arm"]={tm=.016;cf=cfr(-.386,-.076,-.537,.252,.595,-.763,-.967,.178,-.18,.029,.784,.62);es="Linear";ed="In";};};{tm=.133;["HumanoidRootPart"]={tm=.0169;cf=cfr(0,0,0,1,0,0,0,1,0,0,0,1);es="Linear";ed="In";};["Torso"]={tm=.0169;cf=cfr(-.607,-.349,-.449,.576,.691,-.438,-.802,.581,-.138,.159,.43,.889);es="Linear";ed="In";};["Head"]={tm=.0169;cf=cfr(0,0,0,.641,-.767,0,.767,.641,0,0,0,1);es="Linear";ed="In";};["Left Leg"]={tm=.0169;cf=cfr(0,0,0,.799,.044,.6,-.207,.957,.205,-.565,-.288,.773);es="Linear";ed="In";};["Right Arm"]={tm=.0169;cf=cfr(.404,.14,.039,.702,-.259,-.663,.445,.887,.125,.556,-.383,.738);es="Linear";ed="In";};["Right Leg"]={tm=.0169;cf=cfr(.081,.008,-.004,.926,.2,-.32,-.002,.851,.526,.377,-.486,.788);es="Linear";ed="In";};["Left Arm"]={tm=.0169;cf=cfr(-.346,-.068,-.481,.376,.612,-.695,-.923,.315,-.222,.083,.725,.684);es="Linear";ed="In";};};{tm=.15;["HumanoidRootPart"]={tm=.0170;cf=cfr(0,0,0,1,0,0,0,1,0,0,0,1);es="Linear";ed="In";};["Torso"]={tm=.0170;cf=cfr(-.375,-.44,-.416,.842,.43,-.326,-.514,.823,-.242,.164,.371,.914);es="Linear";ed="In";};["Head"]={tm=.0170;cf=cfr(0,0,0,.874,-.486,0,.486,.874,0,0,0,1);es="Linear";ed="In";};["Left Leg"]={tm=.0170;cf=cfr(0,0,0,.861,.025,.508,-.187,.945,.27,-.473,-.327,.818);es="Linear";ed="In";};["Right Arm"]={tm=.0170;cf=cfr(.867,.401,-.076,.386,-.794,-.47,.488,.608,-.626,.783,.012,.622);es="Linear";ed="In";};["Right Leg"]={tm=.0170;cf=cfr(.163,.016,-.008,.949,.165,-.267,-.004,.856,.516,.314,-.489,.814);es="Linear";ed="In";};["Left Arm"]={tm=.0170;cf=cfr(-.285,-.056,-.397,.552,.599,-.58,-.822,.508,-.258,.14,.619,.773);es="Linear";ed="In";};};{tm=.167;["HumanoidRootPart"]={tm=.0159;cf=cfr(0,0,0,1,0,0,0,1,0,0,0,1);es="Linear";ed="In";};["Torso"]={tm=.0159;cf=cfr(-.056,-.565,-.369,.991,-.039,-.125,0,.954,-.298,.131,.296,.946);es="Back";ed="Out";};["Head"]={tm=.0159;cf=cfr(0,0,0,1,-.001,0,.001,1,0,0,0,1);es="Cubic";ed="Out";};["Left Leg"]={tm=.0159;cf=cfr(0,0,0,.929,.006,.37,-.147,.924,.353,-.34,-.382,.859);es="Cubic";ed="Out";};["Right Arm"]={tm=.0159;cf=cfr(1.504,.761,-.233,.116,-.93,.349,.086,-.341,-.936,.989,.139,.04);es="Back";ed="Out";};["Right Leg"]={tm=.0159;cf=cfr(.275,.026,-.014,.974,.117,-.192,-.004,.864,.503,.225,-.489,.843);es="Cubic";ed="Out";};["Left Arm"]={tm=.0159;cf=cfr(-.203,-.04,-.282,.761,.507,-.404,-.626,.738,-.253,.17,.446,.879);es="Cubic";ed="Out";};};{tm=.183;["HumanoidRootPart"]={tm=.0170;cf=cfr(0,0,0,1,0,0,0,1,0,0,0,1);es="Linear";ed="In";};["Torso"]={tm=.0170;cf=cfr(.263,-.69,-.322,.855,-.512,.078,.515,.823,-.242,.06,.247,.967);es="Linear";ed="In";};["Head"]={tm=.0170;cf=cfr(0,0,0,.945,.328,0,-.328,.945,0,0,0,1);es="Linear";ed="In";};["Left Leg"]={tm=.0170;cf=cfr(0,0,0,.962,-.001,.273,-.113,.908,.403,-.248,-.419,.873);es="Linear";ed="In";};["Right Arm"]={tm=.0170;cf=cfr(1.055,.578,-.388,.352,-.556,.753,.672,-.41,-.617,.651,.723,.229);es="Linear";ed="In";};["Right Leg"]={tm=.0170;cf=cfr(.401,.202,-.108,.986,.085,-.141,-.004,.869,.494,.164,-.487,.858);es="Linear";ed="In";};["Left Arm"]={tm=.0170;cf=cfr(-.148,-.029,-.205,.87,.403,-.285,-.468,.857,-.216,.157,.321,.934);es="Linear";ed="In";};};{tm=.2;["HumanoidRootPart"]={tm=.0169;cf=cfr(0,0,0,1,0,0,0,1,0,0,0,1);es="Linear";ed="In";};["Torso"]={tm=.0169;cf=cfr(.495,-.78,-.288,.597,-.779,.193,.803,.58,-.138,-.004,.237,.971);es="Linear";ed="In";};["Head"]={tm=.0169;cf=cfr(0,0,0,.824,.567,0,-.567,.824,0,0,0,1);es="Linear";ed="In";};["Left Leg"]={tm=.0169;cf=cfr(0,0,0,.981,-.004,.193,-.083,.894,.44,-.174,-.448,.877);es="Linear";ed="In";};["Right Arm"]={tm=.0169;cf=cfr(.729,.445,-.501,.253,-.175,.952,.944,-.169,-.282,.21,.97,.122);es="Linear";ed="In";};["Right Leg"]={tm=.0169;cf=cfr(.502,.343,-.183,.993,.059,-.1,-.003,.873,.487,.116,-.483,.868);es="Linear";ed="In";};["Left Arm"]={tm=.0169;cf=cfr(-.104,-.021,-.144,.935,.299,-.192,-.331,.928,-.168,.128,.221,.967);es="Linear";ed="In";};};{tm=.217;["HumanoidRootPart"]={tm=.0160;cf=cfr(0,0,0,1,0,0,0,1,0,0,0,1);es="Linear";ed="In";};["Torso"]={tm=.0160;cf=cfr(.652,-.842,-.265,.366,-.898,.244,.929,.366,-.046,-.048,.243,.969);es="Linear";ed="In";};["Head"]={tm=.0160;cf=cfr(0,0,0,.688,.725,0,-.725,.688,0,0,0,1);es="Linear";ed="In";};["Left Leg"]={tm=.0160;cf=cfr(0,0,0,.992,-.004,.13,-.057,.882,.467,-.116,-.471,.874);es="Linear";ed="In";};["Right Arm"]={tm=.0160;cf=cfr(.508,.355,-.577,.068,.059,.996,.993,.091,-.073,-.095,.994,-.052);es="Linear";ed="In";};["Right Leg"]={tm=.0160;cf=cfr(.58,.452,-.241,.997,.039,-.067,-.002,.876,.481,.078,-.48,.874);es="Linear";ed="In";};["Left Arm"]={tm=.0160;cf=cfr(-.069,-.014,-.097,.971,.207,-.123,-.222,.968,-.12,.094,.144,.985);es="Linear";ed="In";};};{tm=.233;["HumanoidRootPart"]={tm=.0169;cf=cfr(0,0,0,1,0,0,0,1,0,0,0,1);es="Linear";ed="In";};["Torso"]={tm=.0169;cf=cfr(.747,-.879,-.252,.212,-.941,.262,.974,.224,.015,-.073,.253,.965);es="Linear";ed="In";};["Head"]={tm=.0169;cf=cfr(0,0,0,.566,.824,0,-.824,.566,0,0,0,1);es="Linear";ed="In";};["Left Leg"]={tm=.0169;cf=cfr(0,0,0,.997,-.003,.082,-.037,.873,.486,-.073,-.488,.87);es="Linear";ed="In";};["Right Arm"]={tm=.0169;cf=cfr(.374,.3,-.623,-.077,.171,.982,.963,.267,.029,-.258,.948,-.185);es="Linear";ed="In";};["Right Leg"]={tm=.0169;cf=cfr(.639,.535,-.285,.999,.025,-.042,-.002,.879,.477,.049,-.477,.878);es="Linear";ed="In";};["Left Arm"]={tm=.0169;cf=cfr(-.044,-.009,-.061,.988,.133,-.075,-.139,.987,-.079,.063,.089,.994);es="Linear";ed="In";};};{tm=.25;["HumanoidRootPart"]={tm=.0170;cf=cfr(0,0,0,1,0,0,0,1,0,0,0,1);es="Linear";ed="In";};["Torso"]={tm=.0170;cf=cfr(.793,-.897,-.245,.136,-.954,.268,.987,.154,.045,-.084,.258,.962);es="Linear";ed="In";};["Head"]={tm=.0170;cf=cfr(0,0,0,.47,.883,0,-.883,.47,0,0,0,1);es="Linear";ed="In";};["Left Leg"]={tm=.0170;cf=cfr(0,0,0,.999,-.002,.047,-.022,.866,.499,-.042,-.5,.865);es="Linear";ed="In";};["Right Arm"]={tm=.0170;cf=cfr(.31,.274,-.645,-.152,.214,.965,.933,.353,.069,-.326,.911,-.253);es="Linear";ed="In";};["Right Leg"]={tm=.0170;cf=cfr(.682,.594,-.316,1,.014,-.024,-.001,.88,.474,.028,-.474,.88);es="Linear";ed="In";};["Left Arm"]={tm=.0170;cf=cfr(-.025,-.005,-.035,.996,.078,-.042,-.08,.996,-.047,.038,.05,.998);es="Linear";ed="In";};};{tm=.267;["HumanoidRootPart"]={tm=.0159;cf=cfr(0,0,0,1,0,0,0,1,0,0,0,1);es="Linear";ed="In";};["Torso"]={tm=.0159;cf=cfr(.802,-.901,-.244,.121,-.956,.269,.989,.14,.051,-.086,.259,.962);es="Linear";ed="In";};["Head"]={tm=.0159;cf=cfr(0,0,0,.402,.916,0,-.916,.402,0,0,0,1);es="Linear";ed="In";};["Left Leg"]={tm=.0159;cf=cfr(0,0,0,1,-.001,.024,-.011,.862,.507,-.022,-.508,.861);es="Linear";ed="In";};["Right Arm"]={tm=.0159;cf=cfr(.297,.269,-.649,-.167,.222,.961,.926,.37,.076,-.338,.902,-.267);es="Linear";ed="In";};["Right Leg"]={tm=.0159;cf=cfr(.71,.633,-.337,1,.007,-.013,-.001,.881,.472,.014,-.472,.881);es="Linear";ed="In";};["Left Arm"]={tm=.0159;cf=cfr(-.013,-.003,-.018,.999,.04,-.021,-.041,.999,-.025,.02,.025,.999);es="Linear";ed="In";};};{tm=.283;["HumanoidRootPart"]={tm=.0170;cf=cfr(0,0,0,1,0,0,0,1,0,0,0,1);es="Linear";ed="In";};["Torso"]={tm=.0170;cf=cfr(.787,-.895,-.246,.146,-.953,.267,.986,.163,.041,-.083,.257,.963);es="Linear";ed="In";};["Head"]={tm=.0170;cf=cfr(0,0,0,.36,.933,0,-.933,.36,0,0,0,1);es="Linear";ed="In";};["Left Leg"]={tm=.0170;cf=cfr(0,0,0,1,-.001,.01,-.005,.859,.512,-.009,-.512,.859);es="Linear";ed="In";};["Right Arm"]={tm=.0170;cf=cfr(.318,.277,-.642,-.142,.209,.968,.938,.342,.064,-.317,.916,-.245);es="Linear";ed="In";};["Right Leg"]={tm=.0170;cf=cfr(.727,.657,-.35,1,.003,-.005,0,.882,.471,.006,-.471,.882);es="Linear";ed="In";};["Left Arm"]={tm=.0170;cf=cfr(-.005,-.001,-.008,1,.017,-.009,-.017,1,-.01,.009,.011,1);es="Linear";ed="In";};};{tm=.3;["HumanoidRootPart"]={tm=.0170;cf=cfr(0,0,0,1,0,0,0,1,0,0,0,1);es="Linear";ed="In";};["Torso"]={tm=.0170;cf=cfr(.761,-.885,-.25,.19,-.946,.264,.979,.203,.024,-.076,.254,.964);es="Linear";ed="In";};["Head"]={tm=.0170;cf=cfr(0,0,0,.338,.941,0,-.941,.338,0,0,0,1);es="Linear";ed="In";};["Left Leg"]={tm=.0170;cf=cfr(0,0,0,1,0,.003,-.001,.857,.515,-.003,-.515,.857);es="Linear";ed="In";};["Right Arm"]={tm=.0170;cf=cfr(.355,.293,-.629,-.099,.184,.978,.955,.293,.041,-.279,.938,-.205);es="Linear";ed="In";};["Right Leg"]={tm=.0170;cf=cfr(.736,.669,-.357,1,.001,-.002,0,.882,.47,.002,-.47,.882);es="Linear";ed="In";};["Left Arm"]={tm=.0170;cf=cfr(-.002,0,-.002,1,.005,-.003,-.005,1,-.003,.003,.003,1);es="Linear";ed="In";};};{tm=.317;["HumanoidRootPart"]={tm=.0160;cf=cfr(0,0,0,1,0,0,0,1,0,0,0,1);es="Linear";ed="In";};["Torso"]={tm=.0160;cf=cfr(.736,-.875,-.253,.231,-.937,.261,.97,.241,.007,-.07,.251,.965);es="Linear";ed="In";};["Head"]={tm=.0160;cf=cfr(0,0,0,.33,.944,0,-.944,.33,0,0,0,1);es="Linear";ed="In";};["Left Leg"]={tm=.0160;cf=cfr(0,0,0,1,0,0,0,.857,.516,0,-.516,.857);es="Linear";ed="In";};["Right Arm"]={tm=.0160;cf=cfr(.39,.307,-.617,-.058,.159,.986,.969,.246,.018,-.239,.956,-.168);es="Linear";ed="In";};["Right Leg"]={tm=.0160;cf=cfr(.739,.674,-.359,1,0,0,0,.883,.47,0,-.47,.883);es="Linear";ed="In";};["Left Arm"]={tm=.0160;cf=cfr(0,0,0,1,.001,0,-.001,1,0,0,0,1);es="Linear";ed="In";};};{tm=.333;["HumanoidRootPart"]={tm=0;cf=cfr(0,0,0,1,0,0,0,1,0,0,0,1);es="Linear";ed="In";};["Torso"]={tm=0;cf=cfr(.725,-.87,-.255,.25,-.933,.259,.966,.258,0,-.067,.25,.966);es="Linear";ed="In";};["Head"]={tm=0;cf=cfr(0,0,0,.328,.945,0,-.945,.328,0,0,0,1);es="Linear";ed="In";};["Left Leg"]={tm=0;cf=cfr(0,0,0,1,0,0,0,.857,.516,0,-.516,.857);es="Linear";ed="In";};["Right Arm"]={tm=0;cf=cfr(.406,.313,-.612,-.041,.147,.988,.974,.225,.007,-.221,.963,-.152);es="Linear";ed="In";};["Right Leg"]={tm=0;cf=cfr(.74,.675,-.359,1,0,0,0,.883,.47,0,-.47,.883);es="Linear";ed="In";};["Left Arm"]={tm=0;cf=cfr(0,0,0,1,0,0,0,1,0,0,0,1);es="Linear";ed="In";};};}
