-- // converted using mech's animoduler
local cfr = CFrame.new

return {{tm=.05;["Right Leg"]={tm=.1669;cf=cfr(.018,-.098,-.002,.899,.287,-.331,-.317,.948,-.039,.303,.139,.943);es="Linear";ed="In";};["Left Leg"]={tm=.1669;cf=cfr(-.41,-.027,.029,.94,.341,.001,-.341,.94,.025,.007,-.024,1);es="Linear";ed="In";};["Torso"]={tm=.1669;cf=cfr(0,.2,0,.997,.071,.009,-.068,.982,-.178,-.022,.177,.984);es="Linear";ed="In";};};{tm=.083;["Right Arm"]={tm=.184;cf=cfr(-.428,-.389,-.126,.726,-.557,-.404,.653,.742,.149,.217,-.372,.903);es="Linear";ed="In";};["Head"]={tm=.134;cf=cfr(0,0,0,.971,-.131,-.198,.052,.931,-.362,.232,.341,.911);es="Linear";ed="In";};};{tm=.217;["Torso"]={tm=.1329;cf=cfr(0,.45,0,.924,.374,.083,-.383,.902,.2,0,-.216,.976);es="Linear";ed="In";};["Head"]={tm=.1329;cf=cfr(0,0,0,.966,-.174,-.191,.093,.924,-.37,.241,.34,.909);es="Linear";ed="In";};["Left Leg"]={tm=.1329;cf=cfr(-.389,-.125,.029,.988,-.152,-.014,.153,.983,.104,-.002,-.105,.994);es="Linear";ed="In";};["Right Leg"]={tm=.1329;cf=cfr(-.163,-.058,.074,.768,.576,-.28,-.546,.817,.185,.335,.011,.942);es="Linear";ed="In";};};{tm=.267;["Right Arm"]={tm=.0829;cf=cfr(-.826,.183,-.083,-.83,.057,-.554,.39,-.651,-.651,-.398,-.757,.518);es="Linear";ed="In";};};{tm=.283;["Left Arm"]={tm=.1000;cf=cfr(-.561,-1.097,.325,-.442,.733,.517,-.629,-.664,.404,.639,-.147,.755);es="Linear";ed="In";};};{tm=.35;["Right Leg"]={tm=.2830;cf=cfr(-.333,.015,.15,.6,.78,-.179,-.699,.62,.357,.389,-.089,.917);es="Out";ed="In";};["Right Arm"]={tm=.0330;cf=cfr(-.826,.183,-.083,-.909,.416,-.037,-.085,-.271,-.959,-.409,-.868,.281);es="Linear";ed="In";};["Left Leg"]={tm=.0330;cf=cfr(-.315,-.31,.016,.889,-.458,.003,.458,.889,-.029,.011,.027,1);es="Linear";ed="In";};["Head"]={tm=.0830;cf=cfr(0,0,0,.976,-.164,-.143,.077,.874,-.479,.203,.457,.866);es="Out";ed="In";};["Torso"]={tm=.0830;cf=cfr(0,.25,0,.924,.374,.083,-.377,.851,.366,.066,-.37,.927);es="Out";ed="In";};};{tm=.383;["Left Arm"]={tm=.0499;cf=cfr(-.135,-.277,.038,-.048,.953,.298,-.953,-.133,.271,.298,-.271,.915);es="Linear";ed="In";};["Right Arm"]={tm=.0339;cf=cfr(.981,.167,.651,-.808,-.579,-.109,.077,.079,-.994,.584,-.811,-.019);es="Linear";ed="In";};["Left Leg"]={tm=.25;cf=cfr(-.454,-.382,.009,.977,.211,-.039,-.214,.971,-.103,.016,.109,.994);es="Out";ed="In";};};{tm=.417;["Right Arm"]={tm=.066;cf=cfr(1.568,.542,-.856,.104,-.933,.346,.334,-.295,-.895,.937,.209,.281);es="Linear";ed="In";};};{tm=.433;["Left Arm"]={tm=.0499;cf=cfr(.636,.164,-.272,.304,.514,.802,-.952,.121,.282,.048,-.849,.526);es="Linear";ed="In";};["Head"]={tm=.1339;cf=cfr(0,0,0,.889,.454,.049,-.455,.871,.187,.043,-.189,.981);es="InOut";ed="In";};["Torso"]={tm=.1339;cf=cfr(0,-.8,.5,.9,-.429,.083,.42,.796,-.436,.121,.427,.896);es="InOut";ed="In";};};{tm=.483;["Left Arm"]={tm=.0340;cf=cfr(1.12,.762,-.062,-.999,-.006,.052,-.043,-.457,-.888,.029,-.889,.456);es="Linear";ed="In";};["Right Arm"]={tm=.0340;cf=cfr(.589,-.561,-1.154,.202,.635,.746,.978,-.178,-.113,.06,.752,-.656);es="Linear";ed="In";};};{tm=.517;["Left Arm"]={tm=.0330;cf=cfr(-.348,1.415,.608,-.911,.319,.261,-.383,-.421,-.823,-.153,-.849,.505);es="Linear";ed="In";};["Right Arm"]={tm=.0499;cf=cfr(.135,-.277,.038,-.048,-.953,-.298,.953,-.133,.271,-.298,-.271,.915);es="Linear";ed="In";};};{tm=.55;["Left Arm"]={tm=.0499;cf=cfr(-1.305,1.078,-.911,.211,.864,-.457,-.643,-.23,-.731,-.737,.448,.507);es="Linear";ed="In";};};{tm=.567;["Torso"]={tm=.133;cf=cfr(0,-.8,.5,.9,.429,-.083,-.42,.796,-.436,-.121,.427,.896);es="InOut";ed="In";};["Head"]={tm=.133;cf=cfr(0,0,0,.892,-.452,.019,.451,.892,.042,-.036,-.029,.999);es="InOut";ed="In";};["Right Arm"]={tm=.0500;cf=cfr(-.636,.164,-.272,.304,-.514,-.802,.952,.121,.282,-.048,-.849,.526);es="Linear";ed="In";};};{tm=.6;["Left Arm"]={tm=.0500;cf=cfr(-.589,-.561,-1.154,.202,-.635,-.746,-.978,-.178,-.113,-.06,.752,-.656);es="Linear";ed="In";};};{tm=.617;["Right Arm"]={tm=.0330;cf=cfr(-.826,.183,-.083,-.909,.416,-.037,-.085,-.271,-.959,-.409,-.868,.281);es="Linear";ed="In";};};{tm=.633;["Right Leg"]={tm=1.7999;cf=cfr(.969,.469,-.024,.739,.673,.022,-.673,.739,.012,-.009,-.024,1);es="Linear";ed="In";};["Left Leg"]={tm=1.7999;cf=cfr(-.571,.055,.035,.912,-.41,.007,.402,.898,.177,-.078,-.158,.984);es="Linear";ed="In";};};{tm=.65;["Left Arm"]={tm=.0499;cf=cfr(-.135,-.277,.038,-.048,.953,.298,-.953,-.133,.271,.298,-.271,.915);es="Linear";ed="In";};["Right Arm"]={tm=.0330;cf=cfr(1.207,-.278,.667,-.614,-.78,-.12,-.334,.394,-.856,.716,-.485,-.502);es="Linear";ed="In";};};{tm=.683;["Right Arm"]={tm=.0669;cf=cfr(1.568,.542,-.856,.504,-.684,.528,-.323,-.716,-.619,.802,.141,-.581);es="Linear";ed="In";};};{tm=.7;["Left Arm"]={tm=.0500;cf=cfr(.636,.164,-.272,.304,.514,.802,-.952,.121,.282,.048,-.849,.526);es="Linear";ed="In";};["Head"]={tm=.133;cf=cfr(0,0,0,.896,.44,.067,-.444,.884,.145,.005,-.16,.987);es="InOut";ed="In";};["Torso"]={tm=.133;cf=cfr(0,-.8,.4,.9,-.429,.083,.42,.796,-.436,.121,.427,.896);es="InOut";ed="In";};};{tm=.75;["Left Arm"]={tm=.0330;cf=cfr(.826,.183,-.083,-.909,-.416,.037,.085,-.271,-.959,.409,-.868,.281);es="Linear";ed="In";};["Right Arm"]={tm=.0330;cf=cfr(.589,-.561,-1.154,.202,.635,.746,.978,-.178,-.113,.06,.752,-.656);es="Linear";ed="In";};};{tm=.783;["Left Arm"]={tm=.0339;cf=cfr(-.981,.167,.651,-.808,.579,.109,-.077,.079,-.994,-.584,-.811,-.019);es="Linear";ed="In";};["Right Arm"]={tm=.0499;cf=cfr(.135,-.277,.038,-.048,-.953,-.298,.953,-.133,.271,-.298,-.271,.915);es="Linear";ed="In";};};{tm=.817;["Left Arm"]={tm=.0660;cf=cfr(-1.568,.542,-.856,.104,.933,-.346,-.334,-.295,-.895,-.937,.209,.281);es="Linear";ed="In";};};{tm=.833;["Torso"]={tm=.134;cf=cfr(0,-.8,.2,.9,.429,-.083,-.42,.796,-.436,-.121,.427,.896);es="Out";ed="In";};["Head"]={tm=.134;cf=cfr(0,0,0,.892,-.452,.019,.451,.892,.042,-.036,-.029,.999);es="InOut";ed="In";};["Right Arm"]={tm=.0500;cf=cfr(-.636,.164,-.272,.304,-.514,-.802,.952,.121,.282,-.048,-.849,.526);es="Linear";ed="In";};};{tm=.883;["Left Arm"]={tm=.0340;cf=cfr(-.589,-.561,-1.154,.202,-.635,-.746,-.978,-.178,-.113,-.06,.752,-.656);es="Linear";ed="In";};["Right Arm"]={tm=.0340;cf=cfr(-.826,.183,-.083,-.909,.416,-.037,-.085,-.271,-.959,-.409,-.868,.281);es="Linear";ed="In";};};{tm=.917;["Left Arm"]={tm=.0499;cf=cfr(-.135,-.277,.038,-.048,.953,.298,-.953,-.133,.271,.298,-.271,.915);es="Linear";ed="In";};["Right Arm"]={tm=.0329;cf=cfr(.385,1.373,.541,-.826,-.257,-.502,.553,-.542,-.633,-.109,-.8,.59);es="Linear";ed="In";};};{tm=.95;["Right Arm"]={tm=.0669;cf=cfr(1.718,.228,-.815,.308,-.951,.037,.5,.128,-.857,.81,.282,.515);es="Linear";ed="In";};};{tm=.967;["Left Arm"]={tm=.0499;cf=cfr(.636,.164,-.272,.304,.514,.802,-.952,.121,.282,.048,-.849,.526);es="Linear";ed="In";};["Head"]={tm=.1330;cf=cfr(0,0,0,.896,.44,.067,-.444,.884,.145,.005,-.16,.987);es="InOut";ed="In";};["Torso"]={tm=.1330;cf=cfr(0,-.8,.5,.9,-.429,.083,.42,.796,-.436,.121,.427,.896);es="InOut";ed="In";};};{tm=1.017;["Left Arm"]={tm=.0330;cf=cfr(1.12,.762,-.062,-.999,-.006,.052,-.043,-.457,-.888,.029,-.889,.456);es="Linear";ed="In";};["Right Arm"]={tm=.0330;cf=cfr(.589,-.561,-1.154,.202,.635,.746,.978,-.178,-.113,.06,.752,-.656);es="Linear";ed="In";};};{tm=1.05;["Left Arm"]={tm=.0329;cf=cfr(-.348,1.415,.608,-.911,.319,.261,-.383,-.421,-.823,-.153,-.849,.505);es="Linear";ed="In";};["Right Arm"]={tm=.0500;cf=cfr(.135,-.277,.038,-.048,-.953,-.298,.953,-.133,.271,-.298,-.271,.915);es="Linear";ed="In";};};{tm=1.083;["Left Arm"]={tm=.0500;cf=cfr(-1.305,1.078,-.911,.211,.864,-.457,-.643,-.23,-.731,-.737,.448,.507);es="Linear";ed="In";};};{tm=1.1;["Torso"]={tm=.133;cf=cfr(0,-.8,.4,.9,.429,-.083,-.42,.796,-.436,-.121,.427,.896);es="InOut";ed="In";};["Head"]={tm=.133;cf=cfr(0,0,0,.892,-.452,.019,.451,.892,.042,-.036,-.029,.999);es="InOut";ed="In";};["Right Arm"]={tm=.0499;cf=cfr(-.636,.164,-.272,.304,-.514,-.802,.952,.121,.282,-.048,-.849,.526);es="Linear";ed="In";};};{tm=1.133;["Left Arm"]={tm=.0500;cf=cfr(-.589,-.561,-1.154,.202,-.635,-.746,-.978,-.178,-.113,-.06,.752,-.656);es="Linear";ed="In";};};{tm=1.15;["Right Arm"]={tm=.0330;cf=cfr(-.826,.183,-.083,-.909,.416,-.037,-.085,-.271,-.959,-.409,-.868,.281);es="Linear";ed="In";};};{tm=1.183;["Left Arm"]={tm=.0500;cf=cfr(-.135,-.277,.038,-.048,.953,.298,-.953,-.133,.271,.298,-.271,.915);es="Linear";ed="In";};["Right Arm"]={tm=.0340;cf=cfr(1.207,-.278,.667,-.614,-.78,-.12,-.334,.394,-.856,.716,-.485,-.502);es="Linear";ed="In";};};{tm=1.217;["Right Arm"]={tm=.0659;cf=cfr(1.568,.542,-.856,.504,-.684,.528,-.323,-.716,-.619,.802,.141,-.581);es="Linear";ed="In";};};{tm=1.233;["Left Arm"]={tm=.0499;cf=cfr(.636,.164,-.272,.304,.514,.802,-.952,.121,.282,.048,-.849,.526);es="Linear";ed="In";};["Head"]={tm=.1339;cf=cfr(0,0,0,.896,.44,.067,-.444,.884,.145,.005,-.16,.987);es="InOut";ed="In";};["Torso"]={tm=.1339;cf=cfr(0,-.8,.4,.9,-.429,.083,.42,.796,-.436,.121,.427,.896);es="InOut";ed="In";};};{tm=1.283;["Left Arm"]={tm=.0340;cf=cfr(.826,.183,-.083,-.909,-.416,.037,.085,-.271,-.959,.409,-.868,.281);es="Linear";ed="In";};["Right Arm"]={tm=.0340;cf=cfr(.589,-.561,-1.154,.202,.635,.746,.978,-.178,-.113,.06,.752,-.656);es="Linear";ed="In";};};{tm=1.317;["Left Arm"]={tm=.0330;cf=cfr(-.981,.167,.651,-.808,.579,.109,-.077,.079,-.994,-.584,-.811,-.019);es="Linear";ed="In";};["Right Arm"]={tm=.0500;cf=cfr(.135,-.277,.038,-.048,-.953,-.298,.953,-.133,.271,-.298,-.271,.915);es="Linear";ed="In";};};{tm=1.35;["Left Arm"]={tm=.0669;cf=cfr(-1.568,.542,-.856,.104,.933,-.346,-.334,-.295,-.895,-.937,.209,.281);es="Linear";ed="In";};};{tm=1.367;["Torso"]={tm=.133;cf=cfr(0,-.8,.2,.9,.429,-.083,-.42,.796,-.436,-.121,.427,.896);es="InOut";ed="In";};["Head"]={tm=.133;cf=cfr(0,0,0,.892,-.452,.019,.451,.892,.042,-.036,-.029,.999);es="InOut";ed="In";};["Right Arm"]={tm=.0500;cf=cfr(-.636,.164,-.272,.304,-.514,-.802,.952,.121,.282,-.048,-.849,.526);es="Linear";ed="In";};};{tm=1.417;["Left Arm"]={tm=.0329;cf=cfr(-.589,-.561,-1.154,.202,-.635,-.746,-.978,-.178,-.113,-.06,.752,-.656);es="Linear";ed="In";};["Right Arm"]={tm=.0329;cf=cfr(-.826,.183,-.083,-.909,.416,-.037,-.085,-.271,-.959,-.409,-.868,.281);es="Linear";ed="In";};};{tm=1.45;["Left Arm"]={tm=.0500;cf=cfr(-.135,-.277,.038,-.048,.953,.298,-.953,-.133,.271,.298,-.271,.915);es="Linear";ed="In";};["Right Arm"]={tm=.0330;cf=cfr(.981,.167,.651,-.808,-.579,-.109,.077,.079,-.994,.584,-.811,-.019);es="Linear";ed="In";};};{tm=1.483;["Right Arm"]={tm=.0669;cf=cfr(1.568,.542,-.856,.104,-.933,.346,.334,-.295,-.895,.937,.209,.281);es="Linear";ed="In";};};{tm=1.5;["Left Arm"]={tm=.0500;cf=cfr(.636,.164,-.272,.304,.514,.802,-.952,.121,.282,.048,-.849,.526);es="Linear";ed="In";};["Head"]={tm=.133;cf=cfr(0,0,0,.896,.44,.067,-.444,.884,.145,.005,-.16,.987);es="InOut";ed="In";};["Torso"]={tm=.133;cf=cfr(0,-.8,.4,.9,-.429,.083,.42,.796,-.436,.121,.427,.896);es="InOut";ed="In";};};{tm=1.55;["Left Arm"]={tm=.0329;cf=cfr(1.12,.762,-.062,-.999,-.006,.052,-.043,-.457,-.888,.029,-.889,.456);es="Linear";ed="In";};["Right Arm"]={tm=.0329;cf=cfr(.589,-.561,-1.154,.202,.635,.746,.978,-.178,-.113,.06,.752,-.656);es="Linear";ed="In";};};{tm=1.583;["Left Arm"]={tm=.0340;cf=cfr(-.348,1.415,.608,-.911,.319,.261,-.383,-.421,-.823,-.153,-.849,.505);es="Linear";ed="In";};["Right Arm"]={tm=.0500;cf=cfr(.135,-.277,.038,-.048,-.953,-.298,.953,-.133,.271,-.298,-.271,.915);es="Linear";ed="In";};};{tm=1.617;["Left Arm"]={tm=.0500;cf=cfr(-1.305,1.078,-.911,.211,.864,-.457,-.643,-.23,-.731,-.737,.448,.507);es="Linear";ed="In";};};{tm=1.633;["Torso"]={tm=.1339;cf=cfr(0,-.8,.6,.9,.429,-.083,-.42,.796,-.436,-.121,.427,.896);es="InOut";ed="In";};["Head"]={tm=.1339;cf=cfr(0,0,0,.892,-.452,.019,.451,.892,.042,-.036,-.029,.999);es="InOut";ed="In";};["Right Arm"]={tm=.0500;cf=cfr(-.636,.164,-.272,.304,-.514,-.802,.952,.121,.282,-.048,-.849,.526);es="Linear";ed="In";};};{tm=1.667;["Left Arm"]={tm=.0500;cf=cfr(-.589,-.561,-1.154,.202,-.635,-.746,-.978,-.178,-.113,-.06,.752,-.656);es="Linear";ed="In";};};{tm=1.683;["Right Arm"]={tm=.0340;cf=cfr(-.826,.183,-.083,-.909,.416,-.037,-.085,-.271,-.959,-.409,-.868,.281);es="Linear";ed="In";};};{tm=1.717;["Left Arm"]={tm=.0499;cf=cfr(-.135,-.277,.038,-.048,.953,.298,-.953,-.133,.271,.298,-.271,.915);es="Linear";ed="In";};["Right Arm"]={tm=.0329;cf=cfr(1.207,-.278,.667,-.614,-.78,-.12,-.334,.394,-.856,.716,-.485,-.502);es="Linear";ed="In";};};{tm=1.75;["Right Arm"]={tm=.0669;cf=cfr(1.568,.542,-.856,.504,-.684,.528,-.323,-.716,-.619,.802,.141,-.581);es="Linear";ed="In";};};{tm=1.767;["Left Arm"]={tm=.0500;cf=cfr(.636,.164,-.272,.304,.514,.802,-.952,.121,.282,.048,-.849,.526);es="Linear";ed="In";};["Head"]={tm=.133;cf=cfr(0,0,0,.896,.44,.067,-.444,.884,.145,.005,-.16,.987);es="InOut";ed="In";};["Torso"]={tm=.133;cf=cfr(0,-.8,.6,.9,-.429,.083,.42,.796,-.436,.121,.427,.896);es="InOut";ed="In";};};{tm=1.817;["Left Arm"]={tm=.0330;cf=cfr(.826,.183,-.083,-.909,-.416,.037,.085,-.271,-.959,.409,-.868,.281);es="Linear";ed="In";};["Right Arm"]={tm=.0330;cf=cfr(.589,-.561,-1.154,.202,.635,.746,.978,-.178,-.113,.06,.752,-.656);es="Linear";ed="In";};};{tm=1.85;["Left Arm"]={tm=.0329;cf=cfr(-.981,.167,.651,-.808,.579,.109,-.077,.079,-.994,-.584,-.811,-.019);es="Linear";ed="In";};["Right Arm"]={tm=.0499;cf=cfr(.135,-.277,.038,-.048,-.953,-.298,.953,-.133,.271,-.298,-.271,.915);es="Linear";ed="In";};};{tm=1.883;["Left Arm"]={tm=.0669;cf=cfr(-1.568,.542,-.856,.104,.933,-.346,-.334,-.295,-.895,-.937,.209,.281);es="Linear";ed="In";};};{tm=1.9;["Torso"]={tm=.133;cf=cfr(0,-.8,.5,.9,.429,-.083,-.42,.796,-.436,-.121,.427,.896);es="Out";ed="In";};["Head"]={tm=.133;cf=cfr(0,0,0,.892,-.452,.019,.451,.892,.042,-.036,-.029,.999);es="InOut";ed="In";};["Right Arm"]={tm=.0500;cf=cfr(-.636,.164,-.272,.304,-.514,-.802,.952,.121,.282,-.048,-.849,.526);es="Linear";ed="In";};};{tm=1.95;["Left Arm"]={tm=.0330;cf=cfr(-.589,-.561,-1.154,.202,-.635,-.746,-.978,-.178,-.113,-.06,.752,-.656);es="Linear";ed="In";};["Right Arm"]={tm=.0330;cf=cfr(-.826,.183,-.083,-.909,.416,-.037,-.085,-.271,-.959,-.409,-.868,.281);es="Linear";ed="In";};};{tm=1.983;["Left Arm"]={tm=.0499;cf=cfr(-.135,-.277,.038,-.048,.953,.298,-.953,-.133,.271,.298,-.271,.915);es="Linear";ed="In";};["Right Arm"]={tm=.0339;cf=cfr(.385,1.373,.541,-.826,-.257,-.502,.553,-.542,-.633,-.109,-.8,.59);es="Linear";ed="In";};};{tm=2.017;["Right Arm"]={tm=.0660;cf=cfr(1.718,.228,-.815,.308,-.951,.037,.5,.128,-.857,.81,.282,.515);es="Linear";ed="In";};};{tm=2.033;["Left Arm"]={tm=.0500;cf=cfr(.636,.164,-.272,.304,.514,.802,-.952,.121,.282,.048,-.849,.526);es="Linear";ed="In";};["Head"]={tm=.1339;cf=cfr(0,0,0,.896,.44,.067,-.444,.884,.145,.005,-.16,.987);es="InOut";ed="In";};["Torso"]={tm=.1339;cf=cfr(0,-.8,.3,.9,-.429,.083,.42,.796,-.436,.121,.427,.896);es="InOut";ed="In";};};{tm=2.083;["Left Arm"]={tm=.0339;cf=cfr(1.12,.762,-.062,-.999,-.006,.052,-.043,-.457,-.888,.029,-.889,.456);es="Linear";ed="In";};["Right Arm"]={tm=.0339;cf=cfr(.589,-.561,-1.154,.202,.635,.746,.978,-.178,-.113,.06,.752,-.656);es="Linear";ed="In";};};{tm=2.117;["Left Arm"]={tm=.0329;cf=cfr(-.348,1.415,.608,-.911,.319,.261,-.383,-.421,-.823,-.153,-.849,.505);es="Linear";ed="In";};["Right Arm"]={tm=.0499;cf=cfr(.135,-.277,.038,-.048,-.953,-.298,.953,-.133,.271,-.298,-.271,.915);es="Linear";ed="In";};};{tm=2.15;["Left Arm"]={tm=.0500;cf=cfr(-1.305,1.078,-.911,.211,.864,-.457,-.643,-.23,-.731,-.737,.448,.507);es="Linear";ed="In";};};{tm=2.167;["Torso"]={tm=.133;cf=cfr(0,-.8,.4,.9,.429,-.083,-.42,.796,-.436,-.121,.427,.896);es="InOut";ed="In";};["Head"]={tm=.133;cf=cfr(0,0,0,.892,-.452,.019,.451,.892,.042,-.036,-.029,.999);es="InOut";ed="In";};["Right Arm"]={tm=.0500;cf=cfr(-.636,.164,-.272,.304,-.514,-.802,.952,.121,.282,-.048,-.849,.526);es="Linear";ed="In";};};{tm=2.2;["Left Arm"]={tm=.0499;cf=cfr(-.589,-.561,-1.154,.202,-.635,-.746,-.978,-.178,-.113,-.06,.752,-.656);es="Linear";ed="In";};};{tm=2.217;["Right Arm"]={tm=.0329;cf=cfr(-.826,.183,-.083,-.909,.416,-.037,-.085,-.271,-.959,-.409,-.868,.281);es="Linear";ed="In";};};{tm=2.25;["Left Arm"]={tm=.0499;cf=cfr(-.135,-.277,.038,-.048,.953,.298,-.953,-.133,.271,.298,-.271,.915);es="Linear";ed="In";};["Right Arm"]={tm=.0329;cf=cfr(1.207,-.278,.667,-.614,-.78,-.12,-.334,.394,-.856,.716,-.485,-.502);es="Linear";ed="In";};};{tm=2.283;["Right Arm"]={tm=.0670;cf=cfr(1.568,.542,-.856,.504,-.684,.528,-.323,-.716,-.619,.802,.141,-.581);es="Linear";ed="In";};};{tm=2.3;["Left Arm"]={tm=.0500;cf=cfr(.636,.164,-.272,.304,.514,.802,-.952,.121,.282,.048,-.849,.526);es="Linear";ed="In";};["Head"]={tm=.133;cf=cfr(0,0,0,.896,.44,.067,-.444,.884,.145,.005,-.16,.987);es="InOut";ed="In";};["Torso"]={tm=.133;cf=cfr(0,-.8,.4,.9,-.429,.083,.42,.796,-.436,.121,.427,.896);es="InOut";ed="In";};};{tm=2.35;["Left Arm"]={tm=.0329;cf=cfr(.826,.183,-.083,-.909,-.416,.037,.085,-.271,-.959,.409,-.868,.281);es="Linear";ed="In";};["Right Arm"]={tm=.0329;cf=cfr(.589,-.561,-1.154,.202,.635,.746,.978,-.178,-.113,.06,.752,-.656);es="Linear";ed="In";};};{tm=2.383;["Left Arm"]={tm=.0339;cf=cfr(-.981,.167,.651,-.808,.579,.109,-.077,.079,-.994,-.584,-.811,-.019);es="Linear";ed="In";};["Right Arm"]={tm=.0499;cf=cfr(.135,-.277,.038,-.048,-.953,-.298,.953,-.133,.271,-.298,-.271,.915);es="Linear";ed="In";};};{tm=2.417;["Left Arm"]={tm=.0660;cf=cfr(-1.568,.542,-.856,.104,.933,-.346,-.334,-.295,-.895,-.937,.209,.281);es="Linear";ed="In";};};{tm=2.433;["Right Leg"]={tm=.1169;cf=cfr(.969,.469,-.024,.739,.673,.022,-.673,.739,.012,-.009,-.024,1);es="Linear";ed="In";};["Right Arm"]={tm=.1340;cf=cfr(-.636,.164,-.272,.304,-.514,-.802,.952,.121,.282,-.048,-.849,.526);es="Linear";ed="In";};["Left Leg"]={tm=.0840;cf=cfr(-.571,.055,.035,.912,-.41,.007,.402,.898,.177,-.078,-.158,.984);es="Linear";ed="In";};["Head"]={tm=.0840;cf=cfr(0,0,0,.892,-.452,.019,.451,.892,.042,-.036,-.029,.999);es="Linear";ed="In";};["Torso"]={tm=.0840;cf=cfr(0,-.8,.4,.9,.429,-.083,-.42,.796,-.436,-.121,.427,.896);es="Linear";ed="In";};};{tm=2.483;["Left Arm"]={tm=.0840;cf=cfr(-.589,-.561,-1.154,.202,-.635,-.746,-.978,-.178,-.113,-.06,.752,-.656);es="Linear";ed="In";};};{tm=2.517;["Torso"]={tm=.1160;cf=cfr(0,-.8,1.6,.9,.429,-.083,-.027,.244,.969,.436,-.87,.231);es="Linear";ed="In";};["Head"]={tm=.1000;cf=cfr(0,0,0,.988,.085,.13,-.024,.91,-.414,-.153,.406,.901);es="Linear";ed="In";};["Left Leg"]={tm=.133;cf=cfr(-.223,-.512,-.183,.793,-.607,-.043,.609,.791,.06,-.003,-.074,.997);es="Linear";ed="In";};};{tm=2.55;["Right Leg"]={tm=.0830;cf=cfr(.374,-.504,.349,.594,.805,.015,-.802,.589,.102,.073,-.073,.995);es="Linear";ed="In";};};{tm=2.567;["Left Arm"]={tm=.133;cf=cfr(-.771,.07,.374,.073,.997,.019,-.702,.065,-.709,-.708,.039,.705);es="Linear";ed="In";};["Right Arm"]={tm=.133;cf=cfr(-.427,.533,.154,.077,.932,.354,-.852,-.123,.509,.518,-.341,.784);es="Linear";ed="In";};};{tm=2.617;["Head"]={tm=.0659;cf=cfr(0,0,0,.861,.154,-.485,.344,.526,.778,.375,-.836,.4);es="Linear";ed="In";};};{tm=2.633;["Torso"]={tm=.2669;cf=cfr(0,-.8,2,.9,.429,-.083,.257,-.673,-.693,-.353,.602,-.716);es="Out";ed="In";};["Right Leg"]={tm=.0840;cf=cfr(.374,-.504,.349,.278,.959,.047,-.931,.258,.258,.235,-.116,.965);es="Linear";ed="In";};};{tm=2.65;["Left Leg"]={tm=.0169;cf=cfr(-.922,.075,-.053,.965,.256,-.051,-.227,.92,.319,.129,-.296,.946);es="Linear";ed="In";};};{tm=2.667;["Left Leg"]={tm=.0500;cf=cfr(-.933,.358,-.069,.956,.273,-.108,-.238,.936,.258,.171,-.221,.96);es="Linear";ed="In";};};{tm=2.683;["Head"]={tm=.1169;cf=cfr(0,0,0,.998,.036,-.047,-.018,.941,.338,.056,-.336,.94);es="Out";ed="In";};};{tm=2.7;["Left Arm"]={tm=.25;cf=cfr(-.077,.113,.112,-.672,.363,-.645,-.335,-.926,-.173,-.66,.1,.744);es="Out";ed="In";};["Right Arm"]={tm=.25;cf=cfr(-.721,-.087,-.241,.647,-.053,-.761,.585,-.606,.54,-.489,-.794,-.361);es="Out";ed="In";};};{tm=2.717;["Right Leg"]={tm=.0499;cf=cfr(.529,.144,.032,.68,.72,-.138,-.664,.685,.299,.31,-.112,.944);es="Linear";ed="In";};["Left Leg"]={tm=.1829;cf=cfr(-1.009,1.023,-.08,.929,.308,-.205,-.32,.947,-.029,.185,.092,.978);es="Out";ed="In";};};{tm=2.767;["Right Leg"]={tm=.0500;cf=cfr(.447,-.062,.029,.433,.895,-.103,-.876,.445,.184,.21,.011,.978);es="Linear";ed="In";};};{tm=2.8;["Head"]={tm=0;cf=cfr(0,0,0,.997,.052,-.055,-.052,.999,-.003,.055,.006,.998);es="Linear";ed="In";};};{tm=2.817;["Right Leg"]={tm=.0829;cf=cfr(.459,-.211,.032,.472,.874,-.116,-.86,.485,.158,.194,.026,.981);es="Out";ed="In";};};{tm=2.9;["Right Leg"]={tm=.0500;cf=cfr(.459,-.21,.032,.678,.72,-.145,-.708,.694,.131,.195,.014,.981);es="Linear";ed="In";};["Left Leg"]={tm=.0670;cf=cfr(-.828,.876,-.066,.909,.39,-.144,-.365,.914,.176,.2,-.107,.974);es="Linear";ed="In";};["Torso"]={tm=.0670;cf=cfr(0,.7,-.6,1,0,0,0,.924,-.383,0,.383,.924);es="Linear";ed="In";};};{tm=2.95;["Left Arm"]={tm=.0329;cf=cfr(-.12,-.69,0,.623,.015,.782,-.485,.791,.372,-.614,-.611,.5);es="Linear";ed="In";};["Right Arm"]={tm=.0329;cf=cfr(.085,-.493,0,.656,-.009,-.755,.469,.788,.398,.592,-.615,.521);es="Linear";ed="In";};["Right Leg"]={tm=0;cf=cfr(.397,.636,.012,.959,.226,-.168,-.207,.97,.124,.191,-.084,.978);es="Linear";ed="In";};};{tm=2.967;["Torso"]={tm=0;cf=cfr(0,0,.125,1,0,0,0,.995,-.098,0,.098,.995);es="Linear";ed="In";};["Left Leg"]={tm=0;cf=cfr(-.226,-.113,-.017,.998,.037,-.045,-.038,.999,-.023,.044,.025,.999);es="Linear";ed="In";};};{tm=2.983;["Left Arm"]={tm=0;cf=cfr(-.035,-.126,-.062,.852,.079,.517,-.3,.883,.361,-.428,-.463,.776);es="Linear";ed="In";};["Right Arm"]={tm=0;cf=cfr(.021,-.106,-.061,.864,-.071,-.498,.305,.861,.407,.4,-.504,.765);es="Linear";ed="In";};};}
