-- // converted using mech's animoduler
local cfr = CFrame.new

return {{tm=0;["Torso"]={tm=0;cf=cfr(0,0,0,1,0,0,0,1,0,0,0,1);es="Linear";ed="In";};["Left Arm"]={tm=.283;cf=cfr(0,0,0,1,0,0,0,1,0,0,0,1);es="Linear";ed="In";};["Head"]={tm=.083;cf=cfr(0,0,0,1,0,0,0,1,0,0,0,1);es="Linear";ed="In";};["Right Arm"]={tm=.083;cf=cfr(0,0,0,1,0,0,0,1,0,0,0,1);es="Linear";ed="In";};["Right Leg"]={tm=.05;cf=cfr(0,0,0,1,0,0,0,1,0,0,0,1);es="Linear";ed="In";};["Left Leg"]={tm=.05;cf=cfr(0,0,0,1,0,0,0,1,0,0,0,1);es="Linear";ed="In";};["HumanoidRootPart"]={tm=.05;cf=cfr(0,0,0,1,0,0,0,1,0,0,0,1);es="Linear";ed="In";};["Torso"]={tm=0;cf=cfr(0,0,0,1,0,0,0,1,0,0,0,1);es="Linear";ed="In";};};{tm=.05;["Torso"]={tm=0;cf=cfr(0,0,0,1,0,0,0,1,0,0,0,1);es="Linear";ed="In";};["Right Leg"]={tm=.1669;cf=cfr(.018,-.098,-.002,.899,.287,-.331,-.317,.948,-.039,.303,.139,.943);es="Linear";ed="In";};["Left Leg"]={tm=.1669;cf=cfr(-.41,-.027,.029,.94,.341,.001,-.341,.94,.025,.007,-.024,1);es="Linear";ed="In";};["HumanoidRootPart"]={tm=.1669;cf=cfr(0,0,0,1,0,0,0,1,0,0,0,1);es="Linear";ed="In";};["Torso"]={tm=0;cf=cfr(0,.2,0,.997,.071,.009,-.068,.982,-.178,-.022,.177,.984);es="Linear";ed="In";};};{tm=.083;["Torso"]={tm=.134;cf=cfr(0,0,0,1,0,0,0,1,0,0,0,1);es="Linear";ed="In";};["Right Arm"]={tm=.184;cf=cfr(-.428,-.389,-.126,.726,-.557,-.404,.653,.742,.149,.217,-.372,.903);es="Linear";ed="In";};["Head"]={tm=.134;cf=cfr(0,0,0,.971,-.131,-.198,.052,.931,-.362,.232,.341,.911);es="Linear";ed="In";};};{tm=.217;["HumanoidRootPart"]={tm=.1329;cf=cfr(0,0,0,1,0,0,0,1,0,0,0,1);es="Linear";ed="In";};["Torso"]={tm=0;cf=cfr(0,.45,0,.924,.374,.083,-.383,.902,.2,0,-.216,.976);es="Linear";ed="In";};["Torso"]={tm=0;cf=cfr(0,0,0,1,0,0,0,1,0,0,0,1);es="Linear";ed="In";};["Head"]={tm=.1329;cf=cfr(0,0,0,.966,-.174,-.191,.093,.924,-.37,.241,.34,.909);es="Linear";ed="In";};["Left Leg"]={tm=.1329;cf=cfr(-.389,-.125,.029,.988,-.152,-.014,.153,.983,.104,-.002,-.105,.994);es="Linear";ed="In";};["Right Leg"]={tm=.1329;cf=cfr(-.163,-.058,.074,.768,.576,-.28,-.546,.817,.185,.335,.011,.942);es="Linear";ed="In";};};{tm=.267;["Torso"]={tm=.0159;cf=cfr(0,0,0,1,0,0,0,1,0,0,0,1);es="Linear";ed="In";};["Right Arm"]={tm=.0829;cf=cfr(-.826,.183,-.083,-.83,.057,-.554,.39,-.651,-.651,-.398,-.757,.518);es="Linear";ed="In";};};{tm=.283;["Torso"]={tm=.067;cf=cfr(0,0,0,1,0,0,0,1,0,0,0,1);es="Linear";ed="In";};["Left Arm"]={tm=.1000;cf=cfr(-.561,-1.097,.325,-.442,.733,.517,-.629,-.664,.404,.639,-.147,.755);es="Linear";ed="In";};};{tm=.35;["Torso"]={tm=0;cf=cfr(0,0,0,1,0,0,0,1,0,0,0,1);es="Linear";ed="In";};["Right Leg"]={tm=.0170;cf=cfr(-.333,.015,.15,.6,.78,-.179,-.699,.62,.357,.389,-.089,.917);es="Linear";ed="In";};["Right Arm"]={tm=.0330;cf=cfr(-.826,.183,-.083,-.909,.416,-.037,-.085,-.271,-.959,-.409,-.868,.281);es="Linear";ed="In";};["Left Leg"]={tm=.0330;cf=cfr(-.315,-.31,.016,.889,-.458,.003,.458,.889,-.029,.011,.027,1);es="Linear";ed="In";};["Head"]={tm=.0170;cf=cfr(0,0,0,.976,-.164,-.143,.077,.874,-.479,.203,.457,.866);es="Linear";ed="In";};["HumanoidRootPart"]={tm=.0170;cf=cfr(0,0,0,1,0,0,0,1,0,0,0,1);es="Linear";ed="In";};["Torso"]={tm=0;cf=cfr(0,.25,0,.924,.374,.083,-.377,.851,.366,.066,-.37,.927);es="Linear";ed="In";};};{tm=.367;["Torso"]={tm=0;cf=cfr(0,0,0,1,0,0,0,1,0,0,0,1);es="Linear";ed="In";};["Right Leg"]={tm=.0160;cf=cfr(-.004,.134,.107,.644,.753,-.134,-.707,.654,.27,.291,-.079,.954);es="Linear";ed="In";};["Head"]={tm=.0160;cf=cfr(.026,-.001,-.028,.989,.078,-.127,-.106,.966,-.237,.104,.248,.963);es="Linear";ed="In";};["HumanoidRootPart"]={tm=.0160;cf=cfr(0,0,0,1,0,0,0,1,0,0,0,1);es="Linear";ed="In";};["Torso"]={tm=0;cf=cfr(0,-.128,.18,.996,.089,.002,-.089,.993,.081,.006,-.081,.997);es="Linear";ed="In";};};{tm=.383;["Torso"]={tm=0;cf=cfr(0,0,0,1,0,0,0,1,0,0,0,1);es="Linear";ed="In";};["Left Arm"]={tm=.0499;cf=cfr(-.135,-.277,.038,-.048,.953,.298,-.953,-.133,.271,.298,-.271,.915);es="Linear";ed="In";};["Right Arm"]={tm=.0339;cf=cfr(.981,.167,.651,-.808,-.579,-.109,.077,.079,-.994,.584,-.811,-.019);es="Linear";ed="In";};["Left Leg"]={tm=.0170;cf=cfr(-.454,-.382,.009,.977,.211,-.039,-.214,.971,-.103,.016,.109,.994);es="Linear";ed="In";};["Right Leg"]={tm=.0170;cf=cfr(.274,.233,.07,.677,.73,-.093,-.706,.68,.195,.206,-.067,.976);es="Linear";ed="In";};["Head"]={tm=.0170;cf=cfr(.025,-.004,-.028,.964,.257,-.071,-.26,.965,-.044,.057,.061,.996);es="Linear";ed="In";};["HumanoidRootPart"]={tm=.0170;cf=cfr(0,0,0,1,0,0,0,1,0,0,0,1);es="Linear";ed="In";};["Torso"]={tm=0;cf=cfr(0,-.422,.32,.989,-.149,.002,.147,.977,-.156,.022,.155,.988);es="Linear";ed="In";};};{tm=.4;["Torso"]={tm=0;cf=cfr(0,0,0,1,0,0,0,1,0,0,0,1);es="Linear";ed="In";};["Right Leg"]={tm=.0169;cf=cfr(.503,.312,.04,.701,.711,-.057,-.7,.701,.134,.135,-.054,.989);es="Linear";ed="In";};["Head"]={tm=.0169;cf=cfr(.014,-.004,-.017,.928,.372,-.011,-.37,.925,.088,.043,-.078,.996);es="Linear";ed="In";};["Left Leg"]={tm=.0169;cf=cfr(-.479,-.21,.015,.999,.033,-.008,-.033,.999,-.027,.007,.027,1);es="Linear";ed="In";};["HumanoidRootPart"]={tm=.0169;cf=cfr(0,0,0,1,0,0,0,1,0,0,0,1);es="Linear";ed="In";};["Torso"]={tm=0;cf=cfr(0,-.632,.42,.95,-.311,.036,.306,.897,-.318,.067,.313,.947);es="Linear";ed="In";};};{tm=.417;["Torso"]={tm=0;cf=cfr(0,0,0,1,0,0,0,1,0,0,0,1);es="Linear";ed="In";};["Right Arm"]={tm=.066;cf=cfr(1.568,.542,-.856,.104,-.933,.346,.334,-.295,-.895,.937,.209,.281);es="Linear";ed="In";};["Right Leg"]={tm=.0160;cf=cfr(.689,.375,.015,.718,.696,-.026,-.692,.717,.085,.078,-.043,.996);es="Linear";ed="In";};["Head"]={tm=.0160;cf=cfr(.004,-.001,-.005,.9,.435,.033,-.434,.886,.163,.042,-.161,.986);es="Linear";ed="In";};["Left Leg"]={tm=.0160;cf=cfr(-.507,-.097,.02,.993,-.115,.007,.115,.993,.039,-.012,-.038,.999);es="Linear";ed="In";};["HumanoidRootPart"]={tm=.0160;cf=cfr(0,0,0,1,0,0,0,1,0,0,0,1);es="Linear";ed="In";};["Torso"]={tm=0;cf=cfr(0,-.758,.48,.914,-.401,.07,.393,.824,-.408,.106,.4,.91);es="Linear";ed="In";};};{tm=.433;["Torso"]={tm=0;cf=cfr(0,0,0,1,0,0,0,1,0,0,0,1);es="Linear";ed="In";};["Left Arm"]={tm=.0499;cf=cfr(.636,.164,-.272,.304,.514,.802,-.952,.121,.282,.048,-.849,.526);es="Linear";ed="In";};["Head"]={tm=.0170;cf=cfr(0,0,0,.889,.454,.049,-.455,.871,.187,.043,-.189,.981);es="Linear";ed="In";};["Right Leg"]={tm=.0170;cf=cfr(.834,.424,-.005,.73,.684,-.001,-.683,.729,.047,.033,-.033,.999);es="Linear";ed="In";};["Left Leg"]={tm=.0170;cf=cfr(-.532,-.025,.024,.973,-.232,.012,.23,.969,.093,-.033,-.087,.996);es="Linear";ed="In";};["HumanoidRootPart"]={tm=.0170;cf=cfr(0,0,0,1,0,0,0,1,0,0,0,1);es="Linear";ed="In";};["Torso"]={tm=0;cf=cfr(0,-.8,.5,.9,-.429,.083,.42,.796,-.436,.121,.427,.896);es="Linear";ed="In";};};{tm=.45;["Torso"]={tm=0;cf=cfr(0,0,0,1,0,0,0,1,0,0,0,1);es="Linear";ed="In";};["Right Leg"]={tm=.0170;cf=cfr(.944,.461,-.02,.738,.675,.018,-.675,.737,.018,-.001,-.025,1);es="Linear";ed="In";};["Left Leg"]={tm=.0170;cf=cfr(-.552,.019,.028,.947,-.32,.011,.316,.939,.134,-.054,-.123,.991);es="Linear";ed="In";};["Head"]={tm=.0170;cf=cfr(.001,0,0,.905,.422,.045,-.423,.887,.183,.037,-.185,.982);es="Linear";ed="In";};["HumanoidRootPart"]={tm=.0170;cf=cfr(0,0,0,1,0,0,0,1,0,0,0,1);es="Linear";ed="In";};["Torso"]={tm=0;cf=cfr(0,-.8,.5,.914,-.398,.077,.39,.81,-.438,.112,.431,.896);es="Linear";ed="In";};};{tm=.467;["Torso"]={tm=0;cf=cfr(0,0,0,1,0,0,0,1,0,0,0,1);es="Linear";ed="In";};["Right Leg"]={tm=.0159;cf=cfr(1.021,.486,-.031,.743,.669,.031,-.669,.743,-.002,-.024,-.02,1);es="Linear";ed="In";};["Left Leg"]={tm=.0159;cf=cfr(-.565,.046,.033,.923,-.384,.009,.377,.911,.164,-.071,-.148,.986);es="Linear";ed="In";};["Head"]={tm=.0159;cf=cfr(.004,-.001,-.001,.944,.328,.036,-.33,.929,.169,.022,-.171,.985);es="Linear";ed="In";};["HumanoidRootPart"]={tm=.0159;cf=cfr(0,0,0,1,0,0,0,1,0,0,0,1);es="Linear";ed="In";};["Torso"]={tm=0;cf=cfr(0,-.8,.5,.949,-.308,.06,.302,.843,-.445,.087,.44,.894);es="Linear";ed="In";};};{tm=.483;["Torso"]={tm=0;cf=cfr(0,0,0,1,0,0,0,1,0,0,0,1);es="Linear";ed="In";};["Left Arm"]={tm=.0340;cf=cfr(1.12,.762,-.062,-.999,-.006,.052,-.043,-.457,-.888,.029,-.889,.456);es="Linear";ed="In";};["Right Arm"]={tm=.0340;cf=cfr(.589,-.561,-1.154,.202,.635,.746,.978,-.178,-.113,.06,.752,-.656);es="Linear";ed="In";};["Right Leg"]={tm=.0170;cf=cfr(1.07,.502,-.038,.746,.665,.04,-.665,.747,-.014,-.039,-.016,.999);es="Linear";ed="In";};["Left Leg"]={tm=.0170;cf=cfr(-.574,.061,.036,.905,-.426,.005,.418,.889,.185,-.083,-.165,.983);es="Linear";ed="In";};["Head"]={tm=.0170;cf=cfr(.007,-.002,-.001,.983,.181,.025,-.183,.972,.147,.003,-.149,.989);es="Linear";ed="In";};["HumanoidRootPart"]={tm=.0170;cf=cfr(0,0,0,1,0,0,0,1,0,0,0,1);es="Linear";ed="In";};["Torso"]={tm=0;cf=cfr(0,-.8,.5,.985,-.169,.033,.165,.877,-.451,.048,.45,.892);es="Linear";ed="In";};};{tm=.5;["Torso"]={tm=0;cf=cfr(0,0,0,1,0,0,0,1,0,0,0,1);es="Linear";ed="In";};["Right Leg"]={tm=.0170;cf=cfr(1.095,.51,-.042,.747,.663,.044,-.663,.749,-.021,-.047,-.014,.999);es="Linear";ed="In";};["Left Leg"]={tm=.0170;cf=cfr(-.58,.07,.038,.892,-.452,.003,.443,.875,.197,-.092,-.175,.98);es="Linear";ed="In";};["Head"]={tm=.0170;cf=cfr(.009,-.002,-.001,1,.002,.016,-.004,.993,.119,-.016,-.119,.993);es="Linear";ed="In";};["HumanoidRootPart"]={tm=.0170;cf=cfr(0,0,0,1,0,0,0,1,0,0,0,1);es="Linear";ed="In";};["Torso"]={tm=0;cf=cfr(0,-.8,.5,1,0,0,0,.891,-.454,0,.454,.891);es="Linear";ed="In";};};{tm=.517;["Torso"]={tm=0;cf=cfr(0,0,0,1,0,0,0,1,0,0,0,1);es="Linear";ed="In";};["Left Arm"]={tm=.0330;cf=cfr(-.348,1.415,.608,-.911,.319,.261,-.383,-.421,-.823,-.153,-.849,.505);es="Linear";ed="In";};["Right Arm"]={tm=.0499;cf=cfr(.135,-.277,.038,-.048,-.953,-.298,.953,-.133,.271,-.298,-.271,.915);es="Linear";ed="In";};["Right Leg"]={tm=.0160;cf=cfr(1.101,.512,-.043,.748,.662,.045,-.662,.749,-.022,-.049,-.014,.999);es="Linear";ed="In";};["Left Leg"]={tm=.0160;cf=cfr(-.582,.073,.039,.886,-.465,.001,.455,.867,.203,-.096,-.179,.979);es="Linear";ed="In";};["Head"]={tm=.0160;cf=cfr(.008,-.001,-.001,.984,-.177,.013,.175,.98,.09,-.028,-.086,.996);es="Linear";ed="In";};["HumanoidRootPart"]={tm=.0160;cf=cfr(0,0,0,1,0,0,0,1,0,0,0,1);es="Linear";ed="In";};["Torso"]={tm=0;cf=cfr(0,-.8,.5,.985,.169,-.033,-.165,.877,-.451,-.048,.45,.892);es="Linear";ed="In";};};{tm=.533;["Torso"]={tm=0;cf=cfr(0,0,0,1,0,0,0,1,0,0,0,1);es="Linear";ed="In";};["Right Leg"]={tm=.0170;cf=cfr(1.092,.51,-.041,.747,.663,.044,-.663,.748,-.02,-.046,-.014,.999);es="Linear";ed="In";};["Left Leg"]={tm=.0170;cf=cfr(-.582,.074,.04,.885,-.466,.001,.456,.866,.204,-.096,-.18,.979);es="Linear";ed="In";};["Head"]={tm=.0170;cf=cfr(.004,0,-.001,.946,-.325,.014,.323,.944,.065,-.034,-.057,.998);es="Linear";ed="In";};["HumanoidRootPart"]={tm=.0170;cf=cfr(0,0,0,1,0,0,0,1,0,0,0,1);es="Linear";ed="In";};["Torso"]={tm=0;cf=cfr(0,-.8,.5,.949,.308,-.06,-.302,.843,-.445,-.087,.44,.894);es="Linear";ed="In";};};{tm=.55;["Torso"]={tm=0;cf=cfr(0,0,0,1,0,0,0,1,0,0,0,1);es="Linear";ed="In";};["Left Arm"]={tm=.0499;cf=cfr(-1.305,1.078,-.911,.211,.864,-.457,-.643,-.23,-.731,-.737,.448,.507);es="Linear";ed="In";};["Right Leg"]={tm=.0169;cf=cfr(1.073,.503,-.039,.746,.665,.04,-.665,.747,-.015,-.04,-.016,.999);es="Linear";ed="In";};["Left Leg"]={tm=.0169;cf=cfr(-.581,.072,.039,.888,-.461,.002,.451,.87,.201,-.094,-.178,.98);es="Linear";ed="In";};["Head"]={tm=.0169;cf=cfr(.001,0,0,.908,-.419,.017,.418,.907,.048,-.036,-.037,.999);es="Linear";ed="In";};["HumanoidRootPart"]={tm=.0169;cf=cfr(0,0,0,1,0,0,0,1,0,0,0,1);es="Linear";ed="In";};["Torso"]={tm=0;cf=cfr(0,-.8,.5,.914,.398,-.077,-.39,.81,-.438,-.112,.431,.896);es="Linear";ed="In";};};{tm=.567;["HumanoidRootPart"]={tm=.0160;cf=cfr(0,0,0,1,0,0,0,1,0,0,0,1);es="Linear";ed="In";};["Torso"]={tm=0;cf=cfr(0,-.8,.5,.9,.429,-.083,-.42,.796,-.436,-.121,.427,.896);es="Linear";ed="In";};["Torso"]={tm=0;cf=cfr(0,0,0,1,0,0,0,1,0,0,0,1);es="Linear";ed="In";};["Head"]={tm=.0160;cf=cfr(0,0,0,.892,-.452,.019,.451,.892,.042,-.036,-.029,.999);es="Linear";ed="In";};["Right Arm"]={tm=.0500;cf=cfr(-.636,.164,-.272,.304,-.514,-.802,.952,.121,.282,-.048,-.849,.526);es="Linear";ed="In";};["Right Leg"]={tm=.0160;cf=cfr(1.047,.495,-.035,.744,.667,.036,-.667,.745,-.008,-.032,-.018,.999);es="Linear";ed="In";};["Left Leg"]={tm=.0160;cf=cfr(-.579,.069,.038,.893,-.45,.003,.44,.876,.196,-.091,-.174,.981);es="Linear";ed="In";};};{tm=.583;["Torso"]={tm=0;cf=cfr(0,0,0,1,0,0,0,1,0,0,0,1);es="Linear";ed="In";};["Right Leg"]={tm=.0170;cf=cfr(1.02,.486,-.031,.743,.669,.031,-.669,.743,-.001,-.024,-.02,1);es="Linear";ed="In";};["Left Leg"]={tm=.0170;cf=cfr(-.576,.065,.037,.9,-.436,.004,.428,.884,.19,-.087,-.169,.982);es="Linear";ed="In";};["Head"]={tm=.0170;cf=cfr(.001,0,0,.907,-.42,.019,.419,.907,.047,-.037,-.035,.999);es="Linear";ed="In";};["HumanoidRootPart"]={tm=.0170;cf=cfr(0,0,0,1,0,0,0,1,0,0,0,1);es="Linear";ed="In";};["Torso"]={tm=0;cf=cfr(0,-.8,.496,.914,.398,-.077,-.39,.81,-.438,-.112,.431,.896);es="Linear";ed="In";};};{tm=.6;["Torso"]={tm=0;cf=cfr(0,0,0,1,0,0,0,1,0,0,0,1);es="Linear";ed="In";};["Left Arm"]={tm=.0500;cf=cfr(-.589,-.561,-1.154,.202,-.635,-.746,-.978,-.178,-.113,-.06,.752,-.656);es="Linear";ed="In";};["Right Leg"]={tm=.0170;cf=cfr(.994,.477,-.028,.741,.671,.027,-.671,.741,.005,-.016,-.022,1);es="Linear";ed="In";};["Left Leg"]={tm=.0170;cf=cfr(-.574,.06,.036,.906,-.423,.006,.415,.891,.183,-.083,-.164,.983);es="Linear";ed="In";};["Head"]={tm=.0170;cf=cfr(.003,-.001,0,.945,-.327,.019,.325,.944,.06,-.038,-.05,.998);es="Linear";ed="In";};["HumanoidRootPart"]={tm=.0170;cf=cfr(0,0,0,1,0,0,0,1,0,0,0,1);es="Linear";ed="In";};["Torso"]={tm=0;cf=cfr(0,-.8,.485,.949,.308,-.06,-.302,.843,-.445,-.087,.44,.894);es="Linear";ed="In";};};{tm=.617;["Torso"]={tm=0;cf=cfr(0,0,0,1,0,0,0,1,0,0,0,1);es="Linear";ed="In";};["Right Arm"]={tm=.0330;cf=cfr(-.826,.183,-.083,-.909,.416,-.037,-.085,-.271,-.959,-.409,-.868,.281);es="Linear";ed="In";};["Right Leg"]={tm=.0160;cf=cfr(.976,.471,-.025,.74,.672,.023,-.673,.74,.01,-.011,-.023,1);es="Linear";ed="In";};["Left Leg"]={tm=.0160;cf=cfr(-.572,.057,.035,.91,-.414,.006,.406,.896,.178,-.079,-.16,.984);es="Linear";ed="In";};["Head"]={tm=.0160;cf=cfr(.005,-.002,-.001,.983,-.182,.023,.18,.981,.079,-.037,-.073,.997);es="Linear";ed="In";};["HumanoidRootPart"]={tm=.0160;cf=cfr(0,0,0,1,0,0,0,1,0,0,0,1);es="Linear";ed="In";};["Torso"]={tm=0;cf=cfr(0,-.8,.469,.985,.169,-.033,-.165,.877,-.451,-.048,.45,.892);es="Linear";ed="In";};};{tm=.633;["Torso"]={tm=0;cf=cfr(0,0,0,1,0,0,0,1,0,0,0,1);es="Linear";ed="In";};["Right Leg"]={tm=1.7999;cf=cfr(.969,.469,-.024,.739,.673,.022,-.673,.739,.012,-.009,-.024,1);es="Linear";ed="In";};["Left Leg"]={tm=1.7999;cf=cfr(-.571,.055,.035,.912,-.41,.007,.402,.898,.177,-.078,-.158,.984);es="Linear";ed="In";};["Head"]={tm=.0170;cf=cfr(.006,-.003,-.001,1,-.006,.03,.003,.995,.1,-.031,-.1,.995);es="Linear";ed="In";};["HumanoidRootPart"]={tm=.0170;cf=cfr(0,0,0,1,0,0,0,1,0,0,0,1);es="Linear";ed="In";};["Torso"]={tm=0;cf=cfr(0,-.8,.45,1,0,0,0,.891,-.454,0,.454,.891);es="Linear";ed="In";};};{tm=.65;["Torso"]={tm=0;cf=cfr(0,0,0,1,0,0,0,1,0,0,0,1);es="Linear";ed="In";};["Left Arm"]={tm=.0499;cf=cfr(-.135,-.277,.038,-.048,.953,.298,-.953,-.133,.271,.298,-.271,.915);es="Linear";ed="In";};["Right Arm"]={tm=.0330;cf=cfr(1.207,-.278,.667,-.614,-.78,-.12,-.334,.394,-.856,.716,-.485,-.502);es="Linear";ed="In";};["Head"]={tm=.0170;cf=cfr(.005,-.003,-.001,.985,.17,.042,-.174,.978,.119,-.02,-.125,.992);es="Linear";ed="In";};["HumanoidRootPart"]={tm=.0170;cf=cfr(0,0,0,1,0,0,0,1,0,0,0,1);es="Linear";ed="In";};["Torso"]={tm=0;cf=cfr(0,-.8,.431,.985,-.169,.033,.165,.877,-.451,.048,.45,.892);es="Linear";ed="In";};};{tm=.667;["HumanoidRootPart"]={tm=.0160;cf=cfr(0,0,0,1,0,0,0,1,0,0,0,1);es="Linear";ed="In";};["Torso"]={tm=0;cf=cfr(0,-.8,.415,.949,-.308,.06,.302,.843,-.445,.087,.44,.894);es="Linear";ed="In";};["Torso"]={tm=0;cf=cfr(0,0,0,1,0,0,0,1,0,0,0,1);es="Linear";ed="In";};["Head"]={tm=.0160;cf=cfr(.003,-.002,0,.948,.315,.054,-.319,.938,.134,-.008,-.144,.99);es="Linear";ed="In";};};{tm=.683;["Torso"]={tm=0;cf=cfr(0,0,0,1,0,0,0,1,0,0,0,1);es="Linear";ed="In";};["Right Arm"]={tm=.0669;cf=cfr(1.568,.542,-.856,.504,-.684,.528,-.323,-.716,-.619,.802,.141,-.581);es="Linear";ed="In";};["Head"]={tm=.0169;cf=cfr(.001,-.001,0,.911,.408,.063,-.413,.9,.142,.001,-.156,.988);es="Linear";ed="In";};["HumanoidRootPart"]={tm=.0169;cf=cfr(0,0,0,1,0,0,0,1,0,0,0,1);es="Linear";ed="In";};["Torso"]={tm=0;cf=cfr(0,-.8,.404,.914,-.398,.077,.39,.81,-.438,.112,.431,.896);es="Linear";ed="In";};};{tm=.7;["Torso"]={tm=0;cf=cfr(0,0,0,1,0,0,0,1,0,0,0,1);es="Linear";ed="In";};["Left Arm"]={tm=.0500;cf=cfr(.636,.164,-.272,.304,.514,.802,-.952,.121,.282,.048,-.849,.526);es="Linear";ed="In";};["Head"]={tm=.0170;cf=cfr(0,0,0,.896,.44,.067,-.444,.884,.145,.005,-.16,.987);es="Linear";ed="In";};["HumanoidRootPart"]={tm=.0170;cf=cfr(0,0,0,1,0,0,0,1,0,0,0,1);es="Linear";ed="In";};["Torso"]={tm=0;cf=cfr(0,-.8,.4,.9,-.429,.083,.42,.796,-.436,.121,.427,.896);es="Linear";ed="In";};};{tm=.717;["Torso"]={tm=0;cf=cfr(0,0,0,1,0,0,0,1,0,0,0,1);es="Linear";ed="In";};["Head"]={tm=.0160;cf=cfr(.001,-.001,0,.911,.408,.063,-.413,.9,.142,.001,-.156,.988);es="Linear";ed="In";};["HumanoidRootPart"]={tm=.0160;cf=cfr(0,0,0,1,0,0,0,1,0,0,0,1);es="Linear";ed="In";};["Torso"]={tm=0;cf=cfr(0,-.8,.392,.914,-.398,.077,.39,.81,-.438,.112,.431,.896);es="Linear";ed="In";};};{tm=.733;["Torso"]={tm=0;cf=cfr(0,0,0,1,0,0,0,1,0,0,0,1);es="Linear";ed="In";};["Head"]={tm=.0170;cf=cfr(.003,-.002,0,.948,.315,.054,-.319,.938,.134,-.008,-.144,.99);es="Linear";ed="In";};["HumanoidRootPart"]={tm=.0170;cf=cfr(0,0,0,1,0,0,0,1,0,0,0,1);es="Linear";ed="In";};["Torso"]={tm=0;cf=cfr(0,-.8,.371,.949,-.308,.06,.302,.843,-.445,.087,.44,.894);es="Linear";ed="In";};};{tm=.75;["Torso"]={tm=0;cf=cfr(0,0,0,1,0,0,0,1,0,0,0,1);es="Linear";ed="In";};["Left Arm"]={tm=.0330;cf=cfr(.826,.183,-.083,-.909,-.416,.037,.085,-.271,-.959,.409,-.868,.281);es="Linear";ed="In";};["Right Arm"]={tm=.0330;cf=cfr(.589,-.561,-1.154,.202,.635,.746,.978,-.178,-.113,.06,.752,-.656);es="Linear";ed="In";};["Head"]={tm=.0170;cf=cfr(.005,-.003,-.001,.985,.17,.042,-.174,.978,.119,-.02,-.125,.992);es="Linear";ed="In";};["HumanoidRootPart"]={tm=.0170;cf=cfr(0,0,0,1,0,0,0,1,0,0,0,1);es="Linear";ed="In";};["Torso"]={tm=0;cf=cfr(0,-.8,.338,.985,-.169,.033,.165,.877,-.451,.048,.45,.892);es="Linear";ed="In";};};{tm=.767;["Torso"]={tm=0;cf=cfr(0,0,0,1,0,0,0,1,0,0,0,1);es="Linear";ed="In";};["Head"]={tm=.0160;cf=cfr(.006,-.003,-.001,1,-.006,.03,.003,.995,.1,-.031,-.1,.995);es="Linear";ed="In";};["HumanoidRootPart"]={tm=.0160;cf=cfr(0,0,0,1,0,0,0,1,0,0,0,1);es="Linear";ed="In";};["Torso"]={tm=0;cf=cfr(0,-.8,.3,1,0,0,0,.891,-.454,0,.454,.891);es="Linear";ed="In";};};{tm=.783;["Torso"]={tm=0;cf=cfr(0,0,0,1,0,0,0,1,0,0,0,1);es="Linear";ed="In";};["Left Arm"]={tm=.0339;cf=cfr(-.981,.167,.651,-.808,.579,.109,-.077,.079,-.994,-.584,-.811,-.019);es="Linear";ed="In";};["Right Arm"]={tm=.0499;cf=cfr(.135,-.277,.038,-.048,-.953,-.298,.953,-.133,.271,-.298,-.271,.915);es="Linear";ed="In";};["Head"]={tm=.0170;cf=cfr(.005,-.002,-.001,.983,-.182,.023,.18,.981,.079,-.037,-.073,.997);es="Linear";ed="In";};["HumanoidRootPart"]={tm=.0170;cf=cfr(0,0,0,1,0,0,0,1,0,0,0,1);es="Linear";ed="In";};["Torso"]={tm=0;cf=cfr(0,-.8,.262,.985,.169,-.033,-.165,.877,-.451,-.048,.45,.892);es="Linear";ed="In";};};{tm=.8;["Torso"]={tm=0;cf=cfr(0,0,0,1,0,0,0,1,0,0,0,1);es="Linear";ed="In";};["Head"]={tm=.0169;cf=cfr(.003,-.001,0,.945,-.327,.019,.325,.944,.06,-.038,-.05,.998);es="Linear";ed="In";};["HumanoidRootPart"]={tm=.0169;cf=cfr(0,0,0,1,0,0,0,1,0,0,0,1);es="Linear";ed="In";};["Torso"]={tm=0;cf=cfr(0,-.8,.229,.949,.308,-.06,-.302,.843,-.445,-.087,.44,.894);es="Linear";ed="In";};};{tm=.817;["Torso"]={tm=0;cf=cfr(0,0,0,1,0,0,0,1,0,0,0,1);es="Linear";ed="In";};["Left Arm"]={tm=.0660;cf=cfr(-1.568,.542,-.856,.104,.933,-.346,-.334,-.295,-.895,-.937,.209,.281);es="Linear";ed="In";};["Head"]={tm=.0160;cf=cfr(.001,0,0,.907,-.42,.019,.419,.907,.047,-.037,-.035,.999);es="Linear";ed="In";};["HumanoidRootPart"]={tm=.0160;cf=cfr(0,0,0,1,0,0,0,1,0,0,0,1);es="Linear";ed="In";};["Torso"]={tm=0;cf=cfr(0,-.8,.208,.914,.398,-.077,-.39,.81,-.438,-.112,.431,.896);es="Linear";ed="In";};};{tm=.833;["HumanoidRootPart"]={tm=.0170;cf=cfr(0,0,0,1,0,0,0,1,0,0,0,1);es="Linear";ed="In";};["Torso"]={tm=0;cf=cfr(0,-.8,.2,.9,.429,-.083,-.42,.796,-.436,-.121,.427,.896);es="Linear";ed="In";};["Torso"]={tm=0;cf=cfr(0,0,0,1,0,0,0,1,0,0,0,1);es="Linear";ed="In";};["Head"]={tm=.0170;cf=cfr(0,0,0,.892,-.452,.019,.451,.892,.042,-.036,-.029,.999);es="Linear";ed="In";};["Right Arm"]={tm=.0500;cf=cfr(-.636,.164,-.272,.304,-.514,-.802,.952,.121,.282,-.048,-.849,.526);es="Linear";ed="In";};};{tm=.85;["HumanoidRootPart"]={tm=.0170;cf=cfr(0,0,0,1,0,0,0,1,0,0,0,1);es="Linear";ed="In";};["Torso"]={tm=0;cf=cfr(0,-.8,.259,.962,.267,-.052,-.261,.855,-.447,-.075,.444,.893);es="Linear";ed="In";};["Torso"]={tm=0;cf=cfr(0,0,0,1,0,0,0,1,0,0,0,1);es="Linear";ed="In";};["Head"]={tm=.0170;cf=cfr(.001,0,0,.907,-.42,.019,.419,.907,.047,-.037,-.035,.999);es="Linear";ed="In";};};{tm=.867;["HumanoidRootPart"]={tm=.0160;cf=cfr(0,0,0,1,0,0,0,1,0,0,0,1);es="Linear";ed="In";};["Torso"]={tm=0;cf=cfr(0,-.8,.315,.994,.104,-.02,-.102,.886,-.453,-.029,.452,.891);es="Linear";ed="In";};["Torso"]={tm=0;cf=cfr(0,0,0,1,0,0,0,1,0,0,0,1);es="Linear";ed="In";};["Head"]={tm=.0160;cf=cfr(.003,-.001,0,.945,-.327,.019,.325,.944,.06,-.038,-.05,.998);es="Linear";ed="In";};};{tm=.883;["Torso"]={tm=0;cf=cfr(0,0,0,1,0,0,0,1,0,0,0,1);es="Linear";ed="In";};["Left Arm"]={tm=.0340;cf=cfr(-.589,-.561,-1.154,.202,-.635,-.746,-.978,-.178,-.113,-.06,.752,-.656);es="Linear";ed="In";};["Right Arm"]={tm=.0340;cf=cfr(-.826,.183,-.083,-.909,.416,-.037,-.085,-.271,-.959,-.409,-.868,.281);es="Linear";ed="In";};["Head"]={tm=.0170;cf=cfr(.005,-.002,-.001,.983,-.182,.023,.18,.981,.079,-.037,-.073,.997);es="Linear";ed="In";};["HumanoidRootPart"]={tm=.0170;cf=cfr(0,0,0,1,0,0,0,1,0,0,0,1);es="Linear";ed="In";};["Torso"]={tm=0;cf=cfr(0,-.8,.367,.999,-.049,.01,.048,.89,-.454,.014,.454,.891);es="Linear";ed="In";};};{tm=.9;["HumanoidRootPart"]={tm=.0170;cf=cfr(0,0,0,1,0,0,0,1,0,0,0,1);es="Linear";ed="In";};["Torso"]={tm=0;cf=cfr(0,-.8,.412,.983,-.183,.035,.179,.875,-.451,.051,.449,.892);es="Linear";ed="In";};["Torso"]={tm=0;cf=cfr(0,0,0,1,0,0,0,1,0,0,0,1);es="Linear";ed="In";};["Head"]={tm=.0170;cf=cfr(.006,-.003,-.001,1,-.006,.03,.003,.995,.1,-.031,-.1,.995);es="Linear";ed="In";};};{tm=.917;["Torso"]={tm=0;cf=cfr(0,0,0,1,0,0,0,1,0,0,0,1);es="Linear";ed="In";};["Left Arm"]={tm=.0499;cf=cfr(-.135,-.277,.038,-.048,.953,.298,-.953,-.133,.271,.298,-.271,.915);es="Linear";ed="In";};["Right Arm"]={tm=.0329;cf=cfr(.385,1.373,.541,-.826,-.257,-.502,.553,-.542,-.633,-.109,-.8,.59);es="Linear";ed="In";};["Head"]={tm=.0160;cf=cfr(.005,-.003,-.001,.985,.17,.042,-.174,.978,.119,-.02,-.125,.992);es="Linear";ed="In";};["HumanoidRootPart"]={tm=.0160;cf=cfr(0,0,0,1,0,0,0,1,0,0,0,1);es="Linear";ed="In";};["Torso"]={tm=0;cf=cfr(0,-.8,.449,.955,-.29,.056,.284,.849,-.446,.082,.442,.893);es="Linear";ed="In";};};{tm=.933;["HumanoidRootPart"]={tm=.0169;cf=cfr(0,0,0,1,0,0,0,1,0,0,0,1);es="Linear";ed="In";};["Torso"]={tm=0;cf=cfr(0,-.8,.477,.928,-.367,.071,.359,.823,-.441,.103,.434,.895);es="Linear";ed="In";};["Torso"]={tm=0;cf=cfr(0,0,0,1,0,0,0,1,0,0,0,1);es="Linear";ed="In";};["Head"]={tm=.0169;cf=cfr(.003,-.002,0,.948,.315,.054,-.319,.938,.134,-.008,-.144,.99);es="Linear";ed="In";};};{tm=.95;["Torso"]={tm=0;cf=cfr(0,0,0,1,0,0,0,1,0,0,0,1);es="Linear";ed="In";};["Right Arm"]={tm=.0669;cf=cfr(1.718,.228,-.815,.308,-.951,.037,.5,.128,-.857,.81,.282,.515);es="Linear";ed="In";};["Head"]={tm=.0170;cf=cfr(.001,-.001,0,.911,.408,.063,-.413,.9,.142,.001,-.156,.988);es="Linear";ed="In";};["HumanoidRootPart"]={tm=.0170;cf=cfr(0,0,0,1,0,0,0,1,0,0,0,1);es="Linear";ed="In";};["Torso"]={tm=0;cf=cfr(0,-.8,.494,.907,-.413,.08,.405,.803,-.437,.117,.429,.896);es="Linear";ed="In";};};{tm=.967;["Torso"]={tm=0;cf=cfr(0,0,0,1,0,0,0,1,0,0,0,1);es="Linear";ed="In";};["Left Arm"]={tm=.0499;cf=cfr(.636,.164,-.272,.304,.514,.802,-.952,.121,.282,.048,-.849,.526);es="Linear";ed="In";};["Head"]={tm=.0160;cf=cfr(0,0,0,.896,.44,.067,-.444,.884,.145,.005,-.16,.987);es="Linear";ed="In";};["HumanoidRootPart"]={tm=.0160;cf=cfr(0,0,0,1,0,0,0,1,0,0,0,1);es="Linear";ed="In";};["Torso"]={tm=0;cf=cfr(0,-.8,.5,.9,-.429,.083,.42,.796,-.436,.121,.427,.896);es="Linear";ed="In";};};{tm=.983;["Torso"]={tm=0;cf=cfr(0,0,0,1,0,0,0,1,0,0,0,1);es="Linear";ed="In";};["Head"]={tm=.0170;cf=cfr(.001,-.001,0,.911,.408,.063,-.413,.9,.142,.001,-.156,.988);es="Linear";ed="In";};["HumanoidRootPart"]={tm=.0170;cf=cfr(0,0,0,1,0,0,0,1,0,0,0,1);es="Linear";ed="In";};["Torso"]={tm=0;cf=cfr(0,-.8,.496,.914,-.398,.077,.39,.81,-.438,.112,.431,.896);es="Linear";ed="In";};};{tm=1;["Torso"]={tm=0;cf=cfr(0,0,0,1,0,0,0,1,0,0,0,1);es="Linear";ed="In";};["Head"]={tm=.0169;cf=cfr(.003,-.002,0,.948,.315,.054,-.319,.938,.134,-.008,-.144,.99);es="Linear";ed="In";};["HumanoidRootPart"]={tm=.0169;cf=cfr(0,0,0,1,0,0,0,1,0,0,0,1);es="Linear";ed="In";};["Torso"]={tm=0;cf=cfr(0,-.8,.485,.949,-.308,.06,.302,.843,-.445,.087,.44,.894);es="Linear";ed="In";};};{tm=1.017;["Torso"]={tm=0;cf=cfr(0,0,0,1,0,0,0,1,0,0,0,1);es="Linear";ed="In";};["Left Arm"]={tm=.0330;cf=cfr(1.12,.762,-.062,-.999,-.006,.052,-.043,-.457,-.888,.029,-.889,.456);es="Linear";ed="In";};["Right Arm"]={tm=.0330;cf=cfr(.589,-.561,-1.154,.202,.635,.746,.978,-.178,-.113,.06,.752,-.656);es="Linear";ed="In";};["Head"]={tm=.0160;cf=cfr(.005,-.003,-.001,.985,.17,.042,-.174,.978,.119,-.02,-.125,.992);es="Linear";ed="In";};["HumanoidRootPart"]={tm=.0160;cf=cfr(0,0,0,1,0,0,0,1,0,0,0,1);es="Linear";ed="In";};["Torso"]={tm=0;cf=cfr(0,-.8,.469,.985,-.169,.033,.165,.877,-.451,.048,.45,.892);es="Linear";ed="In";};};{tm=1.033;["Torso"]={tm=0;cf=cfr(0,0,0,1,0,0,0,1,0,0,0,1);es="Linear";ed="In";};["Head"]={tm=.0170;cf=cfr(.006,-.003,-.001,1,-.006,.03,.003,.995,.1,-.031,-.1,.995);es="Linear";ed="In";};["HumanoidRootPart"]={tm=.0170;cf=cfr(0,0,0,1,0,0,0,1,0,0,0,1);es="Linear";ed="In";};["Torso"]={tm=0;cf=cfr(0,-.8,.45,1,0,0,0,.891,-.454,0,.454,.891);es="Linear";ed="In";};};{tm=1.05;["Torso"]={tm=0;cf=cfr(0,0,0,1,0,0,0,1,0,0,0,1);es="Linear";ed="In";};["Left Arm"]={tm=.0329;cf=cfr(-.348,1.415,.608,-.911,.319,.261,-.383,-.421,-.823,-.153,-.849,.505);es="Linear";ed="In";};["Right Arm"]={tm=.0500;cf=cfr(.135,-.277,.038,-.048,-.953,-.298,.953,-.133,.271,-.298,-.271,.915);es="Linear";ed="In";};["Head"]={tm=.0169;cf=cfr(.005,-.002,-.001,.983,-.182,.023,.18,.981,.079,-.037,-.073,.997);es="Linear";ed="In";};["HumanoidRootPart"]={tm=.0169;cf=cfr(0,0,0,1,0,0,0,1,0,0,0,1);es="Linear";ed="In";};["Torso"]={tm=0;cf=cfr(0,-.8,.431,.985,.169,-.033,-.165,.877,-.451,-.048,.45,.892);es="Linear";ed="In";};};{tm=1.067;["Torso"]={tm=0;cf=cfr(0,0,0,1,0,0,0,1,0,0,0,1);es="Linear";ed="In";};["Head"]={tm=.0160;cf=cfr(.003,-.001,0,.945,-.327,.019,.325,.944,.06,-.038,-.05,.998);es="Linear";ed="In";};["HumanoidRootPart"]={tm=.0160;cf=cfr(0,0,0,1,0,0,0,1,0,0,0,1);es="Linear";ed="In";};["Torso"]={tm=0;cf=cfr(0,-.8,.415,.949,.308,-.06,-.302,.843,-.445,-.087,.44,.894);es="Linear";ed="In";};};{tm=1.083;["Torso"]={tm=0;cf=cfr(0,0,0,1,0,0,0,1,0,0,0,1);es="Linear";ed="In";};["Left Arm"]={tm=.0500;cf=cfr(-1.305,1.078,-.911,.211,.864,-.457,-.643,-.23,-.731,-.737,.448,.507);es="Linear";ed="In";};["Head"]={tm=.0170;cf=cfr(.001,0,0,.907,-.42,.019,.419,.907,.047,-.037,-.035,.999);es="Linear";ed="In";};["HumanoidRootPart"]={tm=.0170;cf=cfr(0,0,0,1,0,0,0,1,0,0,0,1);es="Linear";ed="In";};["Torso"]={tm=0;cf=cfr(0,-.8,.404,.914,.398,-.077,-.39,.81,-.438,-.112,.431,.896);es="Linear";ed="In";};};{tm=1.1;["HumanoidRootPart"]={tm=.0169;cf=cfr(0,0,0,1,0,0,0,1,0,0,0,1);es="Linear";ed="In";};["Torso"]={tm=0;cf=cfr(0,-.8,.4,.9,.429,-.083,-.42,.796,-.436,-.121,.427,.896);es="Linear";ed="In";};["Torso"]={tm=0;cf=cfr(0,0,0,1,0,0,0,1,0,0,0,1);es="Linear";ed="In";};["Head"]={tm=.0169;cf=cfr(0,0,0,.892,-.452,.019,.451,.892,.042,-.036,-.029,.999);es="Linear";ed="In";};["Right Arm"]={tm=.0499;cf=cfr(-.636,.164,-.272,.304,-.514,-.802,.952,.121,.282,-.048,-.849,.526);es="Linear";ed="In";};};{tm=1.117;["HumanoidRootPart"]={tm=.0160;cf=cfr(0,0,0,1,0,0,0,1,0,0,0,1);es="Linear";ed="In";};["Torso"]={tm=0;cf=cfr(0,-.8,.4,.914,.398,-.077,-.39,.81,-.438,-.112,.431,.896);es="Linear";ed="In";};["Torso"]={tm=0;cf=cfr(0,0,0,1,0,0,0,1,0,0,0,1);es="Linear";ed="In";};["Head"]={tm=.0160;cf=cfr(.001,0,0,.907,-.42,.019,.419,.907,.047,-.037,-.035,.999);es="Linear";ed="In";};};{tm=1.133;["Torso"]={tm=0;cf=cfr(0,0,0,1,0,0,0,1,0,0,0,1);es="Linear";ed="In";};["Left Arm"]={tm=.0500;cf=cfr(-.589,-.561,-1.154,.202,-.635,-.746,-.978,-.178,-.113,-.06,.752,-.656);es="Linear";ed="In";};["Head"]={tm=.0169;cf=cfr(.003,-.001,0,.945,-.327,.019,.325,.944,.06,-.038,-.05,.998);es="Linear";ed="In";};["HumanoidRootPart"]={tm=.0169;cf=cfr(0,0,0,1,0,0,0,1,0,0,0,1);es="Linear";ed="In";};["Torso"]={tm=0;cf=cfr(0,-.8,.4,.949,.308,-.06,-.302,.843,-.445,-.087,.44,.894);es="Linear";ed="In";};};{tm=1.15;["Torso"]={tm=0;cf=cfr(0,0,0,1,0,0,0,1,0,0,0,1);es="Linear";ed="In";};["Right Arm"]={tm=.0330;cf=cfr(-.826,.183,-.083,-.909,.416,-.037,-.085,-.271,-.959,-.409,-.868,.281);es="Linear";ed="In";};["Head"]={tm=.0170;cf=cfr(.005,-.002,-.001,.983,-.182,.023,.18,.981,.079,-.037,-.073,.997);es="Linear";ed="In";};["HumanoidRootPart"]={tm=.0170;cf=cfr(0,0,0,1,0,0,0,1,0,0,0,1);es="Linear";ed="In";};["Torso"]={tm=0;cf=cfr(0,-.8,.4,.985,.169,-.033,-.165,.877,-.451,-.048,.45,.892);es="Linear";ed="In";};};{tm=1.167;["HumanoidRootPart"]={tm=.0160;cf=cfr(0,0,0,1,0,0,0,1,0,0,0,1);es="Linear";ed="In";};["Torso"]={tm=0;cf=cfr(0,-.8,.4,1,0,0,0,.891,-.454,0,.454,.891);es="Linear";ed="In";};["Torso"]={tm=0;cf=cfr(0,0,0,1,0,0,0,1,0,0,0,1);es="Linear";ed="In";};["Head"]={tm=.0160;cf=cfr(.006,-.003,-.001,1,-.006,.03,.003,.995,.1,-.031,-.1,.995);es="Linear";ed="In";};};{tm=1.183;["Torso"]={tm=0;cf=cfr(0,0,0,1,0,0,0,1,0,0,0,1);es="Linear";ed="In";};["Left Arm"]={tm=.0500;cf=cfr(-.135,-.277,.038,-.048,.953,.298,-.953,-.133,.271,.298,-.271,.915);es="Linear";ed="In";};["Right Arm"]={tm=.0340;cf=cfr(1.207,-.278,.667,-.614,-.78,-.12,-.334,.394,-.856,.716,-.485,-.502);es="Linear";ed="In";};["Head"]={tm=.0169;cf=cfr(.005,-.003,-.001,.985,.17,.042,-.174,.978,.119,-.02,-.125,.992);es="Linear";ed="In";};["HumanoidRootPart"]={tm=.0169;cf=cfr(0,0,0,1,0,0,0,1,0,0,0,1);es="Linear";ed="In";};["Torso"]={tm=0;cf=cfr(0,-.8,.4,.985,-.169,.033,.165,.877,-.451,.048,.45,.892);es="Linear";ed="In";};};{tm=1.2;["HumanoidRootPart"]={tm=.0170;cf=cfr(0,0,0,1,0,0,0,1,0,0,0,1);es="Linear";ed="In";};["Torso"]={tm=0;cf=cfr(0,-.8,.4,.949,-.308,.06,.302,.843,-.445,.087,.44,.894);es="Linear";ed="In";};["Torso"]={tm=0;cf=cfr(0,0,0,1,0,0,0,1,0,0,0,1);es="Linear";ed="In";};["Head"]={tm=.0170;cf=cfr(.003,-.002,0,.948,.315,.054,-.319,.938,.134,-.008,-.144,.99);es="Linear";ed="In";};};{tm=1.217;["Torso"]={tm=0;cf=cfr(0,0,0,1,0,0,0,1,0,0,0,1);es="Linear";ed="In";};["Right Arm"]={tm=.0659;cf=cfr(1.568,.542,-.856,.504,-.684,.528,-.323,-.716,-.619,.802,.141,-.581);es="Linear";ed="In";};["Head"]={tm=.0160;cf=cfr(.001,-.001,0,.911,.408,.063,-.413,.9,.142,.001,-.156,.988);es="Linear";ed="In";};["HumanoidRootPart"]={tm=.0160;cf=cfr(0,0,0,1,0,0,0,1,0,0,0,1);es="Linear";ed="In";};["Torso"]={tm=0;cf=cfr(0,-.8,.4,.914,-.398,.077,.39,.81,-.438,.112,.431,.896);es="Linear";ed="In";};};{tm=1.233;["Torso"]={tm=0;cf=cfr(0,0,0,1,0,0,0,1,0,0,0,1);es="Linear";ed="In";};["Left Arm"]={tm=.0499;cf=cfr(.636,.164,-.272,.304,.514,.802,-.952,.121,.282,.048,-.849,.526);es="Linear";ed="In";};["Head"]={tm=.0169;cf=cfr(0,0,0,.896,.44,.067,-.444,.884,.145,.005,-.16,.987);es="Linear";ed="In";};["HumanoidRootPart"]={tm=.0169;cf=cfr(0,0,0,1,0,0,0,1,0,0,0,1);es="Linear";ed="In";};["Torso"]={tm=0;cf=cfr(0,-.8,.4,.9,-.429,.083,.42,.796,-.436,.121,.427,.896);es="Linear";ed="In";};};{tm=1.25;["Torso"]={tm=0;cf=cfr(0,0,0,1,0,0,0,1,0,0,0,1);es="Linear";ed="In";};["Head"]={tm=.0169;cf=cfr(.001,-.001,0,.911,.408,.063,-.413,.9,.142,.001,-.156,.988);es="Linear";ed="In";};["HumanoidRootPart"]={tm=.0169;cf=cfr(0,0,0,1,0,0,0,1,0,0,0,1);es="Linear";ed="In";};["Torso"]={tm=0;cf=cfr(0,-.8,.392,.914,-.398,.077,.39,.81,-.438,.112,.431,.896);es="Linear";ed="In";};};{tm=1.267;["Torso"]={tm=0;cf=cfr(0,0,0,1,0,0,0,1,0,0,0,1);es="Linear";ed="In";};["Head"]={tm=.0160;cf=cfr(.003,-.002,0,.948,.315,.054,-.319,.938,.134,-.008,-.144,.99);es="Linear";ed="In";};["HumanoidRootPart"]={tm=.0160;cf=cfr(0,0,0,1,0,0,0,1,0,0,0,1);es="Linear";ed="In";};["Torso"]={tm=0;cf=cfr(0,-.8,.371,.949,-.308,.06,.302,.843,-.445,.087,.44,.894);es="Linear";ed="In";};};{tm=1.283;["Torso"]={tm=0;cf=cfr(0,0,0,1,0,0,0,1,0,0,0,1);es="Linear";ed="In";};["Left Arm"]={tm=.0340;cf=cfr(.826,.183,-.083,-.909,-.416,.037,.085,-.271,-.959,.409,-.868,.281);es="Linear";ed="In";};["Right Arm"]={tm=.0340;cf=cfr(.589,-.561,-1.154,.202,.635,.746,.978,-.178,-.113,.06,.752,-.656);es="Linear";ed="In";};["Head"]={tm=.0170;cf=cfr(.005,-.003,-.001,.985,.17,.042,-.174,.978,.119,-.02,-.125,.992);es="Linear";ed="In";};["HumanoidRootPart"]={tm=.0170;cf=cfr(0,0,0,1,0,0,0,1,0,0,0,1);es="Linear";ed="In";};["Torso"]={tm=0;cf=cfr(0,-.8,.338,.985,-.169,.033,.165,.877,-.451,.048,.45,.892);es="Linear";ed="In";};};{tm=1.3;["Torso"]={tm=0;cf=cfr(0,0,0,1,0,0,0,1,0,0,0,1);es="Linear";ed="In";};["Head"]={tm=.0169;cf=cfr(.006,-.003,-.001,1,-.006,.03,.003,.995,.1,-.031,-.1,.995);es="Linear";ed="In";};["HumanoidRootPart"]={tm=.0169;cf=cfr(0,0,0,1,0,0,0,1,0,0,0,1);es="Linear";ed="In";};["Torso"]={tm=0;cf=cfr(0,-.8,.3,1,0,0,0,.891,-.454,0,.454,.891);es="Linear";ed="In";};};{tm=1.317;["Torso"]={tm=0;cf=cfr(0,0,0,1,0,0,0,1,0,0,0,1);es="Linear";ed="In";};["Left Arm"]={tm=.0330;cf=cfr(-.981,.167,.651,-.808,.579,.109,-.077,.079,-.994,-.584,-.811,-.019);es="Linear";ed="In";};["Right Arm"]={tm=.0500;cf=cfr(.135,-.277,.038,-.048,-.953,-.298,.953,-.133,.271,-.298,-.271,.915);es="Linear";ed="In";};["Head"]={tm=.0160;cf=cfr(.005,-.002,-.001,.983,-.182,.023,.18,.981,.079,-.037,-.073,.997);es="Linear";ed="In";};["HumanoidRootPart"]={tm=.0160;cf=cfr(0,0,0,1,0,0,0,1,0,0,0,1);es="Linear";ed="In";};["Torso"]={tm=0;cf=cfr(0,-.8,.262,.985,.169,-.033,-.165,.877,-.451,-.048,.45,.892);es="Linear";ed="In";};};{tm=1.333;["Torso"]={tm=0;cf=cfr(0,0,0,1,0,0,0,1,0,0,0,1);es="Linear";ed="In";};["Head"]={tm=.0170;cf=cfr(.003,-.001,0,.945,-.327,.019,.325,.944,.06,-.038,-.05,.998);es="Linear";ed="In";};["HumanoidRootPart"]={tm=.0170;cf=cfr(0,0,0,1,0,0,0,1,0,0,0,1);es="Linear";ed="In";};["Torso"]={tm=0;cf=cfr(0,-.8,.229,.949,.308,-.06,-.302,.843,-.445,-.087,.44,.894);es="Linear";ed="In";};};{tm=1.35;["Torso"]={tm=0;cf=cfr(0,0,0,1,0,0,0,1,0,0,0,1);es="Linear";ed="In";};["Left Arm"]={tm=.0669;cf=cfr(-1.568,.542,-.856,.104,.933,-.346,-.334,-.295,-.895,-.937,.209,.281);es="Linear";ed="In";};["Head"]={tm=.0169;cf=cfr(.001,0,0,.907,-.42,.019,.419,.907,.047,-.037,-.035,.999);es="Linear";ed="In";};["HumanoidRootPart"]={tm=.0169;cf=cfr(0,0,0,1,0,0,0,1,0,0,0,1);es="Linear";ed="In";};["Torso"]={tm=0;cf=cfr(0,-.8,.208,.914,.398,-.077,-.39,.81,-.438,-.112,.431,.896);es="Linear";ed="In";};};{tm=1.367;["HumanoidRootPart"]={tm=.0160;cf=cfr(0,0,0,1,0,0,0,1,0,0,0,1);es="Linear";ed="In";};["Torso"]={tm=0;cf=cfr(0,-.8,.2,.9,.429,-.083,-.42,.796,-.436,-.121,.427,.896);es="Linear";ed="In";};["Torso"]={tm=0;cf=cfr(0,0,0,1,0,0,0,1,0,0,0,1);es="Linear";ed="In";};["Head"]={tm=.0160;cf=cfr(0,0,0,.892,-.452,.019,.451,.892,.042,-.036,-.029,.999);es="Linear";ed="In";};["Right Arm"]={tm=.0500;cf=cfr(-.636,.164,-.272,.304,-.514,-.802,.952,.121,.282,-.048,-.849,.526);es="Linear";ed="In";};};{tm=1.383;["HumanoidRootPart"]={tm=.0169;cf=cfr(0,0,0,1,0,0,0,1,0,0,0,1);es="Linear";ed="In";};["Torso"]={tm=0;cf=cfr(0,-.8,.208,.914,.398,-.077,-.39,.81,-.438,-.112,.431,.896);es="Linear";ed="In";};["Torso"]={tm=0;cf=cfr(0,0,0,1,0,0,0,1,0,0,0,1);es="Linear";ed="In";};["Head"]={tm=.0169;cf=cfr(.001,0,0,.907,-.42,.019,.419,.907,.047,-.037,-.035,.999);es="Linear";ed="In";};};{tm=1.4;["HumanoidRootPart"]={tm=.0170;cf=cfr(0,0,0,1,0,0,0,1,0,0,0,1);es="Linear";ed="In";};["Torso"]={tm=0;cf=cfr(0,-.8,.229,.949,.308,-.06,-.302,.843,-.445,-.087,.44,.894);es="Linear";ed="In";};["Torso"]={tm=0;cf=cfr(0,0,0,1,0,0,0,1,0,0,0,1);es="Linear";ed="In";};["Head"]={tm=.0170;cf=cfr(.003,-.001,0,.945,-.327,.019,.325,.944,.06,-.038,-.05,.998);es="Linear";ed="In";};};{tm=1.417;["Torso"]={tm=0;cf=cfr(0,0,0,1,0,0,0,1,0,0,0,1);es="Linear";ed="In";};["Left Arm"]={tm=.0329;cf=cfr(-.589,-.561,-1.154,.202,-.635,-.746,-.978,-.178,-.113,-.06,.752,-.656);es="Linear";ed="In";};["Right Arm"]={tm=.0329;cf=cfr(-.826,.183,-.083,-.909,.416,-.037,-.085,-.271,-.959,-.409,-.868,.281);es="Linear";ed="In";};["Head"]={tm=.0160;cf=cfr(.005,-.002,-.001,.983,-.182,.023,.18,.981,.079,-.037,-.073,.997);es="Linear";ed="In";};["HumanoidRootPart"]={tm=.0160;cf=cfr(0,0,0,1,0,0,0,1,0,0,0,1);es="Linear";ed="In";};["Torso"]={tm=0;cf=cfr(0,-.8,.262,.985,.169,-.033,-.165,.877,-.451,-.048,.45,.892);es="Linear";ed="In";};};{tm=1.433;["HumanoidRootPart"]={tm=.0169;cf=cfr(0,0,0,1,0,0,0,1,0,0,0,1);es="Linear";ed="In";};["Torso"]={tm=0;cf=cfr(0,-.8,.3,1,0,0,0,.891,-.454,0,.454,.891);es="Linear";ed="In";};["Torso"]={tm=0;cf=cfr(0,0,0,1,0,0,0,1,0,0,0,1);es="Linear";ed="In";};["Head"]={tm=.0169;cf=cfr(.006,-.003,-.001,1,-.006,.03,.003,.995,.1,-.031,-.1,.995);es="Linear";ed="In";};};{tm=1.45;["Torso"]={tm=0;cf=cfr(0,0,0,1,0,0,0,1,0,0,0,1);es="Linear";ed="In";};["Left Arm"]={tm=.0500;cf=cfr(-.135,-.277,.038,-.048,.953,.298,-.953,-.133,.271,.298,-.271,.915);es="Linear";ed="In";};["Right Arm"]={tm=.0330;cf=cfr(.981,.167,.651,-.808,-.579,-.109,.077,.079,-.994,.584,-.811,-.019);es="Linear";ed="In";};["Head"]={tm=.0170;cf=cfr(.005,-.003,-.001,.985,.17,.042,-.174,.978,.119,-.02,-.125,.992);es="Linear";ed="In";};["HumanoidRootPart"]={tm=.0170;cf=cfr(0,0,0,1,0,0,0,1,0,0,0,1);es="Linear";ed="In";};["Torso"]={tm=0;cf=cfr(0,-.8,.338,.985,-.169,.033,.165,.877,-.451,.048,.45,.892);es="Linear";ed="In";};};{tm=1.467;["HumanoidRootPart"]={tm=.0160;cf=cfr(0,0,0,1,0,0,0,1,0,0,0,1);es="Linear";ed="In";};["Torso"]={tm=0;cf=cfr(0,-.8,.371,.949,-.308,.06,.302,.843,-.445,.087,.44,.894);es="Linear";ed="In";};["Torso"]={tm=0;cf=cfr(0,0,0,1,0,0,0,1,0,0,0,1);es="Linear";ed="In";};["Head"]={tm=.0160;cf=cfr(.003,-.002,0,.948,.315,.054,-.319,.938,.134,-.008,-.144,.99);es="Linear";ed="In";};};{tm=1.483;["Torso"]={tm=0;cf=cfr(0,0,0,1,0,0,0,1,0,0,0,1);es="Linear";ed="In";};["Right Arm"]={tm=.0669;cf=cfr(1.568,.542,-.856,.104,-.933,.346,.334,-.295,-.895,.937,.209,.281);es="Linear";ed="In";};["Head"]={tm=.0169;cf=cfr(.001,-.001,0,.911,.408,.063,-.413,.9,.142,.001,-.156,.988);es="Linear";ed="In";};["HumanoidRootPart"]={tm=.0169;cf=cfr(0,0,0,1,0,0,0,1,0,0,0,1);es="Linear";ed="In";};["Torso"]={tm=0;cf=cfr(0,-.8,.392,.914,-.398,.077,.39,.81,-.438,.112,.431,.896);es="Linear";ed="In";};};{tm=1.5;["Torso"]={tm=0;cf=cfr(0,0,0,1,0,0,0,1,0,0,0,1);es="Linear";ed="In";};["Left Arm"]={tm=.0500;cf=cfr(.636,.164,-.272,.304,.514,.802,-.952,.121,.282,.048,-.849,.526);es="Linear";ed="In";};["Head"]={tm=.0169;cf=cfr(0,0,0,.896,.44,.067,-.444,.884,.145,.005,-.16,.987);es="Linear";ed="In";};["HumanoidRootPart"]={tm=.0169;cf=cfr(0,0,0,1,0,0,0,1,0,0,0,1);es="Linear";ed="In";};["Torso"]={tm=0;cf=cfr(0,-.8,.4,.9,-.429,.083,.42,.796,-.436,.121,.427,.896);es="Linear";ed="In";};};{tm=1.517;["Torso"]={tm=0;cf=cfr(0,0,0,1,0,0,0,1,0,0,0,1);es="Linear";ed="In";};["Head"]={tm=.0160;cf=cfr(.001,-.001,0,.911,.408,.063,-.413,.9,.142,.001,-.156,.988);es="Linear";ed="In";};["HumanoidRootPart"]={tm=.0160;cf=cfr(0,0,0,1,0,0,0,1,0,0,0,1);es="Linear";ed="In";};["Torso"]={tm=0;cf=cfr(0,-.8,.408,.914,-.398,.077,.39,.81,-.438,.112,.431,.896);es="Linear";ed="In";};};{tm=1.533;["Torso"]={tm=0;cf=cfr(0,0,0,1,0,0,0,1,0,0,0,1);es="Linear";ed="In";};["Head"]={tm=.0170;cf=cfr(.003,-.002,0,.948,.315,.054,-.319,.938,.134,-.008,-.144,.99);es="Linear";ed="In";};["HumanoidRootPart"]={tm=.0170;cf=cfr(0,0,0,1,0,0,0,1,0,0,0,1);es="Linear";ed="In";};["Torso"]={tm=0;cf=cfr(0,-.8,.429,.949,-.308,.06,.302,.843,-.445,.087,.44,.894);es="Linear";ed="In";};};{tm=1.55;["Torso"]={tm=0;cf=cfr(0,0,0,1,0,0,0,1,0,0,0,1);es="Linear";ed="In";};["Left Arm"]={tm=.0329;c