--By Rufus14
heartbeat = game:GetService("RunService").Heartbeat
--owner = game:GetService("Players")[script.Parent.Name]
NLS([[
for i,v in pairs(game.ReplicatedStorage:GetChildren()) do
	if v.Name == "ParkourRemote" then
		v:destroy()
	end
end
local remote = game.ReplicatedStorage:WaitForChild("ParkourRemote")
owner = game:GetService("Players").LocalPlayer
mouse = owner:GetMouse()
workspace.CurrentCamera.FieldOfView = 115
owner.CameraMode = "LockFirstPerson"
local part = Instance.new("Part", owner.Character.Head)
part.Size = Vector3.new(0.1,0.1,0.1)
part.Transparency = 1
part.CanCollide = false
part.Name = "camera"
part:BreakJoints()
local weld = Instance.new("Weld", part)
weld.Part0 = owner.Character.Head
weld.Part1 = part
weld.C0 = CFrame.new(0,0,-1)
workspace.CurrentCamera.CameraSubject = part
owner.Character.Head.Transparency = 1
cangoup = true
rolling = false
if owner.Character.Head:findFirstChildOfClass("Decal") then
	owner.Character.Head:findFirstChildOfClass("Decal").Transparency = 1
end
function death()
	local color = Instance.new("ColorCorrectionEffect", workspace.CurrentCamera)
	game.Debris:AddItem(color, 5)
	local deathsound = Instance.new("Sound", workspace.CurrentCamera)
	deathsound.SoundId = "rbxassetid://1038809455"
	deathsound.Volume = 10
	for i,v in pairs(owner.Character.Head:GetChildren()) do
		if v.ClassName == "Sound" then
			v:destroy()
		end
	end
	for i = 1,8 do
		color.Brightness = color.Brightness + 0.135
		workspace.CurrentCamera.CFrame = workspace.CurrentCamera.CFrame * CFrame.fromEulerAnglesXYZ(0.04,0,0)
		game:GetService("RunService").RenderStepped:wait()
	end
	deathsound:Play()
	workspace.CurrentCamera.FieldOfView = 70
	workspace.CurrentCamera.CameraSubject = workspace
	workspace.CurrentCamera.CFrame = CFrame.new(9999999999999,9999999999999,9999999999999)
	wait(4.5)
	owner.CameraMode = "Classic"
	workspace.CurrentCamera.CameraSubject = owner.Character
end
owner.Character:findFirstChildOfClass("Humanoid").Died:connect(death)
function action(key)
	key = key:lower()
	if key == "e" then
		remote:FireServer("slide")
	end
	if key == "c" then
		remote:FireServer("rollon")
	end
end
function undoaction(key)
	key = key:lower()
	if key == "c" then
		remote:FireServer("rolloff")
	end
end
mouse.KeyDown:connect(action)
mouse.KeyUp:connect(undoaction)
function mouseaction()
	remote:FireServer("kick")
end
mouse.Button2Down:connect(mouseaction)
function mouseaction2()
	remote:FireServer("punch")
end
mouse.Button1Down:connect(mouseaction2)
function visiblebody()
	if owner.Character.HumanoidRootPart:findFirstChild("FALLING") then
		workspace.CurrentCamera.CFrame = owner.Character.Head.CFrame * CFrame.new(0,0,-1)
		workspace.CurrentCamera.CFrame = workspace.CurrentCamera.CFrame * CFrame.fromEulerAnglesXYZ(math.random(-1,1)/100,math.random(-1,1)/100,math.random(-1,1)/100)
	end
	if owner.Character.HumanoidRootPart:findFirstChild("ow") then
		workspace.CurrentCamera.CFrame = owner.Character.Head.CFrame * CFrame.new(0,0,-1)
	end
	if owner.Character.HumanoidRootPart:findFirstChild("rolling") then
		rolling = true
		workspace.CurrentCamera.CFrame = owner.Character.Head.CFrame * CFrame.new(0,0,-1)
	end
	if not owner.Character.HumanoidRootPart:findFirstChild("rolling") and rolling then
		rolling = false
	end
	if not owner.Character.HumanoidRootPart:findFirstChild("goingup") and not owner.Character.HumanoidRootPart.Anchored and not owner.Character.HumanoidRootPart:findFirstChild("sliding") and not owner.Character.HumanoidRootPart:findFirstChild("FALLING") and not owner.Character.HumanoidRootPart:findFirstChild("ow") and not owner.Character.HumanoidRootPart:findFirstChild("climbing") and not owner.Character:findFirstChildOfClass("Humanoid").PlatformStand and not owner.Character:findFirstChildOfClass("Humanoid").Sit then
		game:GetService("Players").LocalPlayer.Character.HumanoidRootPart.CFrame = CFrame.new(game:GetService("Players").LocalPlayer.Character.HumanoidRootPart.Position,Vector3.new(mouse.Hit.p.x,game:GetService("Players").LocalPlayer.Character.HumanoidRootPart.Position.y,mouse.Hit.p.z))
	end
	if owner.Character.HumanoidRootPart:findFirstChild("goingup") and cangoup then
		cangoup = false
		local function lookup()
			for i = 1,15 do
				workspace.CurrentCamera.CFrame = workspace.CurrentCamera.CFrame * CFrame.fromEulerAnglesXYZ(0.05,0,0)
				game:GetService("RunService").RenderStepped:wait()
			end
		end
		spawn(lookup)
	end
	if not owner.Character.HumanoidRootPart:findFirstChild("goingup") and not cangoup then
		cangoup = true
		local function lookup()
			for i = 1,15 do
				workspace.CurrentCamera.CFrame = workspace.CurrentCamera.CFrame * CFrame.fromEulerAnglesXYZ(-0.05,0,0)
				game:GetService("RunService").RenderStepped:wait()
			end
		end
		spawn(lookup)
	end
	for i,v in pairs(owner.Character:GetChildren()) do
		if v.ClassName == "Part" and v.Name ~= "Head" then
			v.LocalTransparencyModifier = 0
		end
		if v.ClassName == "Accessory" then
			v.Handle.Transparency = 1
		end
	end
end
game:GetService("RunService").RenderStepped:connect(visiblebody)
]], owner.Character)
wait(0.8)
local remote = Instance.new("RemoteEvent", game.ReplicatedStorage)
remote.Name = "ParkourRemote"
humanoidofowner = owner.Character:findFirstChildOfClass("Humanoid")
humanoidofowner.CameraOffset = Vector3.new(0,0,-1)
rootpart = owner.Character:findFirstChild("HumanoidRootPart")
local rightarm = Instance.new("Weld", owner.Character.Torso)
rightarm.Part0 = owner.Character.Torso
rightarm.Part1 = owner.Character["Right Arm"]
rightarm.C0 = CFrame.new(1.5,0,0)
rightarm.Name = "RightArmWeld"
local rightleg = Instance.new("Weld", owner.Character.Torso)
rightleg.Part0 = owner.Character.Torso
rightleg.Part1 = owner.Character["Right Leg"]
rightleg.C0 = CFrame.new(0.5,-2,0)
rightleg.Name = "RightLegWeld"
local leftarm = Instance.new("Weld", owner.Character.Torso)
leftarm.Part0 = owner.Character.Torso
leftarm.Part1 = owner.Character["Left Arm"]
leftarm.C0 = CFrame.new(-1.5,0,0)
leftarm.Name = "LeftArmWeld"
local leftleg = Instance.new("Weld", owner.Character.Torso)
leftleg.Part0 = owner.Character.Torso
leftleg.Part1 = owner.Character["Left Leg"]
leftleg.C0 = CFrame.new(-0.5,-2,0)
leftleg.Name = "LeftLegWeld"
local head = Instance.new("Weld", owner.Character.Torso)
head.Part0 = owner.Character.Torso
head.Part1 = owner.Character.Head
head.C0 = CFrame.new(0,1.5,0)
head.Name = "HeadWeld"
local humanoidrootpart = Instance.new("Weld", owner.Character.HumanoidRootPart)
humanoidrootpart.Part0 = owner.Character.HumanoidRootPart
humanoidrootpart.Part1 = owner.Character.Torso
humanoidrootpart.Name = "HumanoidRootPartWeld"
owner.Character.HumanoidRootPart.CanCollide = false
humanoidofowner.WalkSpeed = 25
local footstep = Instance.new("Sound", owner.Character.Head)
footstep.SoundId = "rbxassetid://379611235"
footstep:Play()
footstep.Volume = 0.3
local ambient = Instance.new("Sound", owner.Character.Head)
ambient.SoundId = "rbxassetid://469593664"
ambient.Looped = true
ambient:Play()
ambient.Volume = 1
local musicwhat = math.random(1,5)
if musicwhat == 1 then
	ambient.SoundId = "rbxassetid://937509512"
	ambient.Volume = 0.1
elseif musicwhat == 2 then
	ambient.SoundId = "rbxassetid://314649261"
	ambient.Volume = 0.5
elseif musicwhat == 3 then
	ambient.SoundId = "rbxassetid://370577229"
	ambient.Volume = 0.5
elseif musicwhat == 4 then
	ambient.SoundId = "rbxassetid://145907444"
	ambient.Volume = 1
end
local jumpsound = Instance.new("Sound", owner.Character.Head)
jumpsound.SoundId = "rbxassetid://1188430348"
jumpsound.PlaybackSpeed = 1.5
local swoosh = Instance.new("Sound", owner.Character.Head)
swoosh.SoundId = "rbxassetid://2706199011"
swoosh.PlaybackSpeed = 1
local swoosh2 = Instance.new("Sound", owner.Character.Head)
swoosh2.SoundId = "rbxassetid://596439421"
swoosh2.PlaybackSpeed = 0.7
local bodyhit = Instance.new("Sound", owner.Character.Head)
bodyhit.SoundId = "rbxassetid://261338552"
local kickhit = Instance.new("Sound", owner.Character.Head)
kickhit.SoundId = "rbxassetid://220025675"
if owner.Character.Head:findFirstChild("FreeFalling") then
	owner.Character.Head:findFirstChild("FreeFalling").Volume = 5
end
running = false
jumping = false
cananimate = true
canplayjump = true
victimdude = nil
cando = true
trytoroll = false
waitforbounce = 0
function run()
	while heartbeat:wait() do
		if rootpart.Velocity.x < -4 or rootpart.Velocity.x > 4 or rootpart.Velocity.z < -4 or rootpart.Velocity.z > 4 and not jumping and cananimate then
			running = true
		else
			running = false
		end
	end
end
function rip()
	cananimate = false
	jumpsound.Volume = 0
	local fallvelocity = Instance.new("BodyVelocity", owner.Character.HumanoidRootPart)
	fallvelocity.MaxForce = Vector3.new(math.huge,math.huge,math.huge)
	fallvelocity.Velocity = Vector3.new(0,-140,0)
	fallvelocity.Name = "FALLING"
	local function aaafalling()
		while heartbeat:wait() do
			for i = 0,0.5 , 0.03 do
				rightarm.C0 = rightarm.C0:lerp(CFrame.new(1.17411232, -0.132110596, -0.264811039, 0.859451294, 0.511213899, 0.00197864277, -0.470952272, 0.793257236, -0.385936379, -0.198865607, 0.330761641, 0.92252332),i)
				leftarm.C0 = leftarm.C0:lerp(CFrame.new(-1.6866436, 0.623382568, 0.115309238, 0.807834744, 0.565451264, -0.166336611, 0.572863281, -0.819640577, -0.00413560122, -0.138674706, -0.0919472426, -0.986060381),i)
				leftleg.C0 = leftleg.C0:lerp(CFrame.new(-0.5, -1.25210571, 0.862024784, 1, 0, 0, 0, 0.173650429, 0.984807372, 0, -0.984807432, 0.173650429),i)
				rightleg.C0 = rightleg.C0:lerp(CFrame.new(0.5, -1.34194946, -0.939673424, 1, 0, 0, 0, 0.342017591, -0.93969363, 0, 0.93969357, 0.342017591),i)
				head.C0 = head.C0:lerp(CFrame.new(0, 1.38299561, -0.321393013, 1, 0, 0, 0, 0.766044021, 0.642788172, 0, -0.642788112, 0.766044021),i)
				heartbeat:wait()
			end
			for i = 0,0.5 , 0.03 do
				rightarm.C0 = rightarm.C0:lerp(CFrame.new(1.66958046, 0.703216553, -0.101788998, 0.859451294, -0.479707241, -0.176704615, -0.470952272, -0.877416015, 0.0913519114, -0.198865607, 0.00470691221, -0.980015516),i)
				leftarm.C0 = leftarm.C0:lerp(CFrame.new(-1.139925, -0.19039917, -0.0615525246, 0.807834744, -0.527976871, 0.261998922, 0.572863281, 0.807906568, -0.138255939, -0.138674706, 0.26177752, 0.95511359),i)
				leftleg.C0 = leftleg.C0:lerp(CFrame.new(-0.5, -1.42044067, -1.06244373, 1, 0, 0, 0, 0.342018187, -0.939693332, 0, 0.939693332, 0.342018157),i)
				rightleg.C0 = rightleg.C0:lerp(CFrame.new(0.5, -1.34197998, 0.939681053, 1, 0, 0, 0, 0.34202221, 0.939691842, 0, -0.939691901, 0.34202221),i)
				head.C0 = head.C0:lerp(CFrame.new(0, 1.38299561, -0.321393013, 1, 0, 0, 0, 0.766044021, 0.642788172, 0, -0.642788112, 0.766044021),i)
				heartbeat:wait()
			end
		end
	end
	spawn(aaafalling)
	while rootpart.Velocity.y <= -138 do
		humanoidrootpart.C0 = humanoidrootpart.C0 * CFrame.fromEulerAnglesXYZ(-0.02,-0.02,-0.02)
		heartbeat:wait()
	end
	fallvelocity:destroy()
	owner.Character:BreakJoints()
end
function checkfall()
	while heartbeat:wait() do
		if rootpart.Velocity.y <= -100 and rootpart.Velocity.y > -140 then
			local owe = true
			while rootpart.Velocity.y <= -100 do
				if rootpart.Velocity.y <= -140 then
					owe = false
					trytoroll = false
					rip()
					break
				end
				heartbeat:wait()
			end
			if not trytoroll then
				cananimate = false
				local ow = Instance.new("BoolValue", owner.Character.HumanoidRootPart)
				ow.Name = "ow"
				if owe then
					humanoidofowner:TakeDamage(math.random(30,60))
				end
				bodyhit.TimePosition = 1
				bodyhit:Play()
				humanoidofowner.WalkSpeed = 0
				humanoidofowner.JumpPower = 0
				for i = 0,1 , 0.07 do
					rightarm.C0 = rightarm.C0:lerp(CFrame.new(1.5, 1.99996758, 0, 1, 0, 0, 0, -1, 3.06768015e-06, 0, -3.06768015e-06, -1),i)
					leftarm.C0 = leftarm.C0:lerp(CFrame.new(-1.5, 1.99996758, 0, 1, 0, 0, 0, -1, 2.89283503e-06, 0, -2.8928348e-06, -1),i)
					leftleg.C0 = leftleg.C0:lerp(CFrame.new(-0.5,-2,0),i)
					rightleg.C0 = rightleg.C0:lerp(CFrame.new(0.5,-2,0),i)
					humanoidrootpart.C0 = humanoidrootpart.C0:lerp(CFrame.new(0, -2.59994507, 7.62939453e-06, 1, 0, 0, 0, 2.99218186e-06, 1, 0, -1, 2.99218186e-06),i)
					head.C0 = head.C0:lerp(CFrame.new(0, 1.17099237, 0.469848633, 1, 0, 0, 0, 0.342022657, -0.939691782, 0, 0.939691782, 0.342022657),i)
					heartbeat:wait()
				end
				wait(1.5)
				for i = 0,0.5 , 0.01 do
					rightarm.C0 = rightarm.C0:lerp(CFrame.new(1.5, 1.60122919, -0.346038818, 1, 0, 0, 0, -0.766045034, -0.64278692, 0, 0.64278692, -0.766044974),i)
					leftarm.C0 = leftarm.C0:lerp(CFrame.new(-1.5, 1.38657951, -0.39642334, 1, 0, 0, 0, -0.866026163, -0.499998719, 0, 0.499998719, -0.866026103),i)
					leftleg.C0 = leftleg.C0:lerp(CFrame.new(-0.5, -1.19998217, -0.799987793, 1, 0, 0, 0, 1, -2.9802577e-06, 0, 2.98025748e-06, 1),i)
					rightleg.C0 = rightleg.C0:lerp(CFrame.new(0.5, -0.946397305, -0.892822266, 1, 0, 0, 0, 0.866024852, -0.500001073, 0, 0.500001073, 0.866024852),i)
					humanoidrootpart.C0 = humanoidrootpart.C0:lerp(CFrame.new(0, -1.79995728, 5.7220459e-06, 1, 0, 0, 0, 2.99218186e-06, 1, 0, -1, 2.99218186e-06),i)
					head.C0 = head.C0:lerp(CFrame.new(0, 1.43299055, 0.25, 1, 0, 0, 0, 0.866025031, -0.500000775, 0, 0.500000775, 0.866025031),i)
					heartbeat:wait()
				end
				for i = 0,0.5 , 0.01 do
					rightarm.C0 = rightarm.C0:lerp(CFrame.new(1.39581108, 0.355163574, -0.668273926, 1, 0, 0, 0, 0.342021942, -0.93969202, 0, 0.939691961, 0.342021972),i)
					leftarm.C0 = leftarm.C0:lerp(CFrame.new(-1.5, 0.375061035, -0.835845947, 1, 0, 0, 0, 0.64279002, -0.766042411, 0, 0.766042411, 0.64279002),i)
					leftleg.C0 = leftleg.C0:lerp(CFrame.new(-0.5, -1.18479919, -0.626342773, 1, 0, 0, 0, 0.984807968, 0.173647031, 0, -0.173647031, 0.984807968),i)
					rightleg.C0 = rightleg.C0:lerp(CFrame.new(0.5, -0.399993896, -1.03918457, 1, 0, 0, 0, 0.866026759, -0.499997824, 0, 0.499997854, 0.8660267),i)
					humanoidrootpart.C0 = humanoidrootpart.C0:lerp(CFrame.new(0, -0.989624023, -0.177854538, 1, 0, 0, 0, 0.642787755, 0.766044319, 0, -0.766044378, 0.642787755),i)
					head.C0 = head.C0:lerp(CFrame.new(0, 1.4329834, 0.25, 1, 0, 0, 0, 0.866026878, -0.499997526, 0, 0.499997526, 0.866026819),i)
					heartbeat:wait()
				end
				humanoidofowner.WalkSpeed = 25
				humanoidofowner.JumpPower = 50
				cananimate = true
				cando = true
				ow:destroy()
			else
				for i,v in pairs(owner.Character.Head:GetChildren()) do
					if v.Name == "goup" then
						v:destroy()
					end
				end
				cananimate = false
				trytoroll = false
				waitforbounce = 4
				local rollvelocity = Instance.new("BodyVelocity", owner.Character.HumanoidRootPart)
				rollvelocity.MaxForce = Vector3.new(math.huge,math.huge,math.huge)
				rollvelocity.Velocity = owner.Character.HumanoidRootPart.CFrame.lookVector * 20
				rollvelocity.Name = "rolling"
				local rarmc0 = rightarm.C0
				local larmc0 = leftarm.C0
				local llegc0 = leftleg.C0
				local rlegc0 = rightleg.C0
				local humrootc0 = humanoidrootpart.C0
				local headc0 = head.C0
				for i = 0,1 , 0.12 do
					rightarm.C0 = rarmc0:lerp(CFrame.new(1.29883575, 0.820416212, -0.554986477, 0.939694643, 0.342014492, 3.29469119e-10, 0.171007738, -0.469848752, -0.866024554, -0.296192914, 0.813798726, -0.500001431),i)
					leftarm.C0 = larmc0:lerp(CFrame.new(-1.29883575, 0.820416212, -0.554986477, 0.939694643, -0.342014492, -3.29469119e-10, -0.171007738, -0.469848752, -0.866024554, 0.296192914, 0.813798726, -0.500001431),i)
					leftleg.C0 = llegc0:lerp(CFrame.new(-0.5, 0.167815685, -1.17003536, 1, 0, 0, 0, 0.984807789, -0.173648298, 0, 0.173648298, 0.984807789),i)
					rightleg.C0 = rlegc0:lerp(CFrame.new(0.5, 0.227622986, -1.20567513, 1, 0, 0, 0, 0.98480773, -0.17364873, 0, 0.17364873, 0.98480773),i)
					humanoidrootpart.C0 = humrootc0:lerp(CFrame.new(0, -1.82676482, 0.100003719, 1, 0, 0, 0, 0.500001073, 0.866024792, 0, -0.866024852, 0.500001013),i)
					head.C0 = headc0:lerp(CFrame.new(0, 1.46982503, -0.171005249, 1, 0, 0, 0, 0.939693511, 0.3420178, 0, -0.3420178, 0.939693511),i)
					heartbeat:wait()
				end
				local rarmc0 = rightarm.C0
				local larmc0 = leftarm.C0
				local llegc0 = leftleg.C0
				local rlegc0 = rightleg.C0
				local humrootc0 = humanoidrootpart.C0
				local headc0 = head.C0
				for i = 0,1 , 0.12 do
					rightarm.C0 = rarmc0:lerp(CFrame.new(1.29883575, 0.820416212, -0.554986477, 0.939694643, 0.342014492, 3.29469119e-10, 0.171007738, -0.469848752, -0.866024554, -0.296192914, 0.813798726, -0.500001431),i)
					leftarm.C0 = larmc0:lerp(CFrame.new(-1.29883575, 0.820416212, -0.554986477, 0.939694643, -0.342014492, -3.29469119e-10, -0.171007738, -0.469848752, -0.866024554, 0.296192914, 0.813798726, -0.500001431),i)
					leftleg.C0 = llegc0:lerp(CFrame.new(-0.5, 0.167815685, -1.17003536, 1, 0, 0, 0, 0.984807789, -0.173648298, 0, 0.173648298, 0.984807789),i)
					rightleg.C0 = rlegc0:lerp(CFrame.new(0.5, 0.227622986, -1.20567513, 1, 0, 0, 0, 0.98480773, -0.17364873, 0, 0.17364873, 0.98480773),i)
					humanoidrootpart.C0 = humrootc0:lerp(CFrame.new(0, -1.12325001, -0.233205318, 1, 0, 0, 0, -0.766044676, 0.642787397, 0, -0.642787397, -0.766044617),i)
					head.C0 = headc0:lerp(CFrame.new(0, 1.43298388, -0.249996901, 1, 0, 0, 0, 0.866023958, 0.500002503, 0, -0.500002503, 0.866023958),i)
					heartbeat:wait()
				end
				local rarmc0 = rightarm.C0
				local larmc0 = leftarm.C0
				local llegc0 = leftleg.C0
				local rlegc0 = rightleg.C0
				local humrootc0 = humanoidrootpart.C0
				local headc0 = head.C0
				for i = 0,1 , 0.12 do
					rightarm.C0 = rarmc0:lerp(CFrame.new(1.3388443, 0.487123013, -0.620485306, 0.939694762, 0.26199764, 0.219843194, 0.171007395, 0.196747974, -0.96542573, -0.296192944, 0.944800317, 0.140079498),i)
					leftarm.C0 = larmc0:lerp(CFrame.new(-1.3388443, 0.487123013, -0.620485306, 0.939694762, -0.26199764, -0.219843194, -0.171007395, 0.196747974, -0.96542573, 0.296192944, 0.944800317, 0.140079498),i)
					leftleg.C0 = llegc0:lerp(CFrame.new(-0.5, -1.92927122, -0.671936512, 1, 0, 0, 0, 0.984808266, 0.173645824, 0, -0.173645824, 0.984808207),i)
					rightleg.C0 = rlegc0:lerp(CFrame.new(0.5, -1.15108776, -0.61528492, 1, 0, 0, 0, 0.984808207, 0.173645645, 0, -0.17364563, 0.984808207),i)
					humanoidrootpart.C0 = humrootc0:lerp(CFrame.new(0, -2.35371089, -0.496735096, 1, 0, 0, 0, -0.342021734, -0.93969214, 0, 0.93969202, -0.342021763),i)
					head.C0 = headc0:lerp(CFrame.new(0, 1.17099142, -0.469834805, 1, 0, 0, 0, 0.342019647, 0.939692855, 0, -0.939692914, 0.342019588),i)
					heartbeat:wait()
				end
				cananimate = true
				rollvelocity:destroy()
				cando = true
				local function checkfix()
					wait(1)
					if not cando then
						cando = true
					end
				end
				spawn(checkfix)
			end
		end
	end
end
spawn(run)
spawn(checkfall)
punchanim = 0
function doaction(plr, what)
	if plr == owner then
		if cando then
			cando = false
			cananimate = false
			if what == "rollon" and not owner.Character.HumanoidRootPart:findFirstChild("FALLING") and not owner.Character.HumanoidRootPart:findFirstChild("rolling") then
				trytoroll = true
				cando = true
				cananimate = true
			end
			if what == "rolloff" and not owner.Character.HumanoidRootPart:findFirstChild("FALLING") and not owner.Character.HumanoidRootPart:findFirstChild("rolling") then
				trytoroll = false
				cando = true
				cananimate = true
			end
			if what == "slide" and not owner.Character.HumanoidRootPart:findFirstChild("ow") and not owner.Character.HumanoidRootPart:findFirstChild("sliding") and not owner.Character.HumanoidRootPart:findFirstChild("FALLING") and not owner.Character.HumanoidRootPart:findFirstChild("goingup") and not owner.Character.HumanoidRootPart.Anchored then
				humanoidofowner.WalkSpeed = 0
				humanoidofowner.JumpPower = 0
				swoosh:Play()
				local velocitie = Instance.new("BodyVelocity", owner.Character.HumanoidRootPart)
				velocitie.MaxForce = Vector3.new(math.huge,0,math.huge)
				velocitie.Velocity = owner.Character.HumanoidRootPart.CFrame.lookVector * 50
				velocitie.Name = "sliding"
				local waitt = 0
				local function less()
					while wait() do
						velocitie.Velocity = velocitie.Velocity / 1.09
						if waitt < 20 then
							waitt = waitt + 1
						end
						if velocitie.Velocity.z <= 4 and velocitie.Velocity.x <= 4 and waitt == 20 then
							humanoidofowner.WalkSpeed = 25
							humanoidofowner.JumpPower = 50
							velocitie:destroy()
							if not owner.Character.HumanoidRootPart:findFirstChild("ow") then
								cananimate = true
								cando = true
							end
							break
						end
					end
				end
				spawn(less)
				for i = 0,1 , 0.02 do
					if not cananimate and not owner.Character.HumanoidRootPart:findFirstChild("ow") then
						rightarm.C0 = rightarm.C0:lerp(CFrame.new(1.88513184, 0.728400707, -0.51874733, 0.0509149656, -0.979093194, 0.196937039, 0.995125353, 0.0330599695, -0.0929127932, 0.0844595507, 0.200707689, 0.976003647),i)
						leftarm.C0 = leftarm.C0:lerp(CFrame.new(-1.63573742, 0.101630211, 0.237347126, 0.777682304, 0.62453258, -0.0718980953, -0.42115736, 0.602484405, 0.677966893, 0.46672985, -0.496962368, 0.731567979),i)
						leftleg.C0 = leftleg.C0:lerp(CFrame.new(-0.499998093, -1.98477411, 0.173640728, 1, -1.57809765e-07, 5.05698472e-06, -7.22707682e-07, 0.984808326, 0.173644975, -5.00756369e-06, -0.173644975, 0.984808326),i)
						rightleg.C0 = rightleg.C0:lerp(CFrame.new(0.500001907, -1.99996758, -9.05990601e-06, 1, 7.22725019e-07, 5.00756187e-06, -7.22707682e-07, 1, -3.44990485e-06, -5.00756369e-06, 3.44990121e-06, 1),i)
						humanoidrootpart.C0 = humanoidrootpart.C0:lerp(CFrame.new(-0.0606842041, -2.26575327, -0.0902328491, 0.936354458, -0.111619428, -0.332838684, -0.330426246, 0.0400053002, -0.942983687, 0.118570611, 0.992945492, 0.000577152357),i)
						head.C0 = head.C0:lerp(CFrame.new(-0.0664100647, 1.29971933, -0.608807564, 0.997187197, -0.0242519826, 0.0709199831, -0.0628080666, 0.245970294, 0.967240393, -0.0409017019, -0.968973994, 0.243755192),i)
						heartbeat:wait()
					end
				end
			elseif what == "kick" and not owner.Character.HumanoidRootPart:findFirstChild("ow") and not owner.Character.HumanoidRootPart:findFirstChild("sliding") and not owner.Character.HumanoidRootPart:findFirstChild("FALLING") and not owner.Character.HumanoidRootPart:findFirstChild("goingup") and not owner.Character.HumanoidRootPart.Anchored then
				humanoidofowner.WalkSpeed = 0
				humanoidofowner.JumpPower = 0
				swoosh2:Play()
				swoosh:Play()
				cananimate = false
				for i = 0,0.5 , 0.08 do
					if not cananimate and not owner.Character.HumanoidRootPart:findFirstChild("ow") then
						rightarm.C0 = rightarm.C0:lerp(CFrame.new(1.5,0,0),i)
						leftarm.C0 = leftarm.C0:lerp(CFrame.new(-1.5,0,0),i)
						leftleg.C0 = leftleg.C0:lerp(CFrame.new(-0.5, -0.200000286, -0.799999714, 1, -2.37121791e-16, -3.55271368e-15, -2.84206045e-15, 0.999999821, -2.086162e-07, 5.04870979e-29, 2.08616243e-07, 0.999999881) * CFrame.new(0,-1,0),i)
						rightleg.C0 = rightleg.C0:lerp(CFrame.new(0.866977453, -1.76958275, 0, 0.866026938, -0.499997377, 3.14493657e-12, 0.499997377, 0.866026938, 2.68155637e-12, -4.06437037e-12, -7.49839589e-13, 1),i)
						humanoidrootpart.C0 = humanoidrootpart.C0:lerp(CFrame.new(0, 0, 0, 2.17665985e-07, 1.25670709e-07, -1, -0.500001013, 0.866024852, 7.60486888e-13, 0.866024852, 0.500000954, 2.51339628e-07),i)
						head.C0 = head.C0:lerp(CFrame.new(-0.262776613, 1.02028942, -0.846868515, 0.593996942, -0.730470955, 0.337016225, -0.38534075, 0.109389521, 0.916267753, -0.706172943, -0.674126267, -0.216503173),i)
						heartbeat:wait()
					end
				end
				local function kicksuccessful()
					kickhit:Play()
					local velocitie = Instance.new("BodyVelocity", victimdude.Head)
					velocitie.MaxForce = Vector3.new(math.huge,0,math.huge)
					velocitie.Velocity = owner.Character.HumanoidRootPart.CFrame.lookVector * 15
					velocitie.Name = "woosh"
					game.Debris:AddItem(velocitie, 0.3)
					local hprandom = math.random(10,30)
					if victimdude:findFirstChildOfClass("Humanoid").Health <= hprandom then
						victimdude:BreakJoints()
						ragdollkill(victimdude)
					else
						victimdude:findFirstChildOfClass("Humanoid").Health = victimdude:findFirstChildOfClass("Humanoid").Health - hprandom
					end
					if victimdude:findFirstChild("Torso") then
						victimdude.Torso.CFrame = CFrame.new(victimdude.Torso.Position, owner.Character.HumanoidRootPart.Position)
						local owweld = Instance.new("Weld", victimdude.Torso)
						owweld.Part0 = victimdude.Torso
						owweld.Part1 = victimdude.Head
						owweld.C0 = CFrame.new(0,(victimdude.Torso.Size.y/2) + (victimdude.Head.Size.y/2),0)
						owweld.C0 = owweld.C0 * CFrame.fromEulerAnglesXYZ(1,0,0) * CFrame.new(0,0,0.5)
						for i = 0,1 , 0.02 do
							owweld.C0 = owweld.C0:lerp(CFrame.new(0,(victimdude.Torso.Size.y/2) + (victimdude.Head.Size.y/2),0),i)
							heartbeat:wait()
						end
					elseif victimdude:findFirstChild("UpperTorso") then
						victimdude.UpperTorso.CFrame = CFrame.new(victimdude.UpperTorso.Position, owner.Character.HumanoidRootPart.Position)
						local owweld = Instance.new("Weld", victimdude.UpperTorso)
						owweld.Part0 = victimdude.UpperTorso
						owweld.Part1 = victimdude.Head
						owweld.C0 = CFrame.new(0,(victimdude.UpperTorso.Size.y/2) + (victimdude.Head.Size.y/2),0)
						owweld.C0 = owweld.C0 * CFrame.fromEulerAnglesXYZ(1,0,0) * CFrame.new(0,0,0.5)
						for i = 0,1 , 0.02 do
							owweld.C0 = owweld.C0:lerp(CFrame.new(0,(victimdude.UpperTorso.Size.y/2) + (victimdude.Head.Size.y/2),0),i)
							heartbeat:wait()
						end
					end
					local hisws = victimdude:findFirstChildOfClass("Humanoid").WalkSpeed
					local hisjp = victimdude:findFirstChildOfClass("Humanoid").JumpPower
					victimdude:findFirstChildOfClass("Humanoid").JumpPower = 0
					victimdude:findFirstChildOfClass("Humanoid").WalkSpeed = 0
					for i,v in pairs(victimdude:GetChildren()) do
						if v.ClassName == "Script" or v.ClassName == "LocalScript" then
							v.Disabled = true
						end
					end
					if victimdude:findFirstChildOfClass("Humanoid").MaxHealth > 300 then
						victimdude:findFirstChildOfClass("Humanoid").MaxHealth = 300
					end
					local function unstun()
						wait(math.random(2,3))
						victimdude:findFirstChildOfClass("Humanoid").JumpPower = hisjp
						victimdude:findFirstChildOfClass("Humanoid").WalkSpeed = hisws
						for i,v in pairs(victimdude:GetChildren()) do
							if v.ClassName == "Script" or v.ClassName == "LocalScript" then
								v.Disabled = false
							end
						end
					end
					spawn(unstun)
				end
				for i = 0.1,1 , 0.08 do
					if not cananimate and not owner.Character.HumanoidRootPart:findFirstChild("ow") then
						rightarm.C0 = rightarm.C0:lerp(CFrame.new(0.793737411, -0.0435829163, -0.377206802, 0.589972556, 0.802474499, -0.0892586261, -0.776380658, 0.533454716, -0.335647464, -0.221733078, 0.267321438, 0.937749267),i)
						leftarm.C0 = leftarm.C0:lerp(CFrame.new(-1.5,0,0),i)
						leftleg.C0 = leftleg.C0:lerp(CFrame.new(-1.06697655, -2.11598873, 0, 0.866026878, 0.499997646, 6.74289184e-13, -0.499997675, 0.866026819, 4.07409696e-12, 1.45308602e-12, -3.8654197e-12, 1),i)
						rightleg.C0 = rightleg.C0:lerp(CFrame.new(1.56865537, -1.46542549, 0, 0.342022985, -0.939691603, 6.78452086e-13, 0.939691603, 0.342022985, 4.07827938e-12, -4.06437037e-12, -7.57329637e-13, 1),i)
						humanoidrootpart.C0 = humanoidrootpart.C0:lerp(CFrame.new(0, 0, 0, 8.59631086e-08, 2.36182032e-07, -1, -0.939691782, 0.342022538, 7.5707241e-13, 0.342022568, 0.939691782, 2.51339628e-07),i)
						head.C0 = head.C0:lerp(CFrame.new(-0.0669679642, 1.10865688, -0.957942963, 0.808011353, -0.338849306, 0.481973886, -0.399515122, 0.286124706, 0.870930731, -0.433018923, -0.896277785, 0.0958165824),i)
						heartbeat:wait()
					end
				end
				for i,v in pairs(workspace:GetChildren()) do
					if v.ClassName == "Model" then
						local thathumanoid = v:findFirstChildOfClass("Humanoid")
						local thathead = v:findFirstChild("Head")
						if thathumanoid and thathead then
							if (thathead.Position - owner.Character["Left Leg"].Position).magnitude < 3 then
								victimdude = v
								spawn(kicksuccessful)
							end
						end
					end
				end
				for i = 0,0.5 , 0.08 do
					if not cananimate and not owner.Character.HumanoidRootPart:findFirstChild("ow") then
						rightarm.C0 = rightarm.C0:lerp(CFrame.new(1.5,0,0),i)
						leftarm.C0 = leftarm.C0:lerp(CFrame.new(-1.5,0,0),i)
						leftleg.C0 = leftleg.C0:lerp(CFrame.new(-0.5, -0.200000286, -0.799999714, 1, -2.37121791e-16, -3.55271368e-15, -2.84206045e-15, 0.999999821, -2.086162e-07, 5.04870979e-29, 2.08616243e-07, 0.999999881) * CFrame.new(0,-1,0),i)
						rightleg.C0 = rightleg.C0:lerp(CFrame.new(0.866977453, -1.76958275, 0, 0.866026938, -0.499997377, 3.14493657e-12, 0.499997377, 0.866026938, 2.68155637e-12, -4.06437037e-12, -7.49839589e-13, 1),i)
						humanoidrootpart.C0 = humanoidrootpart.C0:lerp(CFrame.new(0, 0, 0, 2.17665985e-07, 1.25670709e-07, -1, -0.500001013, 0.866024852, 7.60486888e-13, 0.866024852, 0.500000954, 2.51339628e-07),i)
						head.C0 = head.C0:lerp(CFrame.new(-0.262776613, 1.02028942, -0.846868515, 0.593996942, -0.730470955, 0.337016225, -0.38534075, 0.109389521, 0.916267753, -0.706172943, -0.674126267, -0.216503173),i)
						heartbeat:wait()
					end
				end
				humanoidofowner.WalkSpeed = 25
				humanoidofowner.JumpPower = 50
				cananimate = true
				cando = true
			elseif what == "punch" and not owner.Character.HumanoidRootPart:findFirstChild("ow") and not owner.Character.HumanoidRootPart:findFirstChild("sliding") and not owner.Character.HumanoidRootPart:findFirstChild("FALLING") and not owner.Character.HumanoidRootPart:findFirstChild("goingup") and not owner.Character.HumanoidRootPart.Anchored then
				cananimate = false
				cando = false
				if punchanim == 0 then
					punchanim = 1
					for i = 0,1 , 0.15 do
						if not cananimate and not owner.Character.HumanoidRootPart:findFirstChild("ow") then
							rightarm.C0 = rightarm.C0:lerp(CFrame.new(1.93298721, 0.399990082, -0.616035461, -2.2650172e-06, 0.866024196, 0.500002205, 1, 2.85937426e-06, -4.22538534e-07, -1.79562221e-06, 0.500002205, -0.866024256),i)
							leftarm.C0 = leftarm.C0:lerp(CFrame.new(-2.10411453, 0.813013554, -0.249991417, 0.173650935, 0.85286659, -0.492406279, -0.984807372, 0.150386363, -0.0868250355, 1.0099742e-06, 0.500002563, 0.866023898),i)
							leftleg.C0 = leftleg.C0:lerp(CFrame.new(-0.5,-2,0),i)
							rightleg.C0 = rightleg.C0:lerp(CFrame.new(0.5,-2,0),i)
							humanoidrootpart.C0 = humanoidrootpart.C0:lerp(CFrame.new(0, 0, 0, 0.336828679, 0.0593937114, -0.939690828, -0.173650339, 0.984807372, 1.02145373e-06, 0.925414562, 0.163177282, 0.342025071),i)
							head.C0 = head.C0:lerp(CFrame.new(-0.0665130615, 1.49237728, -0.055811882, 0.64278388, -0.133025259, 0.754409134, 5.5879454e-08, 0.984807193, 0.173651397, -0.766047537, -0.111620277, 0.633018196),i)
							heartbeat:wait()
						end
					end
					swoosh:Play()
					swoosh2:Play()
					local rarmc0 = rightarm.C0
					local larmc0 = leftarm.C0
					local llegc0 = leftleg.C0
					local rlegc0 = rightleg.C0
					local humrootc0 = humanoidrootpart.C0
					local headc0 = head.C0
					for i = 0,1 , 0.2 do
						if not cananimate and not owner.Character.HumanoidRootPart:findFirstChild("ow") then
							rightarm.C0 = rarmc0:lerp(CFrame.new(1.97320461, 0.399998665, -1.04105949, 1.41556848e-06, -0.342017621, 0.93969363, 1, 2.79749133e-06, -4.88219996e-07, -2.46180457e-06, 0.93969363, 0.342017621),i)
							leftarm.C0 = larmc0:lerp(CFrame.new(-1.96173954, 0.431951523, -0.401452065, 0.173648983, 0.336830288, -0.925414264, -0.98480767, 0.059396144, -0.163174972, 3.76260778e-06, 0.939690173, 0.342027068),i)
							leftleg.C0 = llegc0:lerp(CFrame.new(-0.5,-2,0),i)
							rightleg.C0 = rlegc0:lerp(CFrame.new(0.5,-2,0),i)
							humanoidrootpart.C0 = humrootc0:lerp(CFrame.new(0, 0, 0, 0.866028965, -2.58095861e-06, 0.49999398, 1.49011055e-06, 1, 2.58099067e-06, -0.49999398, -1.49016603e-06, 0.866028965),i)
							head.C0 = headc0:lerp(CFrame.new(-0.0665092468, 1.49237823, -0.0558137894, 0.854564965, -0.133018151, -0.502020836, 0.171007037, 0.984808207, 0.0301566627, 0.49038282, -0.11161992, 0.864329636),i)
							heartbeat:wait()
						end
					end
					local function punchsuccessful()
						kickhit:Play()
						for i,v in pairs(victimdude:GetChildren()) do
							if v.ClassName == "Script" or v.ClassName == "LocalScript" then
								v.Disabled = true
							end
						end
						if victimdude:findFirstChildOfClass("Humanoid").MaxHealth > 300 then
							victimdude:findFirstChildOfClass("Humanoid").MaxHealth = 300
						end
						local function unstun()
							if victimdude:findFirstChild("Torso") then
								victimdude.Torso.CFrame = CFrame.new(victimdude.Torso.Position, owner.Character.HumanoidRootPart.Position)
								local owweld = Instance.new("Weld", victimdude.Torso)
								owweld.Part0 = victimdude.Torso
								owweld.Part1 = victimdude.Head
								owweld.C0 = CFrame.new(0,(victimdude.Torso.Size.y/2) + (victimdude.Head.Size.y/2),0)
								owweld.C0 = owweld.C0 * CFrame.fromEulerAnglesXYZ(0,-1,-0.3)
								for i = 0,1 , 0.04 do
									owweld.C0 = owweld.C0:lerp(CFrame.new(0,(victimdude.Torso.Size.y/2) + (victimdude.Head.Size.y/2),0),i)
									heartbeat:wait()
								end
							elseif victimdude:findFirstChild("UpperTorso") then
								victimdude.UpperTorso.CFrame = CFrame.new(victimdude.UpperTorso.Position, owner.Character.HumanoidRootPart.Position)
								local owweld = Instance.new("Weld", victimdude.UpperTorso)
								owweld.Part0 = victimdude.UpperTorso
								owweld.Part1 = victimdude.Head
								owweld.C0 = CFrame.new(0,(victimdude.UpperTorso.Size.y/2) + (victimdude.Head.Size.y/2),0)
								owweld.C0 = owweld.C0 * CFrame.fromEulerAnglesXYZ(0,-1,-0.3)
								for i = 0,1 , 0.04 do
									owweld.C0 = owweld.C0:lerp(CFrame.new(0,(victimdude.UpperTorso.Size.y/2) + (victimdude.Head.Size.y/2),0),i)
									heartbeat:wait()
								end
							end
							wait(0.5)
							for i,v in pairs(victimdude:GetChildren()) do
								if v.ClassName == "Script" or v.ClassName == "LocalScript" then
									v.Disabled = false
								end
							end
						end
						spawn(unstun)
						local velocitie = Instance.new("BodyVelocity", victimdude.Head)
						velocitie.MaxForce = Vector3.new(math.huge,0,math.huge)
						velocitie.Velocity = owner.Character.HumanoidRootPart.CFrame.lookVector * 0
						velocitie.Name = "woosh"
						game.Debris:AddItem(velocitie, 0.3)
						local hprandom = math.random(10,30)
						if victimdude:findFirstChildOfClass("Humanoid").Health <= hprandom then
							local dofinishornot = math.random(1,3)
							if dofinishornot == 1 then
								finish(victimdude)
							else
								victimdude:BreakJoints()
								ragdollkill(victimdude)
							end
						else
							victimdude:findFirstChildOfClass("Humanoid").Health = victimdude:findFirstChildOfClass("Humanoid").Health - hprandom
						end
					end
					for i,v in pairs(workspace:GetChildren()) do
						if v.ClassName == "Model" then
							local thathumanoid = v:findFirstChildOfClass("Humanoid")
							local thathead = v:findFirstChild("Head")
							if thathumanoid and thathead and v ~= owner.Character then
								if (thathead.Position - owner.Character["Right Arm"].Position).magnitude < 3 then
									victimdude = v
									spawn(punchsuccessful)
								end
							end
						end
					end
					for i = 0.4,1 , 0.2 do
						if not cananimate and not owner.Character.HumanoidRootPart:findFirstChild("ow") then
							rightarm.C0 = rightarm.C0:lerp(CFrame.new(1.71537304, 0.399996281, -1.06364822, 2.44383e-06, 0.173639908, 0.98480922, 1, -1.99457554e-06, -2.12984583e-06, 1.59445005e-06, 0.98480922, -0.173639923),i)
							leftarm.C0 = leftarm.C0:lerp(CFrame.new(-1.79822016, 0.430157661, -0.45993042, -0.153337717, 0.336819142, -0.928999722, -0.981225491, 0.0593929365, 0.183491513, 0.116979472, 0.939694285, 0.321388364),i)
							leftleg.C0 = leftleg.C0:lerp(CFrame.new(-0.5,-2,0),i)
							rightleg.C0 = rightleg.C0:lerp(CFrame.new(0.5,-2,0),i)
							humanoidrootpart.C0 = humanoidrootpart.C0:lerp(CFrame.new(0, 0, 0, -0.500006795, 2.5073964e-06, 0.866021514, -0.150380597, 0.984808087, -0.086826697, -0.8528651, -0.173646778, -0.492410332),i)
							head.C0 = head.C0:lerp(CFrame.new(-0.0372924805, 1.49856281, -0.00446796417, -0.645966768, -0.0745923966, -0.759712398, -0.0414872579, 0.997174025, -0.0626318753, 0.76223737, -0.00893972628, -0.64723587),i)
							heartbeat:wait()
						end
					end
				elseif punchanim == 1 then
					punchanim = 0
					for i = 0,1 , 0.15 do
						if not cananimate and not owner.Character.HumanoidRootPart:findFirstChild("ow") then
							rightarm.C0 = rightarm.C0:lerp(CFrame.new(2.1286068, 0.309746742, 9.53674316e-07, 0.342020094, -0.939692497, 0, 0.939692378, 0.342020094, 3.7252903e-09, 0, 1.49011612e-08, 0.99999994),i)
							leftarm.C0 = leftarm.C0:lerp(CFrame.new(-2.08530402, 0.47922802, -0.542467117, 0.133022159, -0.754406393, -0.642787516, -0.984807551, -0.173648119, 6.70552254e-08, -0.111618951, 0.633022189, -0.766044319),i)
							leftleg.C0 = leftleg.C0:lerp(CFrame.new(-0.5,-2,0),i)
							rightleg.C0 = rightleg.C0:lerp(CFrame.new(0.5,-2,0),i)
							humanoidrootpart.C0 = humanoidrootpart.C0:lerp(CFrame.new(0, 0, 0, 0.171010107, -0.0301536899, 0.98480773, 0.173648149, 0.98480773, 0, -0.969846249, 0.171010047, 0.173648223),i)
							head.C0 = head.C0:lerp(CFrame.new(0.0855047703, 1.49240398, -0.0150756836, 0.173647955, 0.171010062, -0.969846249, 2.0081643e-09, 0.98480767, 0.173648164, 0.984807789, -0.0301536545, 0.171009883),i)
							heartbeat:wait()
						end
					end
					swoosh:Play()
					swoosh2:Play()
					local rarmc0 = rightarm.C0
					local larmc0 = leftarm.C0
					local llegc0 = leftleg.C0
					local rlegc0 = rightleg.C0
					local humrootc0 = humanoidrootpart.C0
					local headc0 = head.C0
					for i = 0,1 , 0.2 do
						if not cananimate and not owner.Character.HumanoidRootPart:findFirstChild("ow") then
							rightarm.C0 = rarmc0:lerp(CFrame.new(1.95028019, 0.161817551, -0.321393967, 0.342020154, -0.719846487, 0.604022563, 0.939692378, 0.262002617, -0.219846219, 0, 0.642787337, 0.766044319),i)
							leftarm.C0 = larmc0:lerp(CFrame.new(-1.33039951, 0.548686981, -1.71805, 0.0301536396, -0.171010137, -0.98480773, -0.984807491, -0.173648149, 4.68975934e-08, -0.171010077, 0.96984601, -0.173648),i)
							leftleg.C0 = llegc0:lerp(CFrame.new(-0.5,-2,0),i)
							rightleg.C0 = rlegc0:lerp(CFrame.new(0.5,-2,0),i)
							humanoidrootpart.C0 = humrootc0:lerp(CFrame.new(0, 0, 0, 0.866025448, 5.58793545e-09, -0.49999994, 1.01929922e-08, 0.99999994, 2.80050241e-08, 0.49999994, -1.49011612e-08, 0.866025329),i)
							head.C0 = headc0:lerp(CFrame.new(0.0102343559, 1.49909019, 0.0283493996, 0.868718624, 0.0204696581, 0.494882613, 0.0103131672, 0.998181343, -0.0593911484, -0.495198429, 0.0566980243, 0.866927505),i)
							heartbeat:wait()
						end
					end
					local function punchsuccessful()
						kickhit:Play()
						for i,v in pairs(victimdude:GetChildren()) do
							if v.ClassName == "Script" or v.ClassName == "LocalScript" then
								v.Disabled = true
							end
						end
						if victimdude:findFirstChildOfClass("Humanoid").MaxHealth > 300 then
							victimdude:findFirstChildOfClass("Humanoid").MaxHealth = 300
						end
						local function unstun()
							if victimdude:findFirstChild("Torso") then
								victimdude.Torso.CFrame = CFrame.new(victimdude.Torso.Position, owner.Character.HumanoidRootPart.Position)
								local owweld = Instance.new("Weld", victimdude.Torso)
								owweld.Part0 = victimdude.Torso
								owweld.Part1 = victimdude.Head
								owweld.C0 = CFrame.new(0,(victimdude.Torso.Size.y/2) + (victimdude.Head.Size.y/2),0)
								owweld.C0 = owweld.C0 * CFrame.fromEulerAnglesXYZ(0,1,-0.3)
								for i = 0,1 , 0.04 do
