--By Rufus14 lol
--Converted with ttyyuu12345's model to script plugin v4
wait()
script.Parent = game.Lighting
function sandbox(var,func)
	local env = getfenv(func)
	local newenv = setmetatable({},{
		__index = function(self,k)
			if k=="script" then
				return var
			else
				return env[k]
			end
		end,
	})
	setfenv(func,newenv)
	return func
end
cors = {}
mas = Instance.new("Model",game:GetService("Lighting"))
Model0 = Instance.new("Model")
SpawnLocation1 = Instance.new("SpawnLocation")
Decal2 = Instance.new("Decal")
Model3 = Instance.new("Model")
BodyColors4 = Instance.new("BodyColors")
ShirtGraphic5 = Instance.new("ShirtGraphic")
CharacterMesh6 = Instance.new("CharacterMesh")
CharacterMesh7 = Instance.new("CharacterMesh")
Humanoid8 = Instance.new("Humanoid")
Part9 = Instance.new("Part")
SpecialMesh10 = Instance.new("SpecialMesh")
Decal11 = Instance.new("Decal")
Part12 = Instance.new("Part")
Part13 = Instance.new("Part")
Part14 = Instance.new("Part")
Part15 = Instance.new("Part")
Part16 = Instance.new("Part")
Decal17 = Instance.new("Decal")
Motor6D18 = Instance.new("Motor6D")
Weld19 = Instance.new("Weld")
Weld20 = Instance.new("Weld")
Weld21 = Instance.new("Weld")
Weld22 = Instance.new("Weld")
CharacterMesh23 = Instance.new("CharacterMesh")
CharacterMesh24 = Instance.new("CharacterMesh")
CharacterMesh25 = Instance.new("CharacterMesh")
Model26 = Instance.new("Model")
BodyColors27 = Instance.new("BodyColors")
ShirtGraphic28 = Instance.new("ShirtGraphic")
CharacterMesh29 = Instance.new("CharacterMesh")
CharacterMesh30 = Instance.new("CharacterMesh")
Humanoid31 = Instance.new("Humanoid")
Part32 = Instance.new("Part")
SpecialMesh33 = Instance.new("SpecialMesh")
Decal34 = Instance.new("Decal")
Part35 = Instance.new("Part")
Part36 = Instance.new("Part")
Part37 = Instance.new("Part")
Part38 = Instance.new("Part")
Part39 = Instance.new("Part")
Decal40 = Instance.new("Decal")
Motor6D41 = Instance.new("Motor6D")
Weld42 = Instance.new("Weld")
Weld43 = Instance.new("Weld")
Weld44 = Instance.new("Weld")
Weld45 = Instance.new("Weld")
Weld46 = Instance.new("Weld")
CharacterMesh47 = Instance.new("CharacterMesh")
CharacterMesh48 = Instance.new("CharacterMesh")
CharacterMesh49 = Instance.new("CharacterMesh")
Model50 = Instance.new("Model")
Part51 = Instance.new("Part")
Decal52 = Instance.new("Decal")
Part53 = Instance.new("Part")
Part54 = Instance.new("Part")
Decal55 = Instance.new("Decal")
Model56 = Instance.new("Model")
BodyColors57 = Instance.new("BodyColors")
ShirtGraphic58 = Instance.new("ShirtGraphic")
CharacterMesh59 = Instance.new("CharacterMesh")
CharacterMesh60 = Instance.new("CharacterMesh")
Humanoid61 = Instance.new("Humanoid")
Part62 = Instance.new("Part")
SpecialMesh63 = Instance.new("SpecialMesh")
Decal64 = Instance.new("Decal")
Part65 = Instance.new("Part")
Part66 = Instance.new("Part")
Part67 = Instance.new("Part")
Part68 = Instance.new("Part")
Part69 = Instance.new("Part")
Decal70 = Instance.new("Decal")
Motor6D71 = Instance.new("Motor6D")
Motor6D72 = Instance.new("Motor6D")
Weld73 = Instance.new("Weld")
Weld74 = Instance.new("Weld")
CharacterMesh75 = Instance.new("CharacterMesh")
CharacterMesh76 = Instance.new("CharacterMesh")
CharacterMesh77 = Instance.new("CharacterMesh")
Model78 = Instance.new("Model")
BodyColors79 = Instance.new("BodyColors")
ShirtGraphic80 = Instance.new("ShirtGraphic")
CharacterMesh81 = Instance.new("CharacterMesh")
CharacterMesh82 = Instance.new("CharacterMesh")
Humanoid83 = Instance.new("Humanoid")
Part84 = Instance.new("Part")
SpecialMesh85 = Instance.new("SpecialMesh")
Decal86 = Instance.new("Decal")
Part87 = Instance.new("Part")
Part88 = Instance.new("Part")
Part89 = Instance.new("Part")
Part90 = Instance.new("Part")
Part91 = Instance.new("Part")
Decal92 = Instance.new("Decal")
Motor6D93 = Instance.new("Motor6D")
Weld94 = Instance.new("Weld")
Weld95 = Instance.new("Weld")
Weld96 = Instance.new("Weld")
CharacterMesh97 = Instance.new("CharacterMesh")
CharacterMesh98 = Instance.new("CharacterMesh")
CharacterMesh99 = Instance.new("CharacterMesh")
Model100 = Instance.new("Model")
Part101 = Instance.new("Part")
Decal102 = Instance.new("Decal")
Part103 = Instance.new("Part")
Part104 = Instance.new("Part")
Decal105 = Instance.new("Decal")
Model106 = Instance.new("Model")
BodyColors107 = Instance.new("BodyColors")
ShirtGraphic108 = Instance.new("ShirtGraphic")
CharacterMesh109 = Instance.new("CharacterMesh")
CharacterMesh110 = Instance.new("CharacterMesh")
Humanoid111 = Instance.new("Humanoid")
Part112 = Instance.new("Part")
SpecialMesh113 = Instance.new("SpecialMesh")
Decal114 = Instance.new("Decal")
Part115 = Instance.new("Part")
Part116 = Instance.new("Part")
Part117 = Instance.new("Part")
Part118 = Instance.new("Part")
Part119 = Instance.new("Part")
Decal120 = Instance.new("Decal")
Motor6D121 = Instance.new("Motor6D")
Weld122 = Instance.new("Weld")
Weld123 = Instance.new("Weld")
Weld124 = Instance.new("Weld")
CharacterMesh125 = Instance.new("CharacterMesh")
CharacterMesh126 = Instance.new("CharacterMesh")
CharacterMesh127 = Instance.new("CharacterMesh")
Model128 = Instance.new("Model")
Part129 = Instance.new("Part")
Decal130 = Instance.new("Decal")
Part131 = Instance.new("Part")
Part132 = Instance.new("Part")
Decal133 = Instance.new("Decal")
Model134 = Instance.new("Model")
Part135 = Instance.new("Part")
Decal136 = Instance.new("Decal")
Part137 = Instance.new("Part")
Part138 = Instance.new("Part")
Decal139 = Instance.new("Decal")
Model140 = Instance.new("Model")
Part141 = Instance.new("Part")
Decal142 = Instance.new("Decal")
Part143 = Instance.new("Part")
Part144 = Instance.new("Part")
Decal145 = Instance.new("Decal")
Model146 = Instance.new("Model")
Part147 = Instance.new("Part")
Decal148 = Instance.new("Decal")
Part149 = Instance.new("Part")
Decal150 = Instance.new("Decal")
Part151 = Instance.new("Part")
Decal152 = Instance.new("Decal")
Part153 = Instance.new("Part")
Decal154 = Instance.new("Decal")
Part155 = Instance.new("Part")
Decal156 = Instance.new("Decal")
Part157 = Instance.new("Part")
Part158 = Instance.new("Part")
Part159 = Instance.new("Part")
Part160 = Instance.new("Part")
Part161 = Instance.new("Part")
PointLight162 = Instance.new("PointLight")
Part163 = Instance.new("Part")
Part164 = Instance.new("Part")
Part165 = Instance.new("Part")
Part166 = Instance.new("Part")
Decal167 = Instance.new("Decal")
Part168 = Instance.new("Part")
Part169 = Instance.new("Part")
Part170 = Instance.new("Part")
Model171 = Instance.new("Model")
Model172 = Instance.new("Model")
Part173 = Instance.new("Part")
Part174 = Instance.new("Part")
Part175 = Instance.new("Part")
Part176 = Instance.new("Part")
Part177 = Instance.new("Part")
Seat178 = Instance.new("Seat")
Model179 = Instance.new("Model")
Part180 = Instance.new("Part")
Part181 = Instance.new("Part")
Part182 = Instance.new("Part")
Part183 = Instance.new("Part")
Part184 = Instance.new("Part")
Seat185 = Instance.new("Seat")
Model186 = Instance.new("Model")
Part187 = Instance.new("Part")
Part188 = Instance.new("Part")
Part189 = Instance.new("Part")
Part190 = Instance.new("Part")
Part191 = Instance.new("Part")
Seat192 = Instance.new("Seat")
Model193 = Instance.new("Model")
Part194 = Instance.new("Part")
Part195 = Instance.new("Part")
Part196 = Instance.new("Part")
Part197 = Instance.new("Part")
Part198 = Instance.new("Part")
Seat199 = Instance.new("Seat")
Model200 = Instance.new("Model")
Part201 = Instance.new("Part")
Part202 = Instance.new("Part")
Model203 = Instance.new("Model")
Model204 = Instance.new("Model")
Part205 = Instance.new("Part")
Part206 = Instance.new("Part")
Part207 = Instance.new("Part")
Part208 = Instance.new("Part")
Part209 = Instance.new("Part")
Seat210 = Instance.new("Seat")
Model211 = Instance.new("Model")
Part212 = Instance.new("Part")
Part213 = Instance.new("Part")
Part214 = Instance.new("Part")
Part215 = Instance.new("Part")
Part216 = Instance.new("Part")
Seat217 = Instance.new("Seat")
Model218 = Instance.new("Model")
Part219 = Instance.new("Part")
Part220 = Instance.new("Part")
Part221 = Instance.new("Part")
Part222 = Instance.new("Part")
Part223 = Instance.new("Part")
Seat224 = Instance.new("Seat")
Model225 = Instance.new("Model")
Part226 = Instance.new("Part")
Part227 = Instance.new("Part")
Part228 = Instance.new("Part")
Part229 = Instance.new("Part")
Part230 = Instance.new("Part")
Seat231 = Instance.new("Seat")
Model232 = Instance.new("Model")
Part233 = Instance.new("Part")
Part234 = Instance.new("Part")
Model235 = Instance.new("Model")
Model236 = Instance.new("Model")
Part237 = Instance.new("Part")
Part238 = Instance.new("Part")
Part239 = Instance.new("Part")
Part240 = Instance.new("Part")
Part241 = Instance.new("Part")
Seat242 = Instance.new("Seat")
Model243 = Instance.new("Model")
Part244 = Instance.new("Part")
Part245 = Instance.new("Part")
Part246 = Instance.new("Part")
Part247 = Instance.new("Part")
Part248 = Instance.new("Part")
Seat249 = Instance.new("Seat")
Model250 = Instance.new("Model")
Part251 = Instance.new("Part")
Part252 = Instance.new("Part")
Part253 = Instance.new("Part")
Part254 = Instance.new("Part")
Part255 = Instance.new("Part")
Seat256 = Instance.new("Seat")
Model257 = Instance.new("Model")
Part258 = Instance.new("Part")
Part259 = Instance.new("Part")
Part260 = Instance.new("Part")
Part261 = Instance.new("Part")
Part262 = Instance.new("Part")
Seat263 = Instance.new("Seat")
Model264 = Instance.new("Model")
Part265 = Instance.new("Part")
Part266 = Instance.new("Part")
Model267 = Instance.new("Model")
Model268 = Instance.new("Model")
Part269 = Instance.new("Part")
Part270 = Instance.new("Part")
Part271 = Instance.new("Part")
Part272 = Instance.new("Part")
Part273 = Instance.new("Part")
Seat274 = Instance.new("Seat")
Model275 = Instance.new("Model")
Part276 = Instance.new("Part")
Part277 = Instance.new("Part")
Part278 = Instance.new("Part")
Part279 = Instance.new("Part")
Part280 = Instance.new("Part")
Seat281 = Instance.new("Seat")
Model282 = Instance.new("Model")
Part283 = Instance.new("Part")
Part284 = Instance.new("Part")
Part285 = Instance.new("Part")
Part286 = Instance.new("Part")
Part287 = Instance.new("Part")
Seat288 = Instance.new("Seat")
Model289 = Instance.new("Model")
Part290 = Instance.new("Part")
Part291 = Instance.new("Part")
Part292 = Instance.new("Part")
Part293 = Instance.new("Part")
Part294 = Instance.new("Part")
Seat295 = Instance.new("Seat")
Model296 = Instance.new("Model")
Part297 = Instance.new("Part")
Part298 = Instance.new("Part")
Model299 = Instance.new("Model")
Part300 = Instance.new("Part")
SpecialMesh301 = Instance.new("SpecialMesh")
Sound302 = Instance.new("Sound")
Sound303 = Instance.new("Sound")
Sound304 = Instance.new("Sound")
Sound305 = Instance.new("Sound")
Sound306 = Instance.new("Sound")
Sound307 = Instance.new("Sound")
Sound308 = Instance.new("Sound")
Sound309 = Instance.new("Sound")
Sound310 = Instance.new("Sound")
Decal311 = Instance.new("Decal")
Weld312 = Instance.new("Weld")
Weld313 = Instance.new("Weld")
Weld314 = Instance.new("Weld")
Part315 = Instance.new("Part")
Decal316 = Instance.new("Decal")
Motor6D317 = Instance.new("Motor6D")
Motor6D318 = Instance.new("Motor6D")
Weld319 = Instance.new("Weld")
Weld320 = Instance.new("Weld")
Weld321 = Instance.new("Weld")
Part322 = Instance.new("Part")
Part323 = Instance.new("Part")
Part324 = Instance.new("Part")
Attachment325 = Instance.new("Attachment")
Part326 = Instance.new("Part")
Humanoid327 = Instance.new("Humanoid")
Part328 = Instance.new("Part")
Attachment329 = Instance.new("Attachment")
Motor6D330 = Instance.new("Motor6D")
BodyColors331 = Instance.new("BodyColors")
Accessory332 = Instance.new("Accessory")
Part333 = Instance.new("Part")
SpecialMesh334 = Instance.new("SpecialMesh")
Vector3Value335 = Instance.new("Vector3Value")
Accessory336 = Instance.new("Accessory")
Part337 = Instance.new("Part")
SpecialMesh338 = Instance.new("SpecialMesh")
Accessory339 = Instance.new("Accessory")
Part340 = Instance.new("Part")
SpecialMesh341 = Instance.new("SpecialMesh")
Vector3Value342 = Instance.new("Vector3Value")
ShirtGraphic343 = Instance.new("ShirtGraphic")
Model0.Name = "pizzaplace"
Model0.Parent = mas
SpawnLocation1.Parent = Model0
SpawnLocation1.Material = Enum.Material.Wood
SpawnLocation1.BrickColor = BrickColor.new("Really red")
SpawnLocation1.Transparency = 1
SpawnLocation1.Anchored = true
SpawnLocation1.Size = Vector3.new(6, 1, 6)
SpawnLocation1.CFrame = CFrame.new(-2.5, -0.5, -18.25, 1, 0, 0, 0, 1, 0, 0, 0, 1)
SpawnLocation1.BottomSurface = Enum.SurfaceType.Smooth
SpawnLocation1.TopSurface = Enum.SurfaceType.Smooth
SpawnLocation1.Color = Color3.new(1, 0, 0)
SpawnLocation1.Position = Vector3.new(-2.5, -0.5, -18.25)
SpawnLocation1.Color = Color3.new(1, 0, 0)
Decal2.Parent = SpawnLocation1
Decal2.Texture = "rbxasset://textures/SpawnLocation.png"
Decal2.Face = Enum.NormalId.Top
Model3.Name = "Pizza Worker"
Model3.Parent = Model0
BodyColors4.Parent = Model3
BodyColors4.HeadColor = BrickColor.new("Light orange")
BodyColors4.LeftArmColor = BrickColor.new("Light orange")
BodyColors4.LeftLegColor = BrickColor.new("Medium stone grey")
BodyColors4.RightArmColor = BrickColor.new("Br. yellowish orange")
BodyColors4.RightLegColor = BrickColor.new("Medium stone grey")
BodyColors4.TorsoColor = BrickColor.new("Bright red")
ShirtGraphic5.Parent = Model3
ShirtGraphic5.Graphic = "http://www.roblox.com/asset/?id=1811898"
CharacterMesh6.Name = "Admin Torso"
CharacterMesh6.Parent = Model3
CharacterMesh6.MeshId = 130092883
CharacterMesh6.BodyPart = Enum.BodyPart.Torso
CharacterMesh6.OverlayTextureId = 130115267
CharacterMesh7.Name = "Admin Right Leg"
CharacterMesh7.Parent = Model3
CharacterMesh7.MeshId = 130090868
CharacterMesh7.BodyPart = Enum.BodyPart.RightLeg
CharacterMesh7.OverlayTextureId = 130090169
Humanoid8.Parent = Model3
Humanoid8.NameOcclusion = Enum.NameOcclusion.NoOcclusion
Humanoid8.RightLeg = Part15
Humanoid8.LeftLeg = Part13
Humanoid8.Torso = Part16
Humanoid8.Health = 0
Humanoid8.MaxHealth = 0
Part9.Name = "Head"
Part9.Parent = Model3
Part9.BrickColor = BrickColor.new("Cool yellow")
Part9.Rotation = Vector3.new(-172.089996, 3.69999981, -156.809998)
Part9.Anchored = true
Part9.FormFactor = Enum.FormFactor.Symmetric
Part9.Size = Vector3.new(2, 1, 1)
Part9.CFrame = CFrame.new(23.3427048, 4.35559797, -84.666687, -0.917267025, 0.392996609, 0.0646132901, 0.39824599, 0.906935751, 0.13736023, -0.00461799977, 0.151728004, -0.988411486)
Part9.TopSurface = Enum.SurfaceType.Smooth
Part9.Color = Color3.new(0.992157, 0.917647, 0.552941)
Part9.Position = Vector3.new(23.3427048, 4.35559797, -84.666687)
Part9.Orientation = Vector3.new(-7.89999962, 176.259995, 23.7099991)
Part9.Color = Color3.new(0.992157, 0.917647, 0.552941)
SpecialMesh10.Parent = Part9
SpecialMesh10.Scale = Vector3.new(1.25, 1.25, 1.25)
SpecialMesh10.Scale = Vector3.new(1.25, 1.25, 1.25)
Decal11.Name = "face"
Decal11.Parent = Part9
Decal11.Texture = "http://www.roblox.com/asset/?id=12451696"
Part12.Name = "Left Arm"
Part12.Parent = Model3
Part12.BrickColor = BrickColor.new("Cool yellow")
Part12.Rotation = Vector3.new(110.269997, -22.0699997, -171.819992)
Part12.Anchored = true
Part12.FormFactor = Enum.FormFactor.Symmetric
Part12.Size = Vector3.new(1, 2, 1)
Part12.CFrame = CFrame.new(24.2181168, 2.61292291, -84.016571, -0.917267025, 0.131873399, -0.3758066, 0.39824599, 0.292757869, -0.869306028, -0.00461799977, -0.94704926, -0.321055174)
Part12.Color = Color3.new(0.992157, 0.917647, 0.552941)
Part12.Position = Vector3.new(24.2181168, 2.61292291, -84.016571)
Part12.Orientation = Vector3.new(60.3799973, -130.509995, 53.6800003)
Part12.Color = Color3.new(0.992157, 0.917647, 0.552941)
Part13.Name = "Left Leg"
Part13.Parent = Model3
Part13.BrickColor = BrickColor.new("Bright blue")
Part13.Rotation = Vector3.new(-171.300003, 0.789999962, -176.610001)
Part13.Anchored = true
Part13.FormFactor = Enum.FormFactor.Symmetric
Part13.Size = Vector3.new(1, 2, 1)
Part13.CFrame = CFrame.new(22.7162991, 1.15107405, -85.1954193, -0.998157263, 0.0591057204, 0.013736668, 0.0605050139, 0.986653507, 0.15117541, -0.0046180007, 0.15172793, -0.988411605)
Part13.BottomSurface = Enum.SurfaceType.Smooth
Part13.Color = Color3.new(0.0509804, 0.411765, 0.67451)
Part13.Position = Vector3.new(22.7162991, 1.15107405, -85.1954193)
Part13.Orientation = Vector3.new(-8.69999981, 179.199997, 3.50999999)
Part13.Color = Color3.new(0.0509804, 0.411765, 0.67451)
Part14.Name = "Right Arm"
Part14.Parent = Model3
Part14.BrickColor = BrickColor.new("Cool yellow")
Part14.Rotation = Vector3.new(117.739998, -12.4399996, -150.709991)
Part14.Anchored = true
Part14.FormFactor = Enum.FormFactor.Symmetric
Part14.Size = Vector3.new(1, 2, 1)
Part14.CFrame = CFrame.new(21.0922279, 3.60140657, -84.1886444, -0.851649821, 0.477812588, -0.21537818, 0.393993914, 0.312662154, -0.864298105, -0.345631897, -0.820936978, -0.454533935)
Part14.Color = Color3.new(0.992157, 0.917647, 0.552941)
Part14.Position = Vector3.new(21.0922279, 3.60140657, -84.1886444)
Part14.Orientation = Vector3.new(59.7999992, -154.649994, 51.5699997)
Part14.Color = Color3.new(0.992157, 0.917647, 0.552941)
Part15.Name = "Right Leg"
Part15.Parent = Model3
Part15.BrickColor = BrickColor.new("Bright blue")
Part15.Rotation = Vector3.new(-171.300003, 0.789999962, -176.610001)
Part15.Anchored = true
Part15.FormFactor = Enum.FormFactor.Symmetric
Part15.Size = Vector3.new(1, 2, 1)
Part15.CFrame = CFrame.new(21.7181435, 1.21157897, -85.2000351, -0.998157263, 0.0591057204, 0.013736668, 0.0605050139, 0.986653507, 0.15117541, -0.0046180007, 0.15172793, -0.988411605)
Part15.BottomSurface = Enum.SurfaceType.Smooth
Part15.Color = Color3.new(0.0509804, 0.411765, 0.67451)
Part15.Position = Vector3.new(21.7181435, 1.21157897, -85.2000351)
Part15.Orientation = Vector3.new(-8.69999981, 179.199997, 3.50999999)
Part15.Color = Color3.new(0.0509804, 0.411765, 0.67451)
Part16.Name = "Torso"
Part16.Parent = Model3
Part16.BrickColor = BrickColor.new("Dark green")
Part16.Rotation = Vector3.new(-172.089996, 3.69999981, -156.809998)
Part16.Anchored = true
Part16.FormFactor = Enum.FormFactor.Symmetric
Part16.Size = Vector3.new(2, 2, 1)
Part16.CFrame = CFrame.new(22.7532158, 2.99520111, -84.8942871, -0.917267025, 0.392996609, 0.0646132901, 0.39824599, 0.906935751, 0.13736023, -0.00461799977, 0.151728004, -0.988411486)
Part16.LeftSurface = Enum.SurfaceType.Weld
Part16.RightSurface = Enum.SurfaceType.Weld
Part16.Color = Color3.new(0.156863, 0.498039, 0.278431)
Part16.Position = Vector3.new(22.7532158, 2.99520111, -84.8942871)
Part16.Orientation = Vector3.new(-7.89999962, 176.259995, 23.7099991)
Part16.Color = Color3.new(0.156863, 0.498039, 0.278431)
Decal17.Name = "roblox"
Decal17.Parent = Part16
Motor6D18.Name = "Neck"
Motor6D18.Parent = Part16
Motor6D18.C0 = CFrame.new(0, 1, 0, -1, 0, 0, 0, 0, 1, 0, 1, -0)
Motor6D18.C1 = CFrame.new(0, -0.5, 0, -1, 0, 0, 0, 0, 1, 0, 1, -0)
Motor6D18.Part0 = Part16
Motor6D18.Part1 = Part9
Motor6D18.MaxVelocity = 0.10000000149012
Weld19.Parent = Part16
Weld19.C0 = CFrame.new(-1.5, 0.362170458, -0.825408936, 1.00000048, 4.38346658e-30, -2.48600482e-29, 2.5243549e-29, 0.173647001, -0.984807968, 2.24207754e-44, 0.984808445, 0.173647091)
Weld19.Part0 = Part16
Weld19.Part1 = Part12
Weld20.Parent = Part16
Weld20.C0 = CFrame.new(1.76173019, 0.00409126282, -0.7215271, 0.939692914, -0.309974194, -0.144544929, -0.0298103616, 0.346784085, -0.937471271, 0.340717733, 0.885243952, 0.316630065)
Weld20.Part0 = Part16
Weld20.Part1 = Part14
Weld21.Parent = Part16
Weld21.C0 = CFrame.new(0.240528107, -2.07080078, -0.00968170166, 0.939693987, 0.338014394, 0.0521692932, -0.338098943, 0.941081107, -0.00746487081, -0.0516187549, -0.0106236488, 0.998610437)
Weld21.Part0 = Part16
Weld21.Part1 = Part15
Weld22.Parent = Part16
Weld22.C0 = CFrame.new(-0.699163437, -1.73270416, 0.0419387817, 0.939693987, 0.338014394, 0.0521692932, -0.338098943, 0.941081107, -0.00746487081, -0.0516187549, -0.0106236488, 0.998610437)
Weld22.Part0 = Part16
Weld22.Part1 = Part13
CharacterMesh23.Name = "Admin Left Arm"
CharacterMesh23.Parent = Model3
CharacterMesh23.MeshId = 130092904
CharacterMesh23.BodyPart = Enum.BodyPart.LeftArm
CharacterMesh23.OverlayTextureId = 130115267
CharacterMesh24.Name = "Admin Left Leg"
CharacterMesh24.Parent = Model3
CharacterMesh24.MeshId = 130090846
CharacterMesh24.BodyPart = Enum.BodyPart.LeftLeg
CharacterMesh24.OverlayTextureId = 130090169
CharacterMesh25.Name = "Admin Right Arm"
CharacterMesh25.Parent = Model3
CharacterMesh25.MeshId = 130092911
CharacterMesh25.BodyPart = Enum.BodyPart.RightArm
CharacterMesh25.OverlayTextureId = 130115267
Model26.Name = "Pizza Worker"
Model26.Parent = Model0
BodyColors27.Parent = Model26
BodyColors27.HeadColor = BrickColor.new("Light orange")
BodyColors27.LeftArmColor = BrickColor.new("Light orange")
BodyColors27.LeftLegColor = BrickColor.new("Medium stone grey")
BodyColors27.RightArmColor = BrickColor.new("Br. yellowish orange")
BodyColors27.RightLegColor = BrickColor.new("Medium stone grey")
BodyColors27.TorsoColor = BrickColor.new("Bright red")
ShirtGraphic28.Parent = Model26
ShirtGraphic28.Graphic = "http://www.roblox.com/asset/?id=1811898"
CharacterMesh29.Name = "Admin Torso"
CharacterMesh29.Parent = Model26
CharacterMesh29.MeshId = 130092883
CharacterMesh29.BodyPart = Enum.BodyPart.Torso
CharacterMesh29.OverlayTextureId = 130115267
CharacterMesh30.Name = "Admin Right Leg"
CharacterMesh30.Parent = Model26
CharacterMesh30.MeshId = 130090868
CharacterMesh30.BodyPart = Enum.BodyPart.RightLeg
CharacterMesh30.OverlayTextureId = 130090169
Humanoid31.Parent = Model26
Humanoid31.NameOcclusion = Enum.NameOcclusion.NoOcclusion
Humanoid31.RightLeg = Part38
Humanoid31.LeftLeg = Part36
Humanoid31.Torso = Part39
Humanoid31.Health = 0
Humanoid31.MaxHealth = 0
Part32.Name = "Head"
Part32.Parent = Model26
Part32.BrickColor = BrickColor.new("Cool yellow")
Part32.Rotation = Vector3.new(179.360001, -9.30000019, 164.519989)
Part32.Anchored = true
Part32.FormFactor = Enum.FormFactor.Symmetric
Part32.Size = Vector3.new(2, 1, 1)
Part32.CFrame = CFrame.new(-1.47406805, 4.25862408, -84.1422424, -0.951049864, -0.263375849, -0.161670372, -0.26512298, 0.964151204, -0.0110652028, 0.158788979, 0.0323389731, -0.986782789)
Part32.TopSurface = Enum.SurfaceType.Smooth
Part32.Color = Color3.new(0.992157, 0.917647, 0.552941)
Part32.Position = Vector3.new(-1.47406805, 4.25862408, -84.1422424)
Part32.Orientation = Vector3.new(0.629999995, -170.699997, -15.3800001)
Part32.Color = Color3.new(0.992157, 0.917647, 0.552941)
SpecialMesh33.Parent = Part32
SpecialMesh33.Scale = Vector3.new(1.25, 1.25, 1.25)
SpecialMesh33.Scale = Vector3.new(1.25, 1.25, 1.25)
Decal34.Name = "face"
Decal34.Parent = Part32
Decal34.Texture = "http://www.roblox.com/asset/?id=12451696"
Part35.Name = "Left Arm"
Part35.Parent = Model26
Part35.BrickColor = BrickColor.new("Cool yellow")
Part35.Rotation = Vector3.new(102.059998, 13.3699999, 167.839996)
Part35.Anchored = true
Part35.FormFactor = Enum.FormFactor.Symmetric
Part35.Size = Vector3.new(1, 2, 1)
Part35.CFrame = CFrame.new(0.385627002, 3.56840897, -83.6027298, -0.951049864, -0.204948738, 0.23130098, -0.26512298, 0.156525061, -0.951425135, 0.158788979, -0.966175914, -0.203199759)
Part35.Color = Color3.new(0.992157, 0.917647, 0.552941)
Part35.Position = Vector3.new(0.385627002, 3.56840897, -83.6027298)
Part35.Orientation = Vector3.new(72.0699997, 131.300003, -59.4399986)
Part35.Color = Color3.new(0.992157, 0.917647, 0.552941)
Part36.Name = "Left Leg"
Part36.Parent = Model26
Part36.BrickColor = BrickColor.new("Bright blue")
Part36.Rotation = Vector3.new(179.659988, -10.6399994, 179.509995)
Part36.Anchored = true
Part36.FormFactor = Enum.FormFactor.Symmetric
Part36.Size = Vector3.new(1, 2, 1)
Part36.CFrame = CFrame.new(-0.307913005, 0.882135987, -84.3098602, -0.982761025, -0.00839361735, -0.184690222, -0.00744199986, 0.999955237, -0.00584511459, 0.184731007, -0.00436988566, -0.982779503)
Part36.BottomSurface = Enum.SurfaceType.Smooth
Part36.Color = Color3.new(0.0509804, 0.411765, 0.67451)
Part36.Position = Vector3.new(-0.307913005, 0.882135987, -84.3098602)
Part36.Orientation = Vector3.new(0.329999983, -169.360001, -0.429999977)
Part36.Color = Color3.new(0.0509804, 0.411765, 0.67451)
Part37.Name = "Right Arm"
Part37.Parent = Model26
Part37.BrickColor = BrickColor.new("Cool yellow")
Part37.Rotation = Vector3.new(-17.3999996, -1.31999993, 149.429993)
Part37.Anchored = true
Part37.FormFactor = Enum.FormFactor.Symmetric
Part37.Size = Vector3.new(1, 2, 1)
Part37.CFrame = CFrame.new(-2.6417532, 3.52207184, -83.6925201, -0.860824108, -0.508381486, -0.0230249576, 0.479330063, -0.825169504, 0.298894644, -0.170952007, 0.246259153, 0.954008341)
Part37.Color = Color3.new(0.992157, 0.917647, 0.552941)
Part37.Position = Vector3.new(-2.6417532, 3.52207184, -83.6925201)
Part37.Orientation = Vector3.new(-17.3899994, -1.38, 149.849991)
Part37.Color = Color3.new(0.992157, 0.917647, 0.552941)
Part38.Name = "Right Leg"
Part38.Parent = Model26
Part38.BrickColor = BrickColor.new("Bright blue")
Part38.Rotation = Vector3.new(179.659988, -10.6399994, 179.509995)
Part38.Anchored = true
Part38.FormFactor = Enum.FormFactor.Symmetric
Part38.Size = Vector3.new(1, 2, 1)
Part38.CFrame = CFrame.new(-1.29067302, 0.874692976, -84.125145, -0.982761025, -0.00839361735, -0.184690222, -0.00744199986, 0.999955237, -0.00584511459, 0.184731007, -0.00436988566, -0.982779503)
Part38.BottomSurface = Enum.SurfaceType.Smooth
Part38.Color = Color3.new(0.0509804, 0.411765, 0.67451)
Part38.Position = Vector3.new(-1.29067302, 0.874692976, -84.125145)
Part38.Orientation = Vector3.new(0.329999983, -169.360001, -0.429999977)
Part38.Color = Color3.new(0.0509804, 0.411765, 0.67451)
Part39.Name = "Torso"
Part39.Parent = Model26
Part39.BrickColor = BrickColor.new("Dark green")
Part39.Rotation = Vector3.new(179.360001, -9.30000019, 164.519989)
Part39.Anchored = true
Part39.FormFactor = Enum.FormFactor.Symmetric
Part39.Size = Vector3.new(2, 2, 1)
Part39.CFrame = CFrame.new(-1.07900596, 2.81240201, -84.1907501, -0.951049864, -0.263375849, -0.161670372, -0.26512298, 0.964151204, -0.0110652028, 0.158788979, 0.0323389731, -0.986782789)
Part39.LeftSurface = Enum.SurfaceType.Weld
Part39.RightSurface = Enum.SurfaceType.Weld
Part39.Color = Color3.new(0.156863, 0.498039, 0.278431)
Part39.Position = Vector3.new(-1.07900596, 2.81240201, -84.1907501)
Part39.Orientation = Vector3.new(0.629999995, -170.699997, -15.3800001)
Part39.Color = Color3.new(0.156863, 0.498039, 0.278431)
Decal40.Name = "roblox"
Decal40.Parent = Part39
Motor6D41.Name = "Neck"
Motor6D41.Parent = Part39
Motor6D41.C0 = CFrame.new(0, 1, 0, -1, 0, 0, 0, 0, 1, 0, 1, -0)
Motor6D41.C1 = CFrame.new(0, -0.5, 0, -1, 0, 0, 0, 0, 1, 0, 1, -0)
Motor6D41.Part0 = Part39
Motor6D41.Part1 = Part32
Motor6D41.MaxVelocity = 0.10000000149012
Weld42.Parent = Part39
Weld42.C0 = CFrame.new(0, 1.49999571, 0, 1, 1.3038516e-08, 0, 1.3038516e-08, 1.00000012, 3.7252903e-09, 0, 3.7252903e-09, 1)
Weld42.Part0 = Part39
Weld42.Part1 = Part32
Weld43.Parent = Part39
Weld43.C0 = CFrame.new(-1.50000191, 0.362172127, -0.825401306, 1, -1.49011612e-08, 3.35276127e-08, 1.3038516e-08, 0.173647225, -0.984808087, 0, 0.984807909, 0.17364721)
Weld43.Part0 = Part39
Weld43.Part1 = Part35
Weld44.Parent = Part39
Weld44.C0 = CFrame.new(1.37721539, 1.11193132, -0.246841431, 0.664460003, 0.741370797, 0.0941400528, 0.683338583, -0.653729022, 0.325095505, 0.302558362, -0.151683405, -0.940983891)
Weld44.Part0 = Part39
Weld44.Part1 = Part37
Weld45.Parent = Part39
Weld45.C0 = CFrame.new(0.725455284, -1.81037462, -0.00907897949, 0.965960979, -0.257822245, 0.0211447328, 0.257634342, 0.966177404, 0.0112252906, -0.0233236998, -0.00539558008, 0.99971354)
Weld45.Part0 = Part39
Weld45.Part1 = Part38
Weld46.Parent = Part39
Weld46.C0 = CFrame.new(-0.240503311, -2.06800747, 0.0142288208, 0.965960979, -0.257822245, 0.0211447328, 0.257634342, 0.966177404, 0.0112252906, -0.0233236998, -0.00539558008, 0.99971354)
Weld46.Part0 = Part39
Weld46.Part1 = Part36
CharacterMesh47.Name = "Admin Left Arm"
CharacterMesh47.Parent = Model26
CharacterMesh47.MeshId = 130092904
CharacterMesh47.BodyPart = Enum.BodyPart.LeftArm
CharacterMesh47.OverlayTextureId = 130115267
CharacterMesh48.Name = "Admin Left Leg"
CharacterMesh48.Parent = Model26
CharacterMesh48.MeshId = 130090846
CharacterMesh48.BodyPart = Enum.BodyPart.LeftLeg
CharacterMesh48.OverlayTextureId = 130090169
CharacterMesh49.Name = "Admin Right Arm"
CharacterMesh49.Parent = Model26
CharacterMesh49.MeshId = 130092911
CharacterMesh49.BodyPart = Enum.BodyPart.RightArm
CharacterMesh49.OverlayTextureId = 130115267
Model50.Name = "computah"
Model50.Parent = Model0
Part51.Parent = Model50
Part51.Material = Enum.Material.Metal
Part51.BrickColor = BrickColor.new("Institutional white")
Part51.Anchored = true
Part51.Size = Vector3.new(4.75, 0.25, 3.25)
Part51.CFrame = CFrame.new(-25.125, 2.7249999, -81.875, 1, 0, 0, 0, 1, 0, 0, 0, 1)
Part51.BottomSurface = Enum.SurfaceType.Smooth
Part51.TopSurface = Enum.SurfaceType.Smooth
Part51.Color = Color3.new(1, 1, 1)
Part51.Position = Vector3.new(-25.125, 2.7249999, -81.875)
Part51.Color = Color3.new(1, 1, 1)
Decal52.Parent = Part51
Decal52.Texture = "http://www.roblox.com/asset/?id=384312889"
Decal52.Face = Enum.NormalId.Top
Part53.Parent = Model50
Part53.Material = Enum.Material.Metal
Part53.BrickColor = BrickColor.new("Pearl")
Part53.Anchored = true
Part53.Size = Vector3.new(4.75, 3, 0.25)
Part53.CFrame = CFrame.new(-25.125, 4.3499999, -80.125, 1, 0, 0, 0, 1, 0, 0, 0, 1)
Part53.BottomSurface = Enum.SurfaceType.Smooth
Part53.TopSurface = Enum.SurfaceType.Smooth
Part53.Color = Color3.new(0.905882, 0.905882, 0.92549)
Part53.Position = Vector3.new(-25.125, 4.3499999, -80.125)
Part53.Color = Color3.new(0.905882, 0.905882, 0.92549)
Part54.Parent = Model50
Part54.Material = Enum.Material.Neon
Part54.BrickColor = BrickColor.new("Institutional white")
Part54.Anchored = true
Part54.Size = Vector3.new(4.25, 2.5, 0.25)
Part54.CFrame = CFrame.new(-25.125, 4.3499999, -80.1299973, 1, 0, 0, 0, 1, 0, 0, 0, 1)
Part54.BottomSurface = Enum.SurfaceType.Smooth
Part54.TopSurface = Enum.SurfaceType.Smooth
Part54.Color = Color3.new(1, 1, 1)
Part54.Position = Vector3.new(-25.125, 4.3499999, -80.1299973)
Part54.Color = Color3.new(1, 1, 1)
Decal55.Parent = Part54
Decal55.Texture = "http://www.roblox.com/asset/?id=1189089734"
Model56.Name = "Pizza Worker"
Model56.Parent = Model0
BodyColors57.Parent = Model56
BodyColors57.HeadColor = BrickColor.new("Light orange")
BodyColors57.LeftArmColor = BrickColor.new("Light orange")
BodyColors57.LeftLegColor = BrickColor.new("Medium stone grey")
BodyColors57.RightArmColor = BrickColor.new("Br. yellowish orange")
BodyColors57.RightLegColor = BrickColor.new("Medium stone grey")
BodyColors57.TorsoColor = BrickColor.new("Bright red")
ShirtGraphic58.Parent = Model56
ShirtGraphic58.Graphic = "http://www.roblox.com/asset/?id=1811898"
CharacterMesh59.Name = "Admin Torso"
CharacterMesh59.Parent = Model56
CharacterMesh59.MeshId = 130092883
CharacterMesh59.BodyPart = Enum.BodyPart.Torso
CharacterMesh59.OverlayTextureId = 130115267
CharacterMesh60.Name = "Admin Right Leg"
CharacterMesh60.Parent = Model56
CharacterMesh60.MeshId = 130090868
CharacterMesh60.BodyPart = Enum.BodyPart.RightLeg
CharacterMesh60.OverlayTextureId = 130090169
Humanoid61.Parent = Model56
Humanoid61.NameOcclusion = Enum.NameOcclusion.NoOcclusion
Humanoid61.RightLeg = Part68
Humanoid61.LeftLeg = Part66
Humanoid61.Torso = Part69
Humanoid61.Health = 0
Humanoid61.MaxHealth = 0
Part62.Name = "Head"
Part62.Parent = Model56
Part62.BrickColor = BrickColor.new("Cool yellow")
Part62.Rotation = Vector3.new(180, 0, 180)
Part62.Anchored = true
Part62.FormFactor = Enum.FormFactor.Symmetric
Part62.Size = Vector3.new(2, 1, 1)
Part62.CFrame = CFrame.new(-12.75, 4.34999371, -84.5, -1.00000048, -2.5243549e-29, -2.24207754e-44, 2.5243549e-29, 1, -5.04870979e-29, -2.24207754e-44, 5.04870979e-29, -1.00000048)
Part62.TopSurface = Enum.SurfaceType.Smooth
Part62.Color = Color3.new(0.992157, 0.917647, 0.552941)
Part62.Position = Vector3.new(-12.75, 4.34999371, -84.5)
Part62.Orientation = Vector3.new(0, -180, 0)
Part62.Color = Color3.new(0.992157, 0.917647, 0.552941)
SpecialMesh63.Parent = Part62
SpecialMesh63.Scale = Vector3.new(1.25, 1.25, 1.25)
SpecialMesh63.Scale = Vector3.new(1.25, 1.25, 1.25)
Decal64.Name = "face"
Decal64.Parent = Part62
Decal64.Texture = "http://www.roblox.com/asset/?id=12451696"
Part65.Name = "Left Arm"
Part65.Parent = Model56
Part65.BrickColor = BrickColor.new("Cool yellow")
Part65.Rotation = Vector3.new(100, 0, -180)
Part65.Anchored = true
Part65.FormFactor = Enum.FormFactor.Symmetric
Part65.Size = Vector3.new(1, 2, 1)
Part65.CFrame = CFrame.new(-11.25, 3.21217084, -83.6745911, -1, 0, 0, 0, 0.173647001, -0.984807968, 0, -0.984807968, -0.173647001)
Part65.Color = Color3.new(0.992157, 0.917647, 0.552941)
Part65.Position = Vector3.new(-11.25, 3.21217084, -83.6745911)
Part65.Orientation = Vector3.new(80, 180, 0)
Part65.Color = Color3.new(0.992157, 0.917647, 0.552941)
Part66.Name = "Left Leg"
Part66.Parent = Model56
Part66.BrickColor = BrickColor.new("Bright blue")
Part66.Rotation = Vector3.new(180, 0, 180)
Part66.Anchored = true
Part66.FormFactor = Enum.FormFactor.Symmetric
Part66.Size = Vector3.new(1, 2, 1)
Part66.CFrame = CFrame.new(-12.25, 0.849998951, -84.5, -1.00000048, -2.5243549e-29, -2.24207754e-44, 2.5243549e-29, 1, -5.04870979e-29, -2.24207754e-44, 5.04870979e-29, -1.00000048)
Part66.BottomSurface = Enum.SurfaceType.Smooth
Part66.Color = Color3.new(0.0509804, 0.411765, 0.67451)
Part66.Position = Vector3.new(-12.25, 0.849998951, -84.5)
Part66.Orientation = Vector3.new(0, -180, 0)
Part66.Color = Color3.new(0.0509804, 0.411765, 0.67451)
Part67.Name = "Right Arm"
Part67.Parent = Model56
Part67.BrickColor = BrickColor.new("Cool yellow")
Part67.Rotation = Vector3.new(85, 0, -160)
Part67.Anchored = true
Part67.FormFactor = Enum.FormFactor.Symmetric
Part67.Size = Vector3.new(1, 2, 1)
Part67.CFrame = CFrame.new(-14.5065155, 3.40952301, -83.8414917, -0.939692855, 0.342019409, -1.03098625e-06, -0.029807996, -0.081900008, -0.99619478, -0.340717971, -0.936117053, 0.0871557742)
Part67.Color = Color3.new(0.992157, 0.917647, 0.552941)
Part67.Position = Vector3.new(-14.5065155, 3.40952301, -83.8414917)
Part67.Orientation = Vector3.new(85, 0, -160)
Part67.Color = Color3.new(0.992157, 0.917647, 0.552941)
Part68.Name = "Right Leg"
Part68.Parent = Model56
Part68.BrickColor = BrickColor.new("Bright blue")
Part68.Rotation = Vector3.new(-180, 0, -180)
Part68.Anchored = true
Part68.FormFactor = Enum.FormFactor.Symmetric
Part68.Size = Vector3.new(1, 2, 1)
Part68.CFrame = CFrame.new(-13.25, 0.849999011, -84.5, -1, 0, 0, 0, 1, 0, 0, 0, -1)
Part68.BottomSurface = Enum.SurfaceType.Smooth
Part68.Color = Color3.new(0.0509804, 0.411765, 0.67451)
Part68.Position = Vector3.new(-13.25, 0.849999011, -84.5)
Part68.Orientation = Vector3.new(0, 180, 0)
Part68.Color = Color3.new(0.0509804, 0.411765, 0.67451)
Part69.Name = "Torso"
Part69.Parent = Model56
Part69.BrickColor = BrickColor.new("Dark green")
Part69.Rotation = Vector3.new(180, 0, 180)
Part69.Anchored = true
Part69.FormFactor = Enum.FormFactor.Symmetric
Part69.Size = Vector3.new(2, 2, 1)
Part69.CFrame = CFrame.new(-12.75, 2.85000038, -84.5, -1.00000048, -2.5243549e-29, -2.24207754e-44, 2.5243549e-29, 1, -5.04870979e-29, -2.24207754e-44, 5.04870979e-29, -1.00000048)
Part69.LeftSurface = Enum.SurfaceType.Weld
Part69.RightSurface = Enum.SurfaceType.Weld
Part69.Color = Color3.new(0.156863, 0.498039, 0.278431)
Part69.Position = Vector3.new(-12.75, 2.85000038, -84.5)
Part69.Orientation = Vector3.new(0, -180, 0)
Part69.Color = Color3.new(0.156863, 0.498039, 0.278431)
Decal70.Name = "roblox"
Decal70.Parent = Part69
Motor6D71.Name = "Left Hip"
Motor6D71.Parent = Part69
Motor6D71.C0 = CFrame.new(-1, -1, 0, 0, 0, -1, 0, 1, 0, 1, 0, 0)
Motor6D71.C1 = CFrame.new(-0.5, 1, 0, 0, 0, -1, 0, 1, 0, 1, 0, 0)
Motor6D71.Part0 = Part69
Motor6D71.Part1 = Part66
Motor6D71.DesiredAngle = 0.037873461842537
Motor6D71.MaxVelocity = 0.10000000149012
Motor6D72.Name = "Neck"
Motor6D72.Parent = Part69
Motor6D72.C0 = CFrame.new(0, 1, 0, -1, 0, 0, 0, 0, 1, 0, 1, -0)
Motor6D72.C1 = CFrame.new(0, -0.5, 0, -1, 0, 0, 0, 0, 1, 0, 1, -0)
Motor6D72.Part0 = Part69
Motor6D72.Part1 = Part62
Motor6D72.MaxVelocity = 0.10000000149012
Weld73.Parent = Part69
Weld73.C0 = CFrame.new(1.75651646, 0.559522629, -0.658508301, 0.939693332, -0.342019558, 1.03098671e-06, -0.029807996, -0.081900008, -0.99619478, 0.34071812, 0.93611747, -0.0871558189)
Weld73.Part0 = Part69
Weld73.Part1 = Part67
Weld74.Parent = Part69
Weld74.C0 = CFrame.new(-1.5, 0.362170458, -0.825408936, 1.00000048, 4.38346658e-30, -2.48600482e-29, 2.5243549e-29, 0.173647001, -0.984807968, 2.24207754e-44, 0.984808445, 0.173647091)
Weld74.Part0 = Part69
Weld74.Part1 = Part65
CharacterMesh75.Name = "Admin Left Arm"
CharacterMesh75.Parent = Model56
CharacterMesh75.MeshId = 130092904
CharacterMesh75.BodyPart = Enum.BodyPart.LeftArm
CharacterMesh75.OverlayTextureId = 130115267
CharacterMesh76.Name = "Admin Left Leg"
CharacterMesh76.Parent = Model56
CharacterMesh76.MeshId = 130090846
CharacterMesh76.BodyPart = Enum.BodyPart.LeftLeg
CharacterMesh76.OverlayTextureId = 130090169
CharacterMesh77.Name = "Admin Right Arm"
CharacterMesh77.Parent = Model56
CharacterMesh77.MeshId = 130092911
CharacterMesh77.BodyPart = Enum.BodyPart.RightArm
CharacterMesh77.OverlayTextureId = 130115267
Model78.Name = "Pizza Worker"
Model78.Parent = Model0
BodyColors79.Parent = Model78
BodyColors79.HeadColor = BrickColor.new("Light orange")
BodyColors79.LeftArmColor = BrickColor.new("Light orange")
BodyColors79.LeftLegColor = BrickColor.new("Medium stone grey")
BodyColors79.RightArmColor = BrickColor.new("Br. yellowish orange")
BodyColors79.RightLegColor = BrickColor.new("Medium stone grey")
BodyColors79.TorsoColor = BrickColor.new("Bright red")
ShirtGraphic80.Parent = Model78
ShirtGraphic80.Graphic = "http://www.roblox.com/asset/?id=1811898"
CharacterMesh81.Name = "Admin Torso"
CharacterMesh81.Parent = Model78
CharacterMesh81.MeshId = 130092883
CharacterMesh81.BodyPart = Enum.BodyPart.Torso
CharacterMesh81.OverlayTextureId = 130115267
CharacterMesh82.Name = "Admin Right Leg"
CharacterMesh82.Parent = Model78
CharacterMesh82.MeshId = 130090868
CharacterMesh82.BodyPart = Enum.BodyPart.RightLeg
CharacterMesh82.OverlayTextureId = 130090169
Humanoid83.Parent = Model78
Humanoid83.NameOcclusion = Enum.NameOcclusion.NoOcclusion
Humanoid83.RightLeg = Part90
Humanoid83.LeftLeg = Part88
Humanoid83.Torso = Part91
Humanoid83.Health = 0
Humanoid83.MaxHealth = 0
Part84.Name = "Head"
Part84.Parent = Model78
Part84.BrickColor = BrickColor.new("Cool yellow")
Part84.Rotation = Vector3.new(-180, 75, -180)
Part84.Anchored = true
Part84.FormFactor = Enum.FormFactor.Symmetric
Part84.Size = Vector3.new(2, 1, 1)
Part84.CFrame = CFrame.new(10.1895475, 4.33566523, -84.6634979, -0.25881803, 0, 0.965926111, 0, 1, 0, -0.965926111, 0, -0.25881803)
Part84.TopSurface = Enum.SurfaceType.Smooth
Part84.Color = Color3.new(0.992157, 0.917647, 0.552941)
Part84.Position = Vector3.new(10.1895475, 4.33566523, -84.6634979)
Part84.Orientation = Vector3.new(0, 105, 0)
Part84.Color = Color3.new(0.992157, 0.917647, 0.552941)
SpecialMesh85.Parent = Part84
SpecialMesh85.Scale = Vector3.new(1.25, 1.25, 1.25)
SpecialMesh85.Scale = Vector3.new(1.25, 1.25, 1.25)
Decal86.Name = "face"
Decal86.Parent = Part84
Decal86.Texture = "http://www.roblox.com/asset/?id=12451696"
Part87.Name = "Left Arm"
Part87.Parent = Model78
Part87.BrickColor = BrickColor.new("Cool yellow")
Part87.Rotation = Vector3.new(100, 0, -180)
Part87.Anchored = true
Part87.FormFactor = Enum.FormFactor.Symmetric
Part87.Size = Vector3.new(1, 2, 1)
Part87.CFrame = CFrame.new(11.6895475, 3.19784307, -83.838089, -1, 0, 0, 0, 0.173647001, -0.984807968, 0, -0.984807968, -0.173647001)
Part87.Color = Color3.new(0.992157, 0.917647, 0.552941)
