local runDummyScript = function(f,scri)
local oldenv = getfenv(f)
local newenv = setmetatable({}, {
__index = function(_, k)
if k:lower() == 'script' then
return scri
else
return oldenv[k]
end
end
})
setfenv(f, newenv)
ypcall(function() f() end)
end
local Instancea = {} 
Instancea._index = Instancea 
function Instancea.new(name) 
if name == "Part" then 
local e = Instance.new("SpawnLocation") 
e.Enabled =  false
 return e 
elseif name == "Decal" then 
local e = Instance.new("Texture") 
e.StudsPerTileU = 1000 
e.StudsPerTileV = 1000 
return e 
else 
local a = Instance.new(name) return a 
end
end 
local Instance = Instancea
cors = {}
mas = Instance.new("Model",game:GetService("Lighting")) 
mas.Name = "CompiledModel"
o1 = Instance.new("Model")
o2 = Instance.new("Part")
o3 = Instance.new("Model")
o4 = Instance.new("Part")
o5 = Instance.new("Model")
o6 = Instance.new("Part")
o7 = Instance.new("Part")
o8 = Instance.new("ClickDetector")
o9 = Instance.new("Script")
o10 = Instance.new("Model")
o11 = Instance.new("Model")
o12 = Instance.new("Model")
o13 = Instance.new("WedgePart")
o14 = Instance.new("WedgePart")
o15 = Instance.new("Part")
o16 = Instance.new("Part")
o17 = Instance.new("WedgePart")
o18 = Instance.new("WedgePart")
o19 = Instance.new("WedgePart")
o20 = Instance.new("Part")
o21 = Instance.new("WedgePart")
o22 = Instance.new("WedgePart")
o23 = Instance.new("WedgePart")
o24 = Instance.new("TrussPart")
o25 = Instance.new("WedgePart")
o26 = Instance.new("WedgePart")
o27 = Instance.new("WedgePart")
o28 = Instance.new("WedgePart")
o29 = Instance.new("Part")
o30 = Instance.new("Decal")
o31 = Instance.new("Part")
o32 = Instance.new("WedgePart")
o33 = Instance.new("Part")
o34 = Instance.new("WedgePart")
o35 = Instance.new("WedgePart")
o36 = Instance.new("Part")
o37 = Instance.new("Part")
o38 = Instance.new("Part")
o39 = Instance.new("WedgePart")
o40 = Instance.new("Part")
o41 = Instance.new("WedgePart")
o42 = Instance.new("WedgePart")
o43 = Instance.new("WedgePart")
o44 = Instance.new("WedgePart")
o45 = Instance.new("WedgePart")
o46 = Instance.new("WedgePart")
o47 = Instance.new("WedgePart")
o48 = Instance.new("WedgePart")
o49 = Instance.new("WedgePart")
o50 = Instance.new("WedgePart")
o51 = Instance.new("Part")
o52 = Instance.new("BlockMesh")
o53 = Instance.new("Part")
o54 = Instance.new("BlockMesh")
o55 = Instance.new("Part")
o56 = Instance.new("BlockMesh")
o57 = Instance.new("Model")
o58 = Instance.new("TrussPart")
o59 = Instance.new("TrussPart")
o60 = Instance.new("TrussPart")
o61 = Instance.new("TrussPart")
o62 = Instance.new("TrussPart")
o63 = Instance.new("TrussPart")
o64 = Instance.new("TrussPart")
o65 = Instance.new("TrussPart")
o66 = Instance.new("TrussPart")
o67 = Instance.new("TrussPart")
o68 = Instance.new("TrussPart")
o69 = Instance.new("TrussPart")
o70 = Instance.new("Part")
o71 = Instance.new("Model")
o72 = Instance.new("Part")
o73 = Instance.new("WedgePart")
o74 = Instance.new("WedgePart")
o75 = Instance.new("WedgePart")
o76 = Instance.new("WedgePart")
o77 = Instance.new("Part")
o78 = Instance.new("SpecialMesh")
o79 = Instance.new("WedgePart")
o80 = Instance.new("Part")
o81 = Instance.new("CylinderMesh")
o82 = Instance.new("Decal")
o83 = Instance.new("Seat")
o84 = Instance.new("Seat")
o85 = Instance.new("Part")
o86 = Instance.new("Part")
o87 = Instance.new("Part")
o88 = Instance.new("Part")
o89 = Instance.new("Part")
o90 = Instance.new("SpecialMesh")
o91 = Instance.new("WedgePart")
o92 = Instance.new("WedgePart")
o93 = Instance.new("Part")
o94 = Instance.new("Model")
o95 = Instance.new("Part")
o96 = Instance.new("ClickDetector")
o97 = Instance.new("Humanoid")
o98 = Instance.new("Part")
o99 = Instance.new("WedgePart")
o100 = Instance.new("WedgePart")
o101 = Instance.new("Part")
o102 = Instance.new("Part")
o103 = Instance.new("WedgePart")
o104 = Instance.new("Part")
o105 = Instance.new("WedgePart")
o106 = Instance.new("Part")
o107 = Instance.new("Part")
o108 = Instance.new("WedgePart")
o109 = Instance.new("WedgePart")
o110 = Instance.new("Part")
o111 = Instance.new("CylinderMesh")
o112 = Instance.new("WedgePart")
o113 = Instance.new("Decal")
o114 = Instance.new("Model")
o115 = Instance.new("Part")
o116 = Instance.new("ClickDetector")
o117 = Instance.new("Script")
o118 = Instance.new("Decal")
o119 = Instance.new("Part")
o120 = Instance.new("Part")
o121 = Instance.new("WedgePart")
o122 = Instance.new("Decal")
o123 = Instance.new("Decal")
o124 = Instance.new("WedgePart")
o125 = Instance.new("WedgePart")
o126 = Instance.new("Model")
o127 = Instance.new("Part")
o128 = Instance.new("ClickDetector")
o129 = Instance.new("Script")
o130 = Instance.new("Decal")
o131 = Instance.new("Part")
o132 = Instance.new("Part")
o133 = Instance.new("Part")
o134 = Instance.new("Part")
o135 = Instance.new("WedgePart")
o136 = Instance.new("WedgePart")
o137 = Instance.new("Part")
o138 = Instance.new("WedgePart")
o139 = Instance.new("Part")
o140 = Instance.new("Model")
o141 = Instance.new("Part")
o142 = Instance.new("ClickDetector")
o143 = Instance.new("Script")
o144 = Instance.new("Decal")
o145 = Instance.new("Part")
o146 = Instance.new("Part")
o147 = Instance.new("Part")
o148 = Instance.new("CylinderMesh")
o149 = Instance.new("Part")
o150 = Instance.new("CylinderMesh")
o151 = Instance.new("WedgePart")
o152 = Instance.new("Part")
o153 = Instance.new("Part")
o154 = Instance.new("WedgePart")
o155 = Instance.new("WedgePart")
o156 = Instance.new("Part")
o157 = Instance.new("WedgePart")
o158 = Instance.new("WedgePart")
o159 = Instance.new("WedgePart")
o160 = Instance.new("WedgePart")
o161 = Instance.new("Part")
o162 = Instance.new("CylinderMesh")
o163 = Instance.new("WedgePart")
o164 = Instance.new("Part")
o165 = Instance.new("Part")
o166 = Instance.new("WedgePart")
o167 = Instance.new("Part")
o168 = Instance.new("Part")
o169 = Instance.new("Part")
o170 = Instance.new("SpecialMesh")
o171 = Instance.new("WedgePart")
o172 = Instance.new("Part")
o173 = Instance.new("CylinderMesh")
o174 = Instance.new("WedgePart")
o175 = Instance.new("Part")
o176 = Instance.new("SpecialMesh")
o177 = Instance.new("Part")
o178 = Instance.new("WedgePart")
o179 = Instance.new("Part")
o180 = Instance.new("WedgePart")
o181 = Instance.new("WedgePart")
o182 = Instance.new("Part")
o183 = Instance.new("CylinderMesh")
o184 = Instance.new("Part")
o185 = Instance.new("CylinderMesh")
o186 = Instance.new("WedgePart")
o187 = Instance.new("Decal")
o188 = Instance.new("WedgePart")
o189 = Instance.new("WedgePart")
o190 = Instance.new("Part")
o191 = Instance.new("CylinderMesh")
o192 = Instance.new("Part")
o193 = Instance.new("BodyVelocity")
o194 = Instance.new("BodyGyro")
o195 = Instance.new("Script")
o196 = Instance.new("Model")
o197 = Instance.new("TrussPart")
o198 = Instance.new("TrussPart")
o199 = Instance.new("TrussPart")
o200 = Instance.new("TrussPart")
o201 = Instance.new("TrussPart")
o202 = Instance.new("TrussPart")
o203 = Instance.new("TrussPart")
o204 = Instance.new("TrussPart")
o205 = Instance.new("TrussPart")
o206 = Instance.new("TrussPart")
o207 = Instance.new("TrussPart")
o208 = Instance.new("TrussPart")
o209 = Instance.new("Part")
o210 = Instance.new("Model")
o211 = Instance.new("WedgePart")
o212 = Instance.new("WedgePart")
o213 = Instance.new("WedgePart")
o214 = Instance.new("WedgePart")
o215 = Instance.new("WedgePart")
o216 = Instance.new("WedgePart")
o217 = Instance.new("Part")
o218 = Instance.new("WedgePart")
o219 = Instance.new("Part")
o220 = Instance.new("Part")
o221 = Instance.new("WedgePart")
o222 = Instance.new("Part")
o223 = Instance.new("SpecialMesh")
o224 = Instance.new("Fire")
o225 = Instance.new("WedgePart")
o226 = Instance.new("Part")
o227 = Instance.new("SpecialMesh")
o228 = Instance.new("Fire")
o229 = Instance.new("WedgePart")
o230 = Instance.new("WedgePart")
o231 = Instance.new("Part")
o232 = Instance.new("WedgePart")
o233 = Instance.new("WedgePart")
o234 = Instance.new("Part")
o235 = Instance.new("SpecialMesh")
o236 = Instance.new("Fire")
o237 = Instance.new("WedgePart")
o238 = Instance.new("WedgePart")
o239 = Instance.new("Part")
o240 = Instance.new("WedgePart")
o241 = Instance.new("Part")
o242 = Instance.new("Part")
o243 = Instance.new("SpecialMesh")
o244 = Instance.new("Fire")
o245 = Instance.new("Model")
o246 = Instance.new("WedgePart")
o247 = Instance.new("Part")
o248 = Instance.new("SpecialMesh")
o249 = Instance.new("Fire")
o250 = Instance.new("Part")
o251 = Instance.new("SpecialMesh")
o252 = Instance.new("Fire")
o253 = Instance.new("Part")
o254 = Instance.new("Part")
o255 = Instance.new("SpecialMesh")
o256 = Instance.new("Fire")
o257 = Instance.new("WedgePart")
o258 = Instance.new("Part")
o259 = Instance.new("SpecialMesh")
o260 = Instance.new("Fire")
o261 = Instance.new("Part")
o262 = Instance.new("SpecialMesh")
o263 = Instance.new("Fire")
o264 = Instance.new("Part")
o265 = Instance.new("SpecialMesh")
o266 = Instance.new("Fire")
o267 = Instance.new("Part")
o268 = Instance.new("Part")
o269 = Instance.new("SpecialMesh")
o270 = Instance.new("Fire")
o271 = Instance.new("WedgePart")
o272 = Instance.new("WedgePart")
o273 = Instance.new("WedgePart")
o274 = Instance.new("Part")
o275 = Instance.new("WedgePart")
o276 = Instance.new("WedgePart")
o277 = Instance.new("Part")
o278 = Instance.new("SpecialMesh")
o279 = Instance.new("Fire")
o280 = Instance.new("WedgePart")
o281 = Instance.new("WedgePart")
o282 = Instance.new("WedgePart")
o283 = Instance.new("Part")
o284 = Instance.new("WedgePart")
o285 = Instance.new("WedgePart")
o286 = Instance.new("Part")
o287 = Instance.new("Part")
o288 = Instance.new("SpecialMesh")
o289 = Instance.new("Fire")
o290 = Instance.new("Part")
o291 = Instance.new("BlockMesh")
o292 = Instance.new("Part")
o293 = Instance.new("WedgePart")
o294 = Instance.new("Part")
o295 = Instance.new("SpecialMesh")
o296 = Instance.new("Fire")
o297 = Instance.new("WedgePart")
o298 = Instance.new("WedgePart")
o299 = Instance.new("Part")
o300 = Instance.new("SpecialMesh")
o301 = Instance.new("Fire")
o302 = Instance.new("Part")
o303 = Instance.new("SpecialMesh")
o304 = Instance.new("Fire")
o305 = Instance.new("WedgePart")
o306 = Instance.new("Part")
o307 = Instance.new("BlockMesh")
o308 = Instance.new("WedgePart")
o309 = Instance.new("WedgePart")
o310 = Instance.new("WedgePart")
o311 = Instance.new("WedgePart")
o312 = Instance.new("WedgePart")
o313 = Instance.new("WedgePart")
o314 = Instance.new("WedgePart")
o315 = Instance.new("WedgePart")
o316 = Instance.new("Part")
o317 = Instance.new("BlockMesh")
o318 = Instance.new("Part")
o319 = Instance.new("BlockMesh")
o320 = Instance.new("Model")
o321 = Instance.new("Part")
o322 = Instance.new("WedgePart")
o323 = Instance.new("Part")
o324 = Instance.new("Part")
o325 = Instance.new("Part")
o326 = Instance.new("Part")
o327 = Instance.new("Part")
o328 = Instance.new("WedgePart")
o329 = Instance.new("Part")
o330 = Instance.new("Part")
o331 = Instance.new("TrussPart")
o332 = Instance.new("Part")
o333 = Instance.new("Part")
o334 = Instance.new("Part")
o335 = Instance.new("Part")
o336 = Instance.new("WedgePart")
o337 = Instance.new("Part")
o338 = Instance.new("Part")
o339 = Instance.new("Part")
o340 = Instance.new("Part")
o341 = Instance.new("TrussPart")
o342 = Instance.new("WedgePart")
o343 = Instance.new("Part")
o344 = Instance.new("Part")
o345 = Instance.new("Part")
o346 = Instance.new("Part")
o347 = Instance.new("Part")
o348 = Instance.new("Part")
o349 = Instance.new("Part")
o350 = Instance.new("Part")
o351 = Instance.new("WedgePart")
o352 = Instance.new("TrussPart")
o353 = Instance.new("Part")
o354 = Instance.new("Part")
o355 = Instance.new("Part")
o356 = Instance.new("SpawnLocation")
o1.Parent = mas
o2.Parent = o1
o2.BrickColor = BrickColor.new("Dark stone grey")
o2.Position = Vector3.new(-52.4995422, 104.901505, 128.499878)
o2.Anchored = true
o2.FormFactor = Enum.FormFactor.Symmetric
o2.Size = Vector3.new(70, 1, 11)
o2.CFrame = CFrame.new(-52.4995422, 104.901505, 128.499878, 1, 0, -1.77670678e-08, 0, 0.99999994, -2.98023224e-08, 1.7767066e-08, 2.98023224e-08, 0.99999994)
o2.BottomSurface = Enum.SurfaceType.Smooth
o2.TopSurface = Enum.SurfaceType.Smooth
o2.Color = Color3.new(0.388235, 0.372549, 0.384314)
o2.Position = Vector3.new(-52.4995422, 104.901505, 128.499878)
o3.Parent = o1
o4.Name = "Smooth Block Model"
o4.Parent = o3
o4.Position = Vector3.new(-25.5, 108.999947, 133)
o4.Rotation = Vector3.new(0, 90, 0)
o4.Size = Vector3.new(2, 7.20000029, 15)
o4.CFrame = CFrame.new(-25.5, 108.999947, 133, 0, 0, 1, 0, 1, 0, -1, 0, 0)
o4.Position = Vector3.new(-25.5, 108.999947, 133)
o5.Parent = o3
o6.Name = "Fuse"
o6.Parent = o5
o6.BrickColor = BrickColor.new("Dark stone grey")
o6.Position = Vector3.new(-25, 109.498878, 131.199997)
o6.Rotation = Vector3.new(-90, -90, 0)
o6.Anchored = true
o6.FormFactor = Enum.FormFactor.Plate
o6.Size = Vector3.new(5, 0.400000006, 6)
o6.CFrame = CFrame.new(-25, 109.498878, 131.199997, 0, 0, -1, 1, 0, 0, 0, -1, 0)
o6.TopSurface = Enum.SurfaceType.Weld
o6.Color = Color3.new(0.388235, 0.372549, 0.384314)
o6.Position = Vector3.new(-25, 109.498878, 131.199997)
o7.Name = "Regen button"
o7.Parent = o5
o7.BrickColor = BrickColor.new("Bright red")
o7.Position = Vector3.new(-25, 109.499947, 130.5)
o7.Rotation = Vector3.new(180, 90, 0)
o7.Anchored = true
o7.FormFactor = Enum.FormFactor.Symmetric
o7.Size = Vector3.new(1, 3, 4)
o7.CFrame = CFrame.new(-25, 109.499947, 130.5, 0, -0, 1, 0, -1, 0, 1, -0, 0)
o7.BackSurface = Enum.SurfaceType.Weld
o7.BottomSurface = Enum.SurfaceType.Weld
o7.FrontSurface = Enum.SurfaceType.Weld
o7.LeftSurface = Enum.SurfaceType.Weld
o7.RightSurface = Enum.SurfaceType.Weld
o7.TopSurface = Enum.SurfaceType.Weld
o7.Color = Color3.new(0.768628, 0.156863, 0.109804)
o7.Position = Vector3.new(-25, 109.499947, 130.5)
o8.Parent = o7
o9.Name = "Easy Regen Script"
o9.Parent = o7
table.insert(cors,coroutine.create(function()
task.wait()
runDummyScript(function()
local box = script.Parent


local debounce = false

-- DO NOT GROUP THIS WITH YOUR MODEL!

local everything = {model}
local names = {model}

local children = workspace:GetDescendants()
for i=1,#children do
	if (children[i].Name == "Rocket") then
		table.insert(everything, children[i]:Clone())
		table.insert(names, children[i].Name)
	end
end


function regen()
	for i=1,#everything do
		workspace:FindFirstChild(names[i], true):Destroy() 
		new_thing = everything[i]:Clone()
		new_thing.Parent = script
		new_thing:MakeJoints()
	end
end

function onClicked()		
		script.Parent.BrickColor = BrickColor.new(26)


		task.wait(5)

		script.Parent.BrickColor = BrickColor.new(104)


		debounce = false
end

 script.Parent.ClickDetector.MouseClick:Connect(onClicked)
end,o9)
end))
o10.Name = "Rocket"
o10.Parent = o1
o11.Name = "Rocket"
o11.Parent = o10
o12.Name = "s3"
o12.Parent = o11
o13.Name = "b1"
o13.Parent = o12
o13.BrickColor = BrickColor.new("Light stone grey")
o13.Position = Vector3.new(-99.507637, 118.71209, 132.52092)
o13.Rotation = Vector3.new(178.5, -89.7300034, 88.4700012)
o13.RotVelocity = Vector3.new(7.89815385e-06, 2.20076367e-06, -0.000117354059)
o13.Velocity = Vector3.new(0.0111895129, 0.0134801492, 0.00260371855)
o13.CanCollide = false
o13.FormFactor = Enum.FormFactor.Symmetric
o13.Size = Vector3.new(12, 3, 3)
o13.CFrame = CFrame.new(-99.507637, 118.71209, 132.52092, 8.20784553e-05, -0.0030795855, -0.999989212, -0.999997437, -0.000468416372, -8.06362368e-05, -0.000461486721, 0.999994159, -0.00307996478)
o13.BackSurface = Enum.SurfaceType.Weld
o13.BottomSurface = Enum.SurfaceType.Weld
o13.Color = Color3.new(0.898039, 0.894118, 0.87451)
o13.Position = Vector3.new(-99.507637, 118.71209, 132.52092)
o14.Name = "b1"
o14.Parent = o12
o14.BrickColor = BrickColor.new("Light stone grey")
o14.Position = Vector3.new(-105.510292, 118.725449, 132.521484)
o14.Rotation = Vector3.new(-1.32000005, 89.7200012, 91.3499985)
o14.RotVelocity = Vector3.new(7.89815385e-06, 2.20076367e-06, -0.000117354059)
o14.Velocity = Vector3.new(0.0111910831, 0.0141845802, 0.0026170346)
o14.CanCollide = false
o14.FormFactor = Enum.FormFactor.Symmetric
o14.Size = Vector3.new(12, 3, 3)
o14.CFrame = CFrame.new(-105.510292, 118.725449, 132.521484, -8.10598503e-05, -0.00344197685, 0.999987841, 0.999997139, -0.000486585399, 7.93857107e-05, 0.000479630515, 0.99999243, 0.00344201643)
o14.BackSurface = Enum.SurfaceType.Weld
o14.BottomSurface = Enum.SurfaceType.Weld
o14.Color = Color3.new(0.898039, 0.894118, 0.87451)
o14.Position = Vector3.new(-105.510292, 118.725449, 132.521484)
o15.Parent = o12
o15.BrickColor = BrickColor.new("Light stone grey")
o15.Position = Vector3.new(-102.516907, 118.720924, 129.497604)
o15.Rotation = Vector3.new(0, -0.25999999, 0.00999999978)
o15.RotVelocity = Vector3.new(7.89815385e-06, 2.20076367e-06, -0.000117354059)
o15.Velocity = Vector3.new(0.011183897, 0.0138571775, 0.00261041103)
o15.CanCollide = false
o15.FormFactor = Enum.FormFactor.Symmetric
o15.Size = Vector3.new(3, 12, 9)
o15.CFrame = CFrame.new(-102.516907, 118.720924, 129.497604, 0.999983788, -0.000100167163, -0.00445607398, 0.000100027275, 0.999997199, -3.16806036e-05, 0.00445608189, 2.45552801e-05, 0.999988496)
o15.BackSurface = Enum.SurfaceType.Weld
o15.BottomSurface = Enum.SurfaceType.Smooth
o15.FrontSurface = Enum.SurfaceType.Weld
o15.LeftSurface = Enum.SurfaceType.Weld
o15.RightSurface = Enum.SurfaceType.Weld
o15.TopSurface = Enum.SurfaceType.Weld
o15.Color = Color3.new(0.898039, 0.894118, 0.87451)
o15.Position = Vector3.new(-102.516907, 118.720924, 129.497604)
o16.Name = "b1"
o16.Parent = o12
o16.BrickColor = BrickColor.new("Light stone grey")
o16.Position = Vector3.new(-99.4990005, 118.729469, 129.509872)
o16.Rotation = Vector3.new(-2.20000005, 89.7799988, 2.23000002)
o16.RotVelocity = Vector3.new(7.89815385e-06, 2.20076367e-06, -0.000117354059)
o16.Velocity = Vector3.new(0.0111849261, 0.0135029173, 0.00260383682)
o16.CanCollide = false
o16.FormFactor = Enum.FormFactor.Symmetric
o16.Size = Vector3.new(3, 12, 3)
o16.CFrame = CFrame.new(-99.4990005, 118.729469, 129.509872, 0.00146608846, -5.70236625e-05, 0.999992788, 0.000391435809, 0.999997497, 5.6449775e-05, -0.999997675, 0.000384673622, 0.00146632944)
o16.BottomSurface = Enum.SurfaceType.Smooth
o16.FrontSurface = Enum.SurfaceType.Weld
o16.TopSurface = Enum.SurfaceType.Weld
o16.Color = Color3.new(0.898039, 0.894118, 0.87451)
o16.Position = Vector3.new(-99.4990005, 118.729469, 129.509872)
o17.Name = "b1"
o17.Parent = o12
o17.BrickColor = BrickColor.new("Light stone grey")
o17.Position = Vector3.new(-99.4958572, 118.712677, 126.507225)
o17.Rotation = Vector3.new(178.539993, -89.7200012, -91.4800034)
o17.RotVelocity = Vector3.new(7.89815385e-06, 2.20076367e-06, -0.000117354059)
o17.Velocity = Vector3.new(0.0111763477, 0.0135262636, 0.00260369736)
o17.CanCollide = false
o17.FormFactor = Enum.FormFactor.Symmetric
o17.Size = Vector3.new(12, 3, 3)
o17.CFrame = CFrame.new(-99.4958572, 118.712677, 126.507225, -8.48290365e-05, 0.00327464286, -0.999988317, 0.999997199, 0.000478387286, -8.32631413e-05, 0.000471433334, -0.999992967, -0.00327468151)
o17.BackSurface = Enum.SurfaceType.Weld
o17.BottomSurface = Enum.SurfaceType.Weld
o17.Color = Color3.new(0.898039, 0.894118, 0.87451)
o17.Position = Vector3.new(-99.4958572, 118.712677, 126.507225)
o18.Parent = o12
o18.BrickColor = BrickColor.new("Light stone grey")
o18.Position = Vector3.new(-102.544556, 118.720757, 135.995438)
o18.Rotation = Vector3.new(90.0100021, 0.00999999978, 0.239999995)
o18.RotVelocity = Vector3.new(7.89815385e-06, 2.20076367e-06, -0.000117354059)
o18.Velocity = Vector3.new(0.0111981779, 0.0138091017, 0.00261047063)
o18.CanCollide = false
o18.FormFactor = Enum.FormFactor.Symmetric
o18.Size = Vector3.new(3, 4, 12)
o18.CFrame = CFrame.new(-102.544556, 118.720757, 135.995438, 0.999985099, -0.00416776165, 9.61099431e-05, 9.56525037e-05, -0.000110020985, -0.999997199, 0.00416777562, 0.999989808, -0.000102942191)
o18.BackSurface = Enum.SurfaceType.Weld
o18.BottomSurface = Enum.SurfaceType.Weld
o18.Color = Color3.new(0.898039, 0.894118, 0.87451)
o18.Position = Vector3.new(-102.544556, 118.720757, 135.995438)
o19.Parent = o12
o19.BrickColor = BrickColor.new("Light stone grey")
o19.Position = Vector3.new(-107.015457, 118.624565, 133.844391)
o19.Rotation = Vector3.new(90.0299988, 0.00999999978, 45.2000008)
o19.RotVelocity = Vector3.new(7.89815385e-06, 2.20076367e-06, -0.000117354059)
o19.Velocity = Vector3.new(0.0111821555, 0.0143507691, 0.00261955033)
o19.CanCollide = false
o19.FormFactor = Enum.FormFactor.Symmetric
o19.Size = Vector3.new(4, 4, 12)
o19.CFrame = CFrame.new(-107.015457, 118.624565, 133.844391, 0.704614639, -0.709581614, 0.000171004853, -0.000247316173, -0.000486578123, -0.999997258, 0.709584832, 0.704617798, -0.000511665479)
o19.BackSurface = Enum.SurfaceType.Weld
o19.BottomSurface = Enum.SurfaceType.Weld
o19.Color = Color3.new(0.898039, 0.894118, 0.87451)
o19.Position = Vector3.new(-107.015457, 118.624565, 133.844391)
o20.Name = "b1"
o20.Parent = o12
o20.BrickColor = BrickColor.new("Light stone grey")
o20.Position = Vector3.new(-105.516815, 118.720627, 129.484222)
o20.Rotation = Vector3.new(178.710007, -89.6699982, 178.710007)
o20.RotVelocity = Vector3.new(7.89815385e-06, 2.20076367e-06, -0.000117354059)
o20.Velocity = Vector3.new(0.0111838328, 0.0142093347, 0.00261701085)
o20.CanCollide = false
o20.FormFactor = Enum.FormFactor.Symmetric
o20.Size = Vector3.new(3, 12, 3)
o20.CFrame = CFrame.new(-105.516815, 118.720627, 129.484222, -0.00445601391, -0.000100293335, -0.999983788, -4.59933872e-05, 0.999997199, -0.000100089666, 0.999988496, 3.88676635e-05, -0.00445602322)
o20.BottomSurface = Enum.SurfaceType.Smooth
o20.FrontSurface = Enum.SurfaceType.Weld
o20.TopSurface = Enum.SurfaceType.Weld
o20.Color = Color3.new(0.898039, 0.894118, 0.87451)
o20.Position = Vector3.new(-105.516815, 118.720627, 129.484222)
o21.Parent = o12
o21.BrickColor = BrickColor.new("Light stone grey")
o21.Position = Vector3.new(-97.9920731, 118.713989, 125.183502)
o21.Rotation = Vector3.new(90.0299988, 0.00999999978, -134.809998)
o21.RotVelocity = Vector3.new(7.89815385e-06, 2.20076367e-06, -0.000117354059)
o21.Velocity = Vector3.new(0.0111735882, 0.0133602433, 0.00260039815)
o21.CanCollide = false
o21.FormFactor = Enum.FormFactor.Symmetric
o21.Size = Vector3.new(4, 4, 12)
o21.CFrame = CFrame.new(-97.9920731, 118.713989, 125.183502, -0.704723656, 0.709472895, 0.000161456774, 0.000257628388, 0.000483475946, -0.999997318, -0.709476233, -0.704726934, -0.000516822038)
o21.BackSurface = Enum.SurfaceType.Weld
o21.BottomSurface = Enum.SurfaceType.Weld
o21.Color = Color3.new(0.898039, 0.894118, 0.87451)
o21.Position = Vector3.new(-97.9920731, 118.713989, 125.183502)
o22.Parent = o12
o22.BrickColor = BrickColor.new("Light stone grey")
o22.Position = Vector3.new(-98.0118484, 118.711578, 133.853867)
o22.Rotation = Vector3.new(90.0299988, 0, -44.8300018)
o22.RotVelocity = Vector3.new(7.89815385e-06, 2.20076367e-06, -0.000117354059)
o22.Velocity = Vector3.new(0.011192386, 0.0132940849, 0.00260042259)
o22.CanCollide = false
o22.FormFactor = Enum.FormFactor.Symmetric
o22.Size = Vector3.new(4, 4, 12)
o22.CFrame = CFrame.new(-98.0118484, 118.711578, 133.853867, 0.709205568, 0.704993367, 7.13621776e-05, 0.000460880867, -0.000362411462, -0.999997377, -0.704996467, 0.709209263, -0.000575266662)
o22.BackSurface = Enum.SurfaceType.Weld
o22.BottomSurface = Enum.SurfaceType.Weld
o22.Color = Color3.new(0.898039, 0.894118, 0.87451)
o22.Position = Vector3.new(-98.0118484, 118.711578, 133.853867)
o23.Parent = o12
o23.BrickColor = BrickColor.new("Light stone grey")
o23.Position = Vector3.new(-96.0182877, 118.721863, 129.502747)
o23.Rotation = Vector3.new(90.0199966, 0.00999999978, -89.7600021)
o23.RotVelocity = Vector3.new(7.89815385e-06, 2.20076367e-06, -0.000117354059)
o23.Velocity = Vector3.new(0.0111840181, 0.0130944978, 0.00259611662)
o23.CanCollide = false
o23.FormFactor = Enum.FormFactor.Symmetric
o23.Size = Vector3.new(3, 4, 12)
o23.CFrame = CFrame.new(-96.0182877, 118.721863, 129.502747, 0.00417457428, 0.999985337, 9.71857226e-05, 0.000394791627, 9.5538373e-05, -0.999997616, -0.999990344, 0.00417507347, -0.000387710112)
o23.BackSurface = Enum.SurfaceType.Weld
o23.BottomSurface = Enum.SurfaceType.Weld
o23.Color = Color3.new(0.898039, 0.894118, 0.87451)
o23.Position = Vector3.new(-96.0182877, 118.721863, 129.502747)
o24.Name = "b1"
o24.Parent = o12
o24.BrickColor = BrickColor.new("Mid gray")
o24.Reflectance = 0.10000000149012
o24.Position = Vector3.new(-102.51841, 133.720764, 129.497971)
o24.Rotation = Vector3.new(-180, 0.25999999, 179.990005)
o24.RotVelocity = Vector3.new(7.89815385e-06, 2.20076367e-06, -0.000117354059)
o24.Velocity = Vector3.new(0.0129441898, 0.0138573507, 0.00272888527)
o24.CanCollide = false
o24.Size = Vector3.new(2, 18, 2)
o24.CFrame = CFrame.new(-102.51841, 133.720764, 129.497971, -0.999983788, -0.000100167163, 0.00445607398, -0.000100027275, 0.999997199, 3.16805999e-05, -0.00445608189, 2.45552837e-05, -0.999988496)
o24.BackSurface = Enum.SurfaceType.Weld
o24.BottomSurface = Enum.SurfaceType.Weld
o24.FrontSurface = Enum.SurfaceType.Weld
o24.LeftSurface = Enum.SurfaceType.Weld
o24.RightSurface = Enum.SurfaceType.Weld
o24.TopSurface = Enum.SurfaceType.Weld
o24.Color = Color3.new(0.803922, 0.803922, 0.803922)
o24.Position = Vector3.new(-102.51841, 133.720764, 129.497971)
o25.Name = "b1"
o25.Parent = o12
o25.BrickColor = BrickColor.new("Light stone grey")
o25.Position = Vector3.new(-105.503006, 118.719482, 126.484085)
o25.Rotation = Vector3.new(2.07999992, 89.6699982, -92.0899963)
o25.RotVelocity = Vector3.new(7.89815385e-06, 2.20076367e-06, -0.000117354059)
o25.Velocity = Vector3.new(0.0111770956, 0.0142314099, 0.00261697127)
o25.CanCollide = false
o25.FormFactor = Enum.FormFactor.Symmetric
o25.Size = Vector3.new(12, 3, 3)
o25.CFrame = CFrame.new(-105.503006, 118.719482, 126.484085, -0.00016223939, 0.00444976799, 0.999983788, -0.999997199, -0.000158701761, -0.000161535427, 0.000164660858, -0.999988556, 0.00444980012)
o25.BackSurface = Enum.SurfaceType.Weld
o25.BottomSurface = Enum.SurfaceType.Weld
o25.Color = Color3.new(0.898039, 0.894118, 0.87451)
o25.Position = Vector3.new(-105.503006, 118.719482, 126.484085)
o26.Parent = o12
o26.BrickColor = BrickColor.new("Light stone grey")
o26.Position = Vector3.new(-102.493881, 118.621994, 122.995232)
o26.Rotation = Vector3.new(90, 0, -179.770004)
o26.RotVelocity = Vector3.new(7.89815385e-06, 2.20076367e-06, -0.000117354059)
o26.Velocity = Vector3.new(0.0111579774, 0.0139058316, 0.00260957889)
o26.CanCollide = false
o26.FormFactor = Enum.FormFactor.Symmetric
o26.Size = Vector3.new(3, 4, 12)
o26.CFrame = CFrame.new(-102.493881, 118.621994, 122.995232, -0.999985337, 0.00408137543, 7.31465407e-05, -7.28505402e-05, 7.27203224e-05, -0.999997199, -0.00408138335, -0.999990106, -6.57431519e-05)
o26.BackSurface = Enum.SurfaceType.Weld
o26.BottomSurface = Enum.SurfaceType.Weld
o26.Color = Color3.new(0.898039, 0.894118, 0.87451)
o26.Position = Vector3.new(-102.493881, 118.621994, 122.995232)
o27.Parent = o12
o27.BrickColor = BrickColor.new("Light stone grey")
o27.Position = Vector3.new(-109.025223, 118.61203, 129.497803)
o27.Rotation = Vector3.new(90.0100021, 0.00999999978, 90.1100006)
o27.RotVelocity = Vector3.new(7.89815385e-06, 2.20076367e-06, -0.000117354059)
o27.Velocity = Vector3.new(0.0111711184, 0.0146209523, 0.00262387423)
o27.CanCollide = false
o27.FormFactor = Enum.FormFactor.Symmetric
o27.Size = Vector3.new(3, 4, 12)
o27.CFrame = CFrame.new(-109.025223, 118.61203, 129.497803, -0.00199444476, -0.999997973, 9.18099831e-05, -0.000118340424, -9.15741766e-05, -0.999999881, 0.999997973, -0.00199445686, -0.000117919022)
o27.BackSurface = Enum.SurfaceType.Weld
o27.BottomSurface = Enum.SurfaceType.Weld
o27.Color = Color3.new(0.898039, 0.894118, 0.87451)
o27.Position = Vector3.new(-109.025223, 118.61203, 129.497803)
o28.Parent = o12
o28.BrickColor = BrickColor.new("Light stone grey")
o28.Position = Vector3.new(-106.999298, 118.720665, 125.151215)
o28.Rotation = Vector3.new(90.0199966, 0.00999999978, 135.25)
o28.RotVelocity = Vector3.new(7.89815385e-06, 2.20076367e-06, -0.000117354059)
o28.Velocity = Vector3.new(0.0111743007, 0.0144175328, 0.0026202735)
o28.CanCollide = false
o28.FormFactor = Enum.FormFactor.Symmetric
o28.Size = Vector3.new(4, 4, 12)
o28.CFrame = CFrame.new(-106.999298, 118.720665, 125.151215, -0.710205019, -0.703985929, 0.000214381769, -0.000390123867, 8.90455267e-05, -0.999997199, 0.703989148, -0.710208416, -0.000331205549)
o28.BackSurface = Enum.SurfaceType.Weld
o28.BottomSurface = Enum.SurfaceType.Weld
o28.Color = Color3.new(0.898039, 0.894118, 0.87451)
o28.Position = Vector3.new(-106.999298, 118.720665, 125.151215)
o29.Name = "Gantry"
o29.Parent = o12
o29.BrickColor = BrickColor.new("Dark stone grey")
o29.Position = Vector3.new(-95.998848, 101.333725, 129.970078)
o29.Rotation = Vector3.new(-179.539993, 89.7600021, -0.460000008)
o29.RotVelocity = Vector3.new(7.89815385e-06, 2.20076367e-06, -0.000117354059)
o29.Velocity = Vector3.new(0.00914447941, 0.0130885243, 0.00245873933)
o29.FormFactor = Enum.FormFactor.Symmetric
o29.Size = Vector3.new(6, 1, 5)
o29.CFrame = CFrame.new(-95.998848, 101.333725, 129.970078, 0.00236212183, 1.89340499e-05, 0.99999094, -3.47765381e-05, -0.999997258, 1.901625e-05, 0.999995828, -2.8142058e-05, -0.0023621479)
o29.BottomSurface = Enum.SurfaceType.Smooth
o29.FrontSurface = Enum.SurfaceType.Weld
o29.TopSurface = Enum.SurfaceType.Weld
o29.Color = Color3.new(0.388235, 0.372549, 0.384314)
o29.Position = Vector3.new(-95.998848, 101.333725, 129.970078)
o30.Parent = o29
o30.Texture = "http://www.roblox.com/asset/?id=42323994"
o30.Face = Enum.NormalId.Back
o31.Name = "Gantry"
o31.Parent = o12
o31.BrickColor = BrickColor.new("Dark stone grey")
o31.Position = Vector3.new(-96.9988022, 100.333725, 129.972427)
o31.Rotation = Vector3.new(-179.539993, 89.7600021, -0.460000008)
o31.RotVelocity = Vector3.new(7.89815385e-06, 2.20076367e-06, -0.000117354059)
o31.Velocity = Vector3.new(0.0090271309, 0.0132058542, 0.00245304173)
o31.FormFactor = Enum.FormFactor.Symmetric
o31.Size = Vector3.new(2, 1, 7)
o31.CFrame = CFrame.new(-96.9988022, 100.333725, 129.972427, 0.00236212206, 1.89340499e-05, 0.999991059, -3.47765454e-05, -0.999997258, 1.90162518e-05, 0.999995947, -2.81420544e-05, -0.00236214814)
o31.BottomSurface = Enum.SurfaceType.Smooth
o31.FrontSurface = Enum.SurfaceType.Weld
o31.TopSurface = Enum.SurfaceType.Weld
o31.Color = Color3.new(0.388235, 0.372549, 0.384314)
o31.Position = Vector3.new(-96.9988022, 100.333725, 129.972427)
o32.Name = "b1"
o32.Parent = o12
o32.BrickColor = BrickColor.new("Light stone grey")
o32.Position = Vector3.new(-97.0177994, 98.1097946, 135.004593)
o32.Rotation = Vector3.new(178.600006, -89.6800003, 88.5899963)
o32.RotVelocity = Vector3.new(7.89815385e-06, 2.20076367e-06, -0.000117354059)
o32.Velocity = Vector3.new(0.00877721701, 0.0131683387, 0.00243551913)
o32.CanCollide = false
o32.FormFactor = Enum.FormFactor.Symmetric
o32.Size = Vector3.new(29, 6, 6)
o32.CFrame = CFrame.new(-97.0177994, 98.1097946, 135.004593, 8.95630801e-05, -0.00362830725, -0.999984086, -0.999993443, -0.000216748187, -8.87773858e-05, -0.000207121731, 0.999988914, -0.00362995826)
o32.BackSurface = Enum.SurfaceType.Weld
o32.BottomSurface = Enum.SurfaceType.Weld
o32.Color = Color3.new(0.898039, 0.894118, 0.87451)
o32.Position = Vector3.new(-97.0177994, 98.1097946, 135.004593)
o33.Name = "b1"
o33.Parent = o12
o33.BrickColor = BrickColor.new("Light stone grey")
o33.Position = Vector3.new(-108.024689, 98.1148224, 129.508041)
o33.Rotation = Vector3.new(177.509995, -89.8700027, 177.529999)
o33.RotVelocity = Vector3.new(7.89815385e-06, 2.20076367e-06, -0.000117354059)
o33.Velocity = Vector3.new(0.00876571052, 0.0145034548, 0.00245978218)
o33.CanCollide = false
o33.FormFactor = Enum.FormFactor.Symmetric
o33.Size = Vector3.new(5, 29, 6)
o33.CFrame = CFrame.new(-108.024689, 98.1148224, 129.508041, -0.00214875583, -9.25189815e-05, -0.999997616, 0.000501858594, 0.999999762, -9.35975913e-05, 0.999997437, -0.000502297131, -0.00214871066)
o33.BottomSurface = Enum.SurfaceType.Smooth
o33.FrontSurface = Enum.SurfaceType.Weld
o33.TopSurface = Enum.SurfaceType.Weld
o33.Color = Color3.new(0.898039, 0.894118, 0.87451)
o33.Position = Vector3.new(-108.024689, 98.1148224, 129.508041)
o34.Name = "b1"
o34.Parent = o12
o34.BrickColor = BrickColor.new("Light stone grey")
o34.Position = Vector3.new(-96.9948502, 98.1130524, 123.993805)
o34.Rotation = Vector3.new(177.949997, -89.8899994, -92.0599976)
o34.RotVelocity = Vector3.new(7.89815385e-06, 2.20076367e-06, -0.000117354059)
o34.Velocity = Vector3.new(0.0087533677, 0.0132526103, 0.00243549398)
o34.CanCollide = false
o34.FormFactor = Enum.FormFactor.Symmetric
o34.Size = Vector3.new(29, 6, 6)
o34.CFrame = CFrame.new(-96.9948502, 98.1130524, 123.993805, -6.515735e-05, 0.00180854299, -0.999998271, 0.999999881, 0.000216234592, -6.47664128e-05, 0.000215878594, -0.999998391, -0.00180855813)
o34.BackSurface = Enum.SurfaceType.Weld
o34.BottomSurface = Enum.SurfaceType.Weld
o34.Color = Color3.new(0.898039, 0.894118, 0.87451)
o34.Position = Vector3.new(-96.9948502, 98.1130524, 123.993805)
o35.Name = "b1"
o35.Parent = o12
o35.BrickColor = BrickColor.new("Light stone grey")
o35.Position = Vector3.new(-108.0047, 98.143631, 135.027573)
o35.Rotation = Vector3.new(-93.8199997, 89.7900009, -176.199997)
o35.RotVelocity = Vector3.new(7.89815385e-06, 2.20076367e-06, -0.000117354059)
o35.Velocity = Vector3.new(0.00878123846, 0.0144575154, 0.00245996588)
o35.CanCollide = false
o35.FormFactor = Enum.FormFactor.Symmetric
o35.Size = Vector3.new(29, 6, 6)
o35.CFrame = CFrame.new(-108.0047, 98.143631, 135.027573, -5.49231845e-05, 3.64656648e-06, 0.999993503, 0.999997079, 5.1212038e-07, 5.49233591e-05, -7.42976044e-06, 0.999998331, -3.66263453e-06)
o35.BackSurface = Enum.SurfaceType.Weld
o35.BottomSurface = Enum.SurfaceType.Weld
o35.Color = Color3.new(0.898039, 0.894118, 0.87451)
o35.Position = Vector3.new(-108.0047, 98.143631, 135.027573)
o36.Name = "b1"
o36.Parent = o12
o36.BrickColor = BrickColor.new("Light stone grey")
o36.Position = Vector3.new(-102.499695, 98.1307983, 134.990326)
o36.Rotation = Vector3.new(84.6200027, -89.9599991, 84.6200027)
o36.RotVelocity = Vector3.new(7.89815385e-06, 2.20076367e-06, -0.000117354059)
o36.Velocity = Vector3.new(0.00877965055, 0.0138117746, 0.00244774926)
o36.CanCollide = false
o36.FormFactor = Enum.FormFactor.Symmetric
o36.Size = Vector3.new(6, 29, 5)
o36.CFrame = CFrame.new(-102.499695, 98.1307983, 134.990326, 3.52389475e-06, -3.73869043e-05, -0.999999762, -5.00054284e-07, 0.999999881, -3.73869079e-05, 0.999999881, 2.6163616e-07, 3.52387883e-06)
o36.BackSurface = Enum.SurfaceType.Weld
o36.BottomSurface = Enum.SurfaceType.Smooth
o36.FrontSurface = Enum.SurfaceType.Weld
o36.TopSurface = Enum.SurfaceType.Weld
o36.Color = Color3.new(0.898039, 0.894118, 0.87451)
o36.Position = Vector3.new(-102.499695, 98.1307983, 134.990326)
o37.Name = "b1"
o37.Parent = o12
o37.BrickColor = BrickColor.new("Light stone grey")
o37.Position = Vector3.new(-96.9997635, 98.1304321, 129.489624)
o37.Rotation = Vector3.new(-100.120003, 89.9599991, 100.120003)
o37.RotVelocity = Vector3.new(7.89815385e-06, 2.20076367e-06, -0.000117354059)
o37.Velocity = Vector3.new(0.00876750145, 0.0132097807, 0.00243564229)
o37.CanCollide = false
o37.FormFactor = Enum.FormFactor.Symmetric
o37.Size = Vector3.new(5, 29, 6)
o37.CFrame = CFrame.new(-96.9997635, 98.1304321, 129.489624, -6.67542463e-06, -3.73842122e-05, 0.999999762, 3.81910431e-05, 0.999999881, 3.73844669e-05, -0.999999881, 3.79527482e-05, -6.67400036e-06)
o37.BottomSurface = Enum.SurfaceType.Smooth
o37.FrontSurface = Enum.SurfaceType.Weld
o37.TopSurface = Enum.SurfaceType.Weld
o37.Color = Color3.new(0.898039, 0.894118, 0.87451)
o37.Position = Vector3.new(-96.9997635, 98.1304321, 129.489624)
o38.Name = "b1"
o38.Parent = o12
o38.BrickColor = BrickColor.new("Light stone grey")
o38.Position = Vector3.new(-102.487617, 98.1209793, 123.996849)
o38.Rotation = Vector3.new(178.759995, -89.7099991, 178.759995)
o38.RotVelocity = Vector3.new(7.89815385e-06, 2.20076367e-06, -0.000117354059)
o38.Velocity = Vector3.new(0.00875430461, 0.0138971852, 0.00244764495)
o38.CanCollide = false
o38.FormFactor = Enum.FormFactor.Symmetric
o38.Size = Vector3.new(6, 29, 5)
o38.CFrame = CFrame.new(-102.487617, 98.1209793, 123.996849, -0.0049931556, -0.000108398221, -0.999987423, -3.82068538e-05, 0.999999881, -0.00010820882, 0.999987483, 3.7427566e-05, -0.00499316026)
o38.BackSurface = Enum.SurfaceType.Weld
o38.BottomSurface = Enum.SurfaceType.Smooth
o38.FrontSurface = Enum.SurfaceType.Weld
o38.TopSurface = Enum.SurfaceType.Weld
o38.Color = Color3.new(0.898039, 0.894118, 0.87451)
o38.Position = Vector3.new(-102.487617, 98.1209793, 123.996849)
o39.Name = "b1"
o39.Parent = o12
o39.BrickColor = BrickColor.new("Light stone grey")
o39.Position = Vector3.new(-107.992317, 98.1023331, 124.007797)
o39.Rotation = Vector3.new(-1.04999995, 89.6100006, -88.9700012)
o39.RotVelocity = Vector3.new(7.89815385e-06, 2.20076367e-06, -0.000117354059)
o39.Velocity = Vector3.new(0.00875214022, 0.0145430975, 0.00245961221)
o39.CanCollide = false
o39.FormFactor = Enum.FormFactor.Symmetric
o39.Size = Vector3.new(29, 6, 6)
o39.CFrame = CFrame.new(-107.992317, 98.1023331, 124.007797, 0.000121540434, 0.00674777711, 0.999977052, -0.999999821, -0.000306974922, 0.000123614664, 0.000308040588, -0.999977052, 0.00674774032)
o39.BackSurface = Enum.SurfaceType.Weld
o39.BottomSurface = Enum.SurfaceType.Weld
o39.Color = Color3.new(0.898039, 0.894118, 0.87451)
o39.Position = Vector3.new(-107.992317, 98.1023331, 124.007797)
o40.Parent = o12
o40.BrickColor = BrickColor.new("Light stone grey")
o40.Position = Vector3.new(-102.499413, 90.9308167, 129.49025)
o40.Rotation = Vector3.new(84.6399994, -89.9599991, 84.6399994)
o40.RotVelocity = Vector3.new(7.89815385e-06, 2.20076367e-06, -0.000117354059)
o40.Velocity = Vector3.new(0.00792259909, 0.0138551816, 0.002390882)
o40.FormFactor = Enum.FormFactor.Symmetric
o40.Size = Vector3.new(5, 15, 5)
o40.CFrame = CFrame.new(-102.499413, 90.9308167, 129.49025, 3.50821233e-06, -3.73866205e-05, -0.999999762, -7.179362e-06, 0.999999881, -3.7386646e-05, 0.999999881, 6.94094342e-06, 3.50794676e-06)
o40.BackSurface = Enum.SurfaceType.Weld
o40.BottomSurface = Enum.SurfaceType.Smooth
o40.FrontSurface = Enum.SurfaceType.Weld
o40.LeftSurface = Enum.SurfaceType.Weld
o40.RightSurface = Enum.SurfaceType.Weld
o40.TopSurface = Enum.SurfaceType.Weld
o40.Color = Color3.new(0.898039, 0.894118, 0.87451)
o40.Position = Vector3.new(-102.499413, 90.9308167, 129.49025)
o41.Parent = o12
o41.BrickColor = BrickColor.new("Mid gray")
o41.Reflectance = 0.10000000149012
o41.Position = Vector3.new(-101.018387, 129.376434, 129.542984)
o41.Rotation = Vector3.new(90.0299988, 0.00999999978, -89.7399979)
o41.RotVelocity = Vector3.new(7.89815385e-06, 2.20076367e-06, -0.000117354059)
o41.Velocity = Vector3.new(0.0124344639, 0.013680961, 0.00269127195)
o41.CanCollide = false
o41.FormFactor = Enum.FormFactor.Symmetric
o41.Size = Vector3.new(1, 1, 9)
o41.CFrame = CFrame.new(-101.018387, 129.376434, 129.542984, 0.00447468506, 0.999983728, 0.000102315884, 0.000529968063, 9.9945697e-05, -0.999997199, -0.999988317, 0.0044747442, -0.000522836926)
o41.BottomSurface = Enum.SurfaceType.Weld
o41.Color = Color3.new(0.803922, 0.803922, 0.803922)
o41.Position = Vector3.new(-101.018387, 129.376434, 129.542984)
o42.Parent = o12
o42.BrickColor = BrickColor.new("Mid gray")
o42.Reflectance = 0.10000000149012
o42.Position = Vector3.new(-104.017532, 129.457138, 129.472702)
o42.Rotation = Vector3.new(90.0100021, 0, 90.2600021)
o42.RotVelocity = Vector3.new(7.89815385e-06, 2.20076367e-06, -0.000117354059)
o42.Velocity = Vector3.new(0.0124437809, 0.0140334787, 0.00269850972)
o42.CanCollide = false
o42.FormFactor = Enum.FormFactor.Symmetric
o42.Size = Vector3.new(1, 1, 9)
