local Instancea = {} 
Instancea._index = Instancea 
function Instancea.new(name, parent) 
if name == "Part" then 
local e = Instance.new("SpawnLocation", parent) 
e.Enabled =  false
return e 
elseif name == "Decal" then 
local e = Instance.new("Texture", parent) 
e.StudsPerTileU = 100 
e.StudsPerTileV = 100 
return e 
else 
local a = Instance.new(name, parent) 
return a 
end
end 
local Instance = Instancea
function sandbox(var,func)
	local env = getfenv(func)
	local newenv = setmetatable({},{
		__index = function(self,k)
			if k=="script" then
				return var
			else
				return env[k]
			end
		end,
	})
	setfenv(func,newenv)
	return func
end
cors = {}
mas = Instance.new("Model",game:GetService("Lighting"))
Model0 = Instance.new("Model")
Part1 = Instance.new("Part")
Part2 = Instance.new("Part")
Part3 = Instance.new("Part")
Part4 = Instance.new("Part")
Part5 = Instance.new("Part")
Part6 = Instance.new("Part")
Part7 = Instance.new("Part")
Part8 = Instance.new("Part")
Part9 = Instance.new("Part")
Part10 = Instance.new("Part")
CylinderMesh11 = Instance.new("CylinderMesh")
Part12 = Instance.new("Part")
Part13 = Instance.new("Part")
Part14 = Instance.new("Part")
Part15 = Instance.new("Part")
CylinderMesh16 = Instance.new("CylinderMesh")
Part17 = Instance.new("Part")
Part18 = Instance.new("Part")
Part19 = Instance.new("Part")
Part20 = Instance.new("Part")
Part21 = Instance.new("Part")
Part22 = Instance.new("Part")
Part23 = Instance.new("Part")
Part24 = Instance.new("Part")
Part25 = Instance.new("Part")
Part26 = Instance.new("Part")
Part27 = Instance.new("Part")
Part28 = Instance.new("Part")
Part29 = Instance.new("Part")
Model30 = Instance.new("Model")
Part31 = Instance.new("Part")
CylinderMesh32 = Instance.new("CylinderMesh")
Part33 = Instance.new("Part")
Decal34 = Instance.new("Decal")
Part35 = Instance.new("Part")
CylinderMesh36 = Instance.new("CylinderMesh")
Part37 = Instance.new("Part")
CylinderMesh38 = Instance.new("CylinderMesh")
Part39 = Instance.new("Part")
CylinderMesh40 = Instance.new("CylinderMesh")
Part41 = Instance.new("Part")
Part42 = Instance.new("Part")
Part43 = Instance.new("Part")
Part44 = Instance.new("Part")
Part45 = Instance.new("Part")
PointLight46 = Instance.new("PointLight")
Part47 = Instance.new("Part")
Part48 = Instance.new("Part")
PointLight49 = Instance.new("PointLight")
Part50 = Instance.new("Part")
Part51 = Instance.new("Part")
Part52 = Instance.new("Part")
Part53 = Instance.new("Part")
Part54 = Instance.new("Part")
Part55 = Instance.new("Part")
Part56 = Instance.new("Part")
Part57 = Instance.new("Part")
Part58 = Instance.new("Part")
Part59 = Instance.new("Part")
CylinderMesh60 = Instance.new("CylinderMesh")
Part61 = Instance.new("Part")
Part62 = Instance.new("Part")
Part63 = Instance.new("Part")
Part64 = Instance.new("Part")
Part65 = Instance.new("Part")
Part66 = Instance.new("Part")
CylinderMesh67 = Instance.new("CylinderMesh")
Part68 = Instance.new("Part")
Part69 = Instance.new("Part")
Part70 = Instance.new("Part")
Part71 = Instance.new("Part")
Part72 = Instance.new("Part")
CylinderMesh73 = Instance.new("CylinderMesh")
PointLight74 = Instance.new("PointLight")
Decal75 = Instance.new("Decal")
Part76 = Instance.new("Part")
Part77 = Instance.new("Part")
Part78 = Instance.new("Part")
Part79 = Instance.new("Part")
Part80 = Instance.new("Part")
Part81 = Instance.new("Part")
Part82 = Instance.new("Part")
Part83 = Instance.new("Part")
Decal84 = Instance.new("Decal")
Decal85 = Instance.new("Decal")
Part86 = Instance.new("Part")
Part87 = Instance.new("Part")
Part88 = Instance.new("Part")
Part89 = Instance.new("Part")
Part90 = Instance.new("Part")
Part91 = Instance.new("Part")
Part92 = Instance.new("Part")
Part93 = Instance.new("Part")
CylinderMesh94 = Instance.new("CylinderMesh")
Part95 = Instance.new("Part")
Part96 = Instance.new("Part")
CylinderMesh97 = Instance.new("CylinderMesh")
Part98 = Instance.new("Part")
Part99 = Instance.new("Part")
Part100 = Instance.new("Part")
Part101 = Instance.new("Part")
Part102 = Instance.new("Part")
Part103 = Instance.new("Part")
Part104 = Instance.new("Part")
Part105 = Instance.new("Part")
Part106 = Instance.new("Part")
Part107 = Instance.new("Part")
Part108 = Instance.new("Part")
Part109 = Instance.new("Part")
Part110 = Instance.new("Part")
Part111 = Instance.new("Part")
Part112 = Instance.new("Part")
Part113 = Instance.new("Part")
Part114 = Instance.new("Part")
Part115 = Instance.new("Part")
Part116 = Instance.new("Part")
Part117 = Instance.new("Part")
WedgePart118 = Instance.new("WedgePart")
WedgePart119 = Instance.new("WedgePart")
Part120 = Instance.new("Part")
Part121 = Instance.new("Part")
Part122 = Instance.new("Part")
Part123 = Instance.new("Part")
Part124 = Instance.new("Part")
Part125 = Instance.new("Part")
Part126 = Instance.new("Part")
Part127 = Instance.new("Part")
Part128 = Instance.new("Part")
Part129 = Instance.new("Part")
Part130 = Instance.new("Part")
Part131 = Instance.new("Part")
Part132 = Instance.new("Part")
Part133 = Instance.new("Part")
Part134 = Instance.new("Part")
Part135 = Instance.new("Part")
Part136 = Instance.new("Part")
Part137 = Instance.new("Part")
Part138 = Instance.new("Part")
Part139 = Instance.new("Part")
Part140 = Instance.new("Part")
Part141 = Instance.new("Part")
Part142 = Instance.new("Part")
Part143 = Instance.new("Part")
Part144 = Instance.new("Part")
Part145 = Instance.new("Part")
Part146 = Instance.new("Part")
CylinderMesh147 = Instance.new("CylinderMesh")
Decal148 = Instance.new("Decal")
Part149 = Instance.new("Part")
Part150 = Instance.new("Part")
SpecialMesh151 = Instance.new("SpecialMesh")
WedgePart152 = Instance.new("WedgePart")
WedgePart153 = Instance.new("WedgePart")
Decal154 = Instance.new("Decal")
WedgePart155 = Instance.new("WedgePart")
WedgePart156 = Instance.new("WedgePart")
Part157 = Instance.new("Part")
PointLight158 = Instance.new("PointLight")
Part159 = Instance.new("Part")
Part160 = Instance.new("Part")
PointLight161 = Instance.new("PointLight")
Part162 = Instance.new("Part")
Part163 = Instance.new("Part")
Part164 = Instance.new("Part")
Part165 = Instance.new("Part")
Part166 = Instance.new("Part")
Decal167 = Instance.new("Decal")
Model168 = Instance.new("Model")
Humanoid169 = Instance.new("Humanoid")
Part170 = Instance.new("Part")
SpecialMesh171 = Instance.new("SpecialMesh")
Decal172 = Instance.new("Decal")
Part173 = Instance.new("Part")
Part174 = Instance.new("Part")
Part175 = Instance.new("Part")
Part176 = Instance.new("Part")
Part177 = Instance.new("Part")
Motor6D178 = Instance.new("Motor6D")
Motor6D179 = Instance.new("Motor6D")
Motor6D180 = Instance.new("Motor6D")
Motor6D181 = Instance.new("Motor6D")
Motor6D182 = Instance.new("Motor6D")
Pants183 = Instance.new("Pants")
Part184 = Instance.new("Part")
SpecialMesh185 = Instance.new("SpecialMesh")
Shirt186 = Instance.new("Shirt")
Model187 = Instance.new("Model")
Part188 = Instance.new("Part")
CylinderMesh189 = Instance.new("CylinderMesh")
Part190 = Instance.new("Part")
Decal191 = Instance.new("Decal")
Part192 = Instance.new("Part")
CylinderMesh193 = Instance.new("CylinderMesh")
Part194 = Instance.new("Part")
CylinderMesh195 = Instance.new("CylinderMesh")
Part196 = Instance.new("Part")
CylinderMesh197 = Instance.new("CylinderMesh")
Model198 = Instance.new("Model")
Part199 = Instance.new("Part")
CylinderMesh200 = Instance.new("CylinderMesh")
Part201 = Instance.new("Part")
Decal202 = Instance.new("Decal")
Part203 = Instance.new("Part")
CylinderMesh204 = Instance.new("CylinderMesh")
Part205 = Instance.new("Part")
CylinderMesh206 = Instance.new("CylinderMesh")
Part207 = Instance.new("Part")
CylinderMesh208 = Instance.new("CylinderMesh")
Model209 = Instance.new("Model")
Part210 = Instance.new("Part")
CylinderMesh211 = Instance.new("CylinderMesh")
Part212 = Instance.new("Part")
Decal213 = Instance.new("Decal")
Part214 = Instance.new("Part")
CylinderMesh215 = Instance.new("CylinderMesh")
Part216 = Instance.new("Part")
CylinderMesh217 = Instance.new("CylinderMesh")
Part218 = Instance.new("Part")
CylinderMesh219 = Instance.new("CylinderMesh")
Model220 = Instance.new("Model")
Seat221 = Instance.new("Seat")
Seat222 = Instance.new("Seat")
Seat223 = Instance.new("Seat")
Seat224 = Instance.new("Seat")
Seat225 = Instance.new("Seat")
Seat226 = Instance.new("Seat")
Seat227 = Instance.new("Seat")
Seat228 = Instance.new("Seat")
Seat229 = Instance.new("Seat")
Seat230 = Instance.new("Seat")
Seat231 = Instance.new("Seat")
Seat232 = Instance.new("Seat")
Seat233 = Instance.new("Seat")
Seat234 = Instance.new("Seat")
Seat235 = Instance.new("Seat")
Seat236 = Instance.new("Seat")
Seat237 = Instance.new("Seat")
Seat238 = Instance.new("Seat")
Seat239 = Instance.new("Seat")
Seat240 = Instance.new("Seat")
Seat241 = Instance.new("Seat")
Seat242 = Instance.new("Seat")
Seat243 = Instance.new("Seat")
Model244 = Instance.new("Model")
Part245 = Instance.new("Part")
CylinderMesh246 = Instance.new("CylinderMesh")
Part247 = Instance.new("Part")
Decal248 = Instance.new("Decal")
Part249 = Instance.new("Part")
CylinderMesh250 = Instance.new("CylinderMesh")
Part251 = Instance.new("Part")
CylinderMesh252 = Instance.new("CylinderMesh")
Part253 = Instance.new("Part")
CylinderMesh254 = Instance.new("CylinderMesh")
Model0.Name = "StarBuckV.2"
Model0.Parent = mas
Part1.Parent = Model0
Part1.BrickColor = BrickColor.new("Really black")
Part1.Rotation = Vector3.new(0.0299999993, -0.150000006, 0.00999999978)
Part1.Anchored = true
Part1.FormFactor = Enum.FormFactor.Custom
Part1.Size = Vector3.new(0.399999619, 1.39999986, 2)
Part1.CFrame = CFrame.new(-23.7719421, 0.962489009, -36.3612595, 0.99999696, -0.000171411593, -0.00255877944, 0.000170206098, 0.999999881, -0.000471406529, 0.00255882018, 0.000470969157, 0.999996841)
Part1.Color = Color3.new(0.0666667, 0.0666667, 0.0666667)
Part1.Position = Vector3.new(-23.7719421, 0.962489009, -36.3612595)
Part1.Orientation = Vector3.new(0.0299999993, -0.150000006, 0.00999999978)
Part1.Color = Color3.new(0.0666667, 0.0666667, 0.0666667)
Part2.Parent = Model0
Part2.BrickColor = BrickColor.new("Really black")
Part2.Rotation = Vector3.new(-12.1199999, 89.8399963, 12.1700001)
Part2.Anchored = true
Part2.FormFactor = Enum.FormFactor.Custom
Part2.Size = Vector3.new(0.399999619, 2.79999995, 2)
Part2.CFrame = CFrame.new(-22.9728699, 3.06233907, -37.1598206, 0.00264299102, -0.000570060685, 0.999995947, 0.000776251254, 0.999999642, 0.000568010029, -0.999996603, 0.000774745422, 0.00264443387)
Part2.TopSurface = Enum.SurfaceType.Smooth
Part2.Color = Color3.new(0.0666667, 0.0666667, 0.0666667)
Part2.Position = Vector3.new(-22.9728699, 3.06233907, -37.1598206)
Part2.Orientation = Vector3.new(-0.0299999993, 89.8499985, 0.0399999991)
Part2.Color = Color3.new(0.0666667, 0.0666667, 0.0666667)
Part3.Parent = Model0
Part3.BrickColor = BrickColor.new("Really black")
Part3.Rotation = Vector3.new(0, -0.150000006, 0.0299999993)
Part3.Anchored = true
Part3.FormFactor = Enum.FormFactor.Custom
Part3.Size = Vector3.new(0.399999619, 1.39999986, 2)
Part3.CFrame = CFrame.new(-22.1712646, 0.962489009, -36.3588867, 0.999996603, -0.000475188717, -0.00264424365, 0.000474995904, 0.99999994, -7.35761496e-05, 0.00264391862, 7.23197518e-05, 0.999996066)
Part3.Color = Color3.new(0.0666667, 0.0666667, 0.0666667)
Part3.Position = Vector3.new(-22.1712646, 0.962489009, -36.3588867)
Part3.Orientation = Vector3.new(0, -0.150000006, 0.0299999993)
Part3.Color = Color3.new(0.0666667, 0.0666667, 0.0666667)
Part4.Parent = Model0
Part4.Material = Enum.Material.Granite
Part4.BrickColor = BrickColor.new("Really black")
Part4.Rotation = Vector3.new(0.0299999993, 0.0900000036, 0.00999999978)
Part4.Anchored = true
Part4.FormFactor = Enum.FormFactor.Custom
Part4.Size = Vector3.new(22.5999947, 3.00000024, 0.400000006)
Part4.CFrame = CFrame.new(-13.4376383, 1.53487694, -39.3988037, 0.999998152, -0.000171381107, 0.00157567614, 0.000172122978, 0.999999821, -0.000470677973, -0.00157561153, 0.000470948667, 0.999998033)
Part4.TopSurface = Enum.SurfaceType.SmoothNoOutlines
Part4.Color = Color3.new(0.0666667, 0.0666667, 0.0666667)
Part4.Position = Vector3.new(-13.4376383, 1.53487694, -39.3988037)
Part4.Orientation = Vector3.new(0.0299999993, 0.0900000036, 0.00999999978)
Part4.Color = Color3.new(0.0666667, 0.0666667, 0.0666667)
Part5.Parent = Model0
Part5.Material = Enum.Material.Fabric
Part5.BrickColor = BrickColor.new("Navy blue")
Part5.Rotation = Vector3.new(0.0299999993, 0.0900000036, 0.00999999978)
Part5.Anchored = true
Part5.FormFactor = Enum.FormFactor.Custom
Part5.Size = Vector3.new(22.6000099, 12.199995, 0.400000006)
Part5.CFrame = CFrame.new(-13.4388723, 9.13645554, -39.3952942, 0.999998152, -0.000171381107, 0.00157567614, 0.000172122978, 0.999999821, -0.000470677973, -0.00157561153, 0.000470948667, 0.999998033)
Part5.TopSurface = Enum.SurfaceType.SmoothNoOutlines
Part5.Color = Color3.new(0, 0.12549, 0.376471)
Part5.Position = Vector3.new(-13.4388723, 9.13645554, -39.3952942)
Part5.Orientation = Vector3.new(0.0299999993, 0.0900000036, 0.00999999978)
Part5.Color = Color3.new(0, 0.12549, 0.376471)
Part6.Parent = Model0
Part6.Material = Enum.Material.Brick
Part6.BrickColor = BrickColor.new("Bright red")
Part6.Rotation = Vector3.new(6.23000002, -89.8899994, 6.21000004)
Part6.Anchored = true
Part6.FormFactor = Enum.FormFactor.Custom
Part6.Size = Vector3.new(0.599999487, 15.5999918, 22.6000023)
Part6.CFrame = CFrame.new(-13.439744, 7.83695078, -39.8957825, 0.00157567614, -0.000171381107, -0.999998152, -0.000470677973, 0.999999821, -0.000172122978, 0.999998033, 0.000470948667, 0.00157561153)
Part6.LeftSurface = Enum.SurfaceType.SmoothNoOutlines
Part6.TopSurface = Enum.SurfaceType.SmoothNoOutlines
Part6.Color = Color3.new(0.768627, 0.156863, 0.109804)
Part6.Position = Vector3.new(-13.439744, 7.83695078, -39.8957825)
Part6.Orientation = Vector3.new(0.00999999978, -89.9100037, -0.0299999993)
Part6.Color = Color3.new(0.768627, 0.156863, 0.109804)
Part7.Parent = Model0
Part7.BrickColor = BrickColor.new("Really black")
Part7.Rotation = Vector3.new(0.0700000003, -57.4500008, 0.0700000003)
Part7.Anchored = true
Part7.FormFactor = Enum.FormFactor.Custom
Part7.Size = Vector3.new(2.3200016, 0.200000003, 0.930000842)
Part7.CFrame = CFrame.new(-8.93986607, 3.58712006, -25.4532776, 0.537980735, -0.00064238807, -0.842956483, 9.30801398e-05, 0.999999762, -0.000702660938, 0.842956543, 0.00029955589, 0.537980676)
Part7.BottomSurface = Enum.SurfaceType.Smooth
Part7.TopSurface = Enum.SurfaceType.Smooth
Part7.Color = Color3.new(0.0666667, 0.0666667, 0.0666667)
Part7.Position = Vector3.new(-8.93986607, 3.58712006, -25.4532776)
Part7.Orientation = Vector3.new(0.0399999991, -57.4500008, 0.00999999978)
Part7.Color = Color3.new(0.0666667, 0.0666667, 0.0666667)
Part8.Parent = Model0
Part8.BrickColor = BrickColor.new("Really black")
Part8.Rotation = Vector3.new(0.0399999991, -57.4599991, 0.0199999996)
Part8.Anchored = true
Part8.FormFactor = Enum.FormFactor.Custom
Part8.Size = Vector3.new(0.399999619, 1.39999986, 2)
Part8.CFrame = CFrame.new(-6.13670492, 0.981043994, -28.0317993, 0.537909448, -0.000171411593, -0.843002498, -0.000304824323, 0.999999881, -0.000397839292, 0.843002558, 0.000470969157, 0.537909389)
Part8.Color = Color3.new(0.0666667, 0.0666667, 0.0666667)
Part8.Position = Vector3.new(-6.13670492, 0.981043994, -28.0317993)
Part8.Orientation = Vector3.new(0.0199999996, -57.4599991, -0.0199999996)
Part8.Color = Color3.new(0.0666667, 0.0666667, 0.0666667)
Part9.Parent = Model0
Part9.BrickColor = BrickColor.new("Really black")
Part9.Rotation = Vector3.new(-0.00999999978, 32.5400009, 0.0399999991)
Part9.Anchored = true
Part9.FormFactor = Enum.FormFactor.Custom
Part9.Size = Vector3.new(0.399999619, 1.39999986, 2)
Part9.CFrame = CFrame.new(-10.3404236, 0.950525999, -28.9033356, 0.843047857, -0.000642374216, 0.53783828, 0.000702643651, 0.999999762, 9.29868693e-05, -0.537838101, 0.000299516076, 0.843048215)
Part9.Color = Color3.new(0.0666667, 0.0666667, 0.0666667)
Part9.Position = Vector3.new(-10.3404236, 0.950525999, -28.9033356)
Part9.Orientation = Vector3.new(-0.00999999978, 32.5400009, 0.0399999991)
Part9.Color = Color3.new(0.0666667, 0.0666667, 0.0666667)
Part10.Parent = Model0
Part10.BrickColor = BrickColor.new("Really black")
Part10.Rotation = Vector3.new(179.990005, -32.5499992, 179.960007)
Part10.Anchored = true
Part10.FormFactor = Enum.FormFactor.Custom
Part10.Size = Vector3.new(0.860000551, 3.24999976, 0.920000196)
Part10.CFrame = CFrame.new(-8.92405796, 1.85848296, -25.4391479, -0.842956543, -0.000642388768, -0.537980735, -0.00070266152, 0.999999762, -9.3080489e-05, 0.537980676, 0.000299555832, -0.842956543)
Part10.Color = Color3.new(0.0666667, 0.0666667, 0.0666667)
Part10.Position = Vector3.new(-8.92405796, 1.85848296, -25.4391479)
Part10.Orientation = Vector3.new(0.00999999978, -147.449997, -0.0399999991)
Part10.Color = Color3.new(0.0666667, 0.0666667, 0.0666667)
CylinderMesh11.Parent = Part10
Part12.Parent = Model0
Part12.BrickColor = BrickColor.new("Really black")
Part12.Rotation = Vector3.new(-179.919998, 57.4599991, 179.960007)
Part12.Anchored = true
Part12.FormFactor = Enum.FormFactor.Custom
Part12.Size = Vector3.new(0.399999619, 2.79999995, 2)
Part12.CFrame = CFrame.new(-11.4463663, 3.0498879, -29.145874, -0.537838399, -0.000342864398, 0.843047857, 0.000609687937, 0.999999523, 0.000795658154, -0.843047738, 0.000941931445, -0.537838101)
Part12.TopSurface = Enum.SurfaceType.Smooth
Part12.Color = Color3.new(0.0666667, 0.0666667, 0.0666667)
Part12.Position = Vector3.new(-11.4463663, 3.0498879, -29.145874)
Part12.Orientation = Vector3.new(-0.0500000007, 122.540001, 0.0299999993)
Part12.Color = Color3.new(0.0666667, 0.0666667, 0.0666667)
Part13.Parent = Model0
Part13.BrickColor = BrickColor.new("Really black")
Part13.Rotation = Vector3.new(0, -57.4599991, 0)
Part13.Anchored = true
Part13.FormFactor = Enum.FormFactor.Custom
Part13.Size = Vector3.new(0.399999619, 1.39999986, 2)
Part13.CFrame = CFrame.new(-5.27520895, 0.980678022, -26.6835327, 0.537838399, 4.14928607e-08, -0.843048096, -2.78449797e-08, 1, 3.12003969e-08, 0.843048036, 6.5271597e-09, 0.537838459)
Part13.Color = Color3.new(0.0666667, 0.0666667, 0.0666667)
Part13.Position = Vector3.new(-5.27520895, 0.980678022, -26.6835327)
Part13.Orientation = Vector3.new(0, -57.4599991, 0)
Part13.Color = Color3.new(0.0666667, 0.0666667, 0.0666667)
Part14.Parent = Model0
Part14.BrickColor = BrickColor.new("Really black")
Part14.Rotation = Vector3.new(0, -57.4599991, 0)
Part14.Anchored = true
Part14.FormFactor = Enum.FormFactor.Custom
Part14.Size = Vector3.new(0.399999619, 2.79999995, 2)
Part14.CFrame = CFrame.new(-6.42660618, 3.11800194, -21.7902527, 0.53783828, 4.13190371e-08, -0.843047976, -2.78568191e-08, 1.00000012, 3.09966701e-08, 0.843047976, 6.74166056e-09, 0.537838459)
Part14.TopSurface = Enum.SurfaceType.Smooth
Part14.Color = Color3.new(0.0666667, 0.0666667, 0.0666667)
Part14.Position = Vector3.new(-6.42660618, 3.11800194, -21.7902527)
Part14.Orientation = Vector3.new(0, -57.4599991, 0)
Part14.Color = Color3.new(0.0666667, 0.0666667, 0.0666667)
Part15.Parent = Model0
Part15.BrickColor = BrickColor.new("Really black")
Part15.Rotation = Vector3.new(179.990005, -32.5499992, 179.960007)
Part15.Anchored = true
Part15.FormFactor = Enum.FormFactor.Custom
Part15.Size = Vector3.new(5.19999981, 0.400000036, 5.39999962)
Part15.CFrame = CFrame.new(-8.85781956, 3.88765812, -25.5755615, -0.842956543, -0.000642388302, -0.537980735, -0.000702661462, 0.999999762, -9.30799069e-05, 0.537980676, 0.000299556268, -0.842956543)
Part15.Color = Color3.new(0.0666667, 0.0666667, 0.0666667)
Part15.Position = Vector3.new(-8.85781956, 3.88765812, -25.5755615)
Part15.Orientation = Vector3.new(0.00999999978, -147.449997, -0.0399999991)
Part15.Color = Color3.new(0.0666667, 0.0666667, 0.0666667)
CylinderMesh16.Parent = Part15
Part17.Parent = Model0
Part17.BrickColor = BrickColor.new("Really black")
Part17.Rotation = Vector3.new(0.0199999996, 32.5400009, 0.00999999978)
Part17.Anchored = true
Part17.FormFactor = Enum.FormFactor.Custom
Part17.Size = Vector3.new(0.399999619, 1.39999986, 2)
Part17.CFrame = CFrame.new(-11.6887798, 0.949916005, -28.0418968, 0.843002498, -0.000171411593, 0.537909329, 0.000397839234, 0.999999881, -0.000304824294, -0.537909269, 0.000470969157, 0.843002319)
Part17.Color = Color3.new(0.0666667, 0.0666667, 0.0666667)
Part17.Position = Vector3.new(-11.6887798, 0.949916005, -28.0418968)
Part17.Orientation = Vector3.new(0.0199999996, 32.5400009, 0.0199999996)
Part17.Color = Color3.new(0.0666667, 0.0666667, 0.0666667)
Part18.Parent = Model0
Part18.BrickColor = BrickColor.new("Really black")
Part18.Rotation = Vector3.new(-179.960007, 57.4599991, 179.979996)
Part18.Anchored = true
Part18.FormFactor = Enum.FormFactor.Custom
Part18.Size = Vector3.new(0.399999619, 1.39999986, 2)
Part18.CFrame = CFrame.new(-12.4354858, 0.939539015, -24.1964417, -0.537909329, -0.000171411593, 0.843002498, 0.000304824294, 0.999999881, 0.000397839234, -0.843002319, 0.000470969157, -0.537909269)
Part18.Color = Color3.new(0.0666667, 0.0666667, 0.0666667)
Part18.Position = Vector3.new(-12.4354858, 0.939539015, -24.1964417)
Part18.Orientation = Vector3.new(-0.0199999996, 122.540001, 0.0199999996)
Part18.Color = Color3.new(0.0666667, 0.0666667, 0.0666667)
Part19.Parent = Model0
Part19.BrickColor = BrickColor.new("Really black")
Part19.Rotation = Vector3.new(-179.970001, -32.5400009, -179.970001)
Part19.Anchored = true
Part19.FormFactor = Enum.FormFactor.Custom
Part19.Size = Vector3.new(0.399999619, 2.79999995, 2)
Part19.CFrame = CFrame.new(-12.6785135, 3.03951406, -23.0904236, -0.843002319, 0.000470978353, -0.537909329, 0.000304835732, 0.99999994, 0.000397838856, 0.537909329, 0.000171405307, -0.843002379)
Part19.TopSurface = Enum.SurfaceType.Smooth
Part19.Color = Color3.new(0.0666667, 0.0666667, 0.0666667)
Part19.Position = Vector3.new(-12.6785135, 3.03951406, -23.0904236)
Part19.Orientation = Vector3.new(-0.0199999996, -147.460007, 0.0199999996)
Part19.Color = Color3.new(0.0666667, 0.0666667, 0.0666667)
Part20.Parent = Model0
Part20.BrickColor = BrickColor.new("Really black")
Part20.Rotation = Vector3.new(-179.949997, -32.5400009, -179.979996)
Part20.Anchored = true
Part20.FormFactor = Enum.FormFactor.Custom
Part20.Size = Vector3.new(0.399999619, 1.39999986, 2)
Part20.CFrame = CFrame.new(-7.53186083, 1.01791, -22.03479, -0.843047976, 0.000299551117, -0.537838459, -9.29835587e-05, 0.999999762, 0.000702702731, 0.537838399, 0.000642422063, -0.843047738)
Part20.Color = Color3.new(0.0666667, 0.0666667, 0.0666667)
Part20.Position = Vector3.new(-7.53186083, 1.01791, -22.03479)
Part20.Orientation = Vector3.new(-0.0399999991, -147.460007, -0.00999999978)
Part20.Color = Color3.new(0.0666667, 0.0666667, 0.0666667)
Part21.Parent = Model0
Part21.BrickColor = BrickColor.new("Really black")
Part21.Rotation = Vector3.new(180, 57.4500008, -180)
Part21.Anchored = true
Part21.FormFactor = Enum.FormFactor.Custom
Part21.Size = Vector3.new(0.399999619, 1.39999986, 2)
Part21.CFrame = CFrame.new(-11.5739899, 0.939539015, -22.8482056, -0.537980855, 1.47942325e-09, 0.842956662, -5.89170401e-09, 1, -5.53178969e-09, -0.842956662, -7.64336328e-09, -0.537980855)
Part21.Color = Color3.new(0.0666667, 0.0666667, 0.0666667)
Part21.Position = Vector3.new(-11.5739899, 0.939539015, -22.8482056)
Part21.Orientation = Vector3.new(0, 122.550003, 0)
Part21.Color = Color3.new(0.0666667, 0.0666667, 0.0666667)
Part22.Parent = Model0
Part22.BrickColor = BrickColor.new("Really black")
Part22.Rotation = Vector3.new(-179.979996, -32.5400009, 179.990005)
Part22.Anchored = true
Part22.FormFactor = Enum.FormFactor.Custom
Part22.Size = Vector3.new(0.399999619, 1.39999986, 2)
Part22.CFrame = CFrame.new(-6.18367004, 1.01827502, -22.8961792, -0.843002498, -0.000171411593, -0.537909329, -0.000397839234, 0.999999881, 0.000304824294, 0.537909269, 0.000470969157, -0.843002319)
Part22.Color = Color3.new(0.0666667, 0.0666667, 0.0666667)
Part22.Position = Vector3.new(-6.18367004, 1.01827502, -22.8961792)
Part22.Orientation = Vector3.new(-0.0199999996, -147.460007, -0.0199999996)
Part22.Color = Color3.new(0.0666667, 0.0666667, 0.0666667)
Part23.Parent = Model0
Part23.BrickColor = BrickColor.new("Really black")
Part23.Rotation = Vector3.new(-0.00999999978, 32.5400009, 0.0399999991)
Part23.Anchored = true
Part23.FormFactor = Enum.FormFactor.Custom
Part23.Size = Vector3.new(0.399999619, 2.79999995, 2)
Part23.CFrame = CFrame.new(-5.03199816, 3.0811379, -27.7880554, 0.843047917, -0.000642374216, 0.53783834, 0.000702643592, 0.999999821, 9.29867019e-05, -0.537838101, 0.000299516163, 0.843048155)
Part23.TopSurface = Enum.SurfaceType.Smooth
Part23.Color = Color3.new(0.0666667, 0.0666667, 0.0666667)
Part23.Position = Vector3.new(-5.03199816, 3.0811379, -27.7880554)
Part23.Orientation = Vector3.new(-0.00999999978, 32.5400009, 0.0399999991)
Part23.Color = Color3.new(0.0666667, 0.0666667, 0.0666667)
Part24.Parent = Model0
Part24.BrickColor = BrickColor.new("Really black")
Part24.Rotation = Vector3.new(-150.309998, 89.9199982, 150.369995)
Part24.Anchored = true
Part24.FormFactor = Enum.FormFactor.Custom
Part24.Size = Vector3.new(0.399999619, 2.79999995, 2)
Part24.CFrame = CFrame.new(-22.9724731, 3.11531806, -21.809082, -0.0010004798, -0.000568951131, 0.999999046, 0.000775628316, 0.999999642, 0.000569726573, -1, 0.000776195899, -0.000999262556)
Part24.TopSurface = Enum.SurfaceType.Smooth
Part24.Color = Color3.new(0.0666667, 0.0666667, 0.0666667)
Part24.Position = Vector3.new(-22.9724731, 3.11531806, -21.809082)
Part24.Orientation = Vector3.new(-0.0299999993, 90.0599976, 0.0399999991)
Part24.Color = Color3.new(0.0666667, 0.0666667, 0.0666667)
Part25.Parent = Model0
Part25.BrickColor = BrickColor.new("Really black")
Part25.Rotation = Vector3.new(0.0299999993, 0.0599999987, 0.00999999978)
Part25.Anchored = true
Part25.FormFactor = Enum.FormFactor.Custom
Part25.Size = Vector3.new(0.399999619, 1.39999986, 2)
Part25.CFrame = CFrame.new(-23.7690411, 1.01485801, -21.0084839, 0.999999523, -0.000171411593, 0.00108430244, 0.000171922322, 0.999999881, -0.000470783212, -0.00108436134, 0.000470969157, 0.999999642)
Part25.Color = Color3.new(0.0666667, 0.0666667, 0.0666667)
Part25.Position = Vector3.new(-23.7690411, 1.01485801, -21.0084839)
Part25.Orientation = Vector3.new(0.0299999993, 0.0599999987, 0.00999999978)
Part25.Color = Color3.new(0.0666667, 0.0666667, 0.0666667)
Part26.Parent = Model0
Part26.BrickColor = BrickColor.new("Really black")
Part26.Rotation = Vector3.new(0, 0.0599999987, 0.0299999993)
Part26.Anchored = true
Part26.FormFactor = Enum.FormFactor.Custom
Part26.Size = Vector3.new(0.399999619, 1.39999986, 2)
Part26.CFrame = CFrame.new(-22.1700115, 1.01522303, -21.0122681, 0.999999762, -0.000476639107, 0.000999420648, 0.000476712477, 0.99999994, -7.29530293e-05, -0.00099986908, 7.34291098e-05, 0.999999225)
Part26.Color = Color3.new(0.0666667, 0.0666667, 0.0666667)
Part26.Position = Vector3.new(-22.1700115, 1.01522303, -21.0122681)
Part26.Orientation = Vector3.new(0, 0.0599999987, 0.0299999993)
Part26.Color = Color3.new(0.0666667, 0.0666667, 0.0666667)
Part27.Parent = Model0
Part27.BrickColor = BrickColor.new("Really black")
Part27.Rotation = Vector3.new(-179.949997, 0.150000006, -179.990005)
Part27.Anchored = true
Part27.FormFactor = Enum.FormFactor.Custom
Part27.Size = Vector3.new(0.399999619, 1.39999986, 2)
Part27.CFrame = CFrame.new(-23.7678528, 0.928676009, -29.3817139, -0.999996662, 0.000132365705, 0.00264410628, 0.000134663904, 0.999999583, 0.000869265117, -0.00264366064, 0.000869618438, -0.999995828)
Part27.Color = Color3.new(0.0666667, 0.0666667, 0.0666667)
Part27.Position = Vector3.new(-23.7678528, 0.928676009, -29.3817139)
Part27.Orientation = Vector3.new(-0.0500000007, 179.850006, 0.00999999978)
Part27.Color = Color3.new(0.0666667, 0.0666667, 0.0666667)
Part28.Parent = Model0
Part28.BrickColor = BrickColor.new("Really black")
Part28.Rotation = Vector3.new(5.25, 89.8899994, -5.25)
Part28.Anchored = true
Part28.FormFactor = Enum.FormFactor.Custom
Part28.Size = Vector3.new(5.29000521, 0.300000697, 2.77999926)
Part28.CFrame = CFrame.new(-22.9244671, 3.33944106, -32.8916931, 0.00247472804, 0.000227212106, 0.999998212, 0.000166595768, 0.99999994, -0.000227624696, -0.999997258, 0.000167157938, 0.00247490173)
Part28.TopSurface = Enum.SurfaceType.Smooth
Part28.Color = Color3.new(0.0666667, 0.0666667, 0.0666667)
Part28.Position = Vector3.new(-22.9244671, 3.33944106, -32.8916931)
Part28.Orientation = Vector3.new(0.00999999978, 89.8600006, 0.00999999978)
Part28.Color = Color3.new(0.0666667, 0.0666667, 0.0666667)
Part29.Parent = Model0
Part29.BrickColor = BrickColor.new("Really black")
Part29.Rotation = Vector3.new(5.25, 89.8899994, -5.25)
Part29.Anchored = true
Part29.FormFactor = Enum.FormFactor.Custom
Part29.Size = Vector3.new(0.750000536, 2.1400001, 0.450000167)
Part29.CFrame = CFrame.new(-24.0898132, 2.12190294, -32.6645508, 0.00247472804, 0.000227212062, 0.999998212, 0.000166595768, 0.99999994, -0.000227624696, -0.999997258, 0.000167158025, 0.00247490173)
Part29.Color = Color3.new(0.0666667, 0.0666667, 0.0666667)
Part29.Position = Vector3.new(-24.0898132, 2.12190294, -32.6645508)
Part29.Orientation = Vector3.new(0.00999999978, 89.8600006, 0.00999999978)
Part29.Color = Color3.new(0.0666667, 0.0666667, 0.0666667)
Model30.Name = "Frame"
Model30.Parent = Model0
Part31.Name = "Cilender"
Part31.Parent = Model30
Part31.Material = Enum.Material.Wood
Part31.BrickColor = BrickColor.new("Reddish brown")
Part31.Rotation = Vector3.new(-90, 0, 0)
Part31.Anchored = true
Part31.FormFactor = Enum.FormFactor.Custom
Part31.Size = Vector3.new(1, 7.19999981, 0.99999994)
Part31.CFrame = CFrame.new(-24.2171326, 10.40343, -2.41729808, 1, 0, 0, 0, 4.37113883e-08, 1, 0, -1, 4.37113883e-08)
Part31.Color = Color3.new(0.411765, 0.25098, 0.156863)
Part31.Position = Vector3.new(-24.2171326, 10.40343, -2.41729808)
Part31.Orientation = Vector3.new(-90, 0, 0)
Part31.Color = Color3.new(0.411765, 0.25098, 0.156863)
CylinderMesh32.Parent = Part31
Part33.Name = "Brick"
Part33.Parent = Model30
Part33.BrickColor = BrickColor.new("Institutional white")
Part33.Rotation = Vector3.new(0, 90, 0)
Part33.Anchored = true
Part33.FormFactor = Enum.FormFactor.Custom
Part33.Size = Vector3.new(4.80000019, 3.4000001, 0.200000003)
Part33.CFrame = CFrame.new(-24.2171326, 8.40380001, -2.41729808, -4.37113883e-08, 0, 1, 3.82137093e-15, 1, -4.37113883e-08, -1, 0, -4.37113883e-08)
Part33.Color = Color3.new(0.972549, 0.972549, 0.972549)
Part33.Position = Vector3.new(-24.2171326, 8.40380001, -2.41729808)
Part33.Orientation = Vector3.new(0, 90, 0)
Part33.Color = Color3.new(0.972549, 0.972549, 0.972549)
Decal34.Parent = Part33
Decal34.Texture = "http://www.roblox.com/asset/?id=76138500"
Decal34.Face = Enum.NormalId.Back
Part35.Name = "Cilender"
Part35.Parent = Model30
Part35.Material = Enum.Material.Wood
Part35.BrickColor = BrickColor.new("Reddish brown")
Part35.Rotation = Vector3.new(-180, 0, 0)
Part35.Anchored = true
Part35.FormFactor = Enum.FormFactor.Custom
Part35.Size = Vector3.new(1, 5.80000019, 0.99999994)
Part35.CFrame = CFrame.new(-24.2171326, 8.40380001, 0.282530993, 1, 0, 0, 0, -1, 4.37113883e-08, 0, 0, -1)
Part35.Color = Color3.new(0.411765, 0.25098, 0.156863)
Part35.Position = Vector3.new(-24.2171326, 8.40380001, 0.282530993)
Part35.Orientation = Vector3.new(0, 180, 180)
Part35.Color = Color3.new(0.411765, 0.25098, 0.156863)
CylinderMesh36.Parent = Part35
Part37.Name = "Cilender"
Part37.Parent = Model30
Part37.Material = Enum.Material.Wood
Part37.BrickColor = BrickColor.new("Reddish brown")
Part37.Rotation = Vector3.new(-90, 0, 0)
Part37.Anchored = true
Part37.FormFactor = Enum.FormFactor.Custom
Part37.Size = Vector3.new(1, 7.19999981, 0.99999994)
Part37.CFrame = CFrame.new(-24.2171326, 6.40237904, -2.41729808, 1, 0, 0, 0, 4.37113883e-08, 1, 0, -1, 4.37113883e-08)
Part37.Color = Color3.new(0.411765, 0.25098, 0.156863)
Part37.Position = Vector3.new(-24.2171326, 6.40237904, -2.41729808)
Part37.Orientation = Vector3.new(-90, 0, 0)
Part37.Color = Color3.new(0.411765, 0.25098, 0.156863)
CylinderMesh38.Parent = Part37
Part39.Name = "Cilender"
Part39.Parent = Model30
Part39.Material = Enum.Material.Wood
Part39.BrickColor = BrickColor.new("Reddish brown")
Part39.Rotation = Vector3.new(-180, 0, 0)
Part39.Anchored = true
Part39.FormFactor = Enum.FormFactor.Custom
Part39.Size = Vector3.new(1, 5.80000019, 0.99999994)
Part39.CFrame = CFrame.new(-24.2171326, 8.40380001, -5.11746216, 1, 0, 0, 0, -1, 4.37113883e-08, 0, 0, -1)
Part39.Color = Color3.new(0.411765, 0.25098, 0.156863)
Part39.Position = Vector3.new(-24.2171326, 8.40380001, -5.11746216)
Part39.Orientation = Vector3.new(0, 180, 180)
Part39.Color = Color3.new(0.411765, 0.25098, 0.156863)
CylinderMesh40.Parent = Part39
Part41.Parent = Model0
Part41.BrickColor = BrickColor.new("Really black")
Part41.Rotation = Vector3.new(-175.080002, -89.8399963, -175.089996)
Part41.Anchored = true
Part41.FormFactor = Enum.FormFactor.Custom
Part41.Size = Vector3.new(0.399999619, 2.79999995, 2)
Part41.CFrame = CFrame.new(-22.9670105, 3.02839994, -28.5788269, -0.00264305482, 0.000227237644, -0.999996066, -0.000166590442, 1, 0.000227678756, 0.999996841, 0.000167192673, -0.00264402013)
Part41.TopSurface = Enum.SurfaceType.Smooth
Part41.Color = Color3.new(0.0666667, 0.0666667, 0.0666667)
Part41.Position = Vector3.new(-22.9670105, 3.02839994, -28.5788269)
Part41.Orientation = Vector3.new(-0.00999999978, -90.1500015, -0.00999999978)
Part41.Color = Color3.new(0.0666667, 0.0666667, 0.0666667)
Part42.Parent = Model0
Part42.BrickColor = BrickColor.new("Really black")
Part42.Rotation = Vector3.new(-179.970001, 0.150000006, 179.990005)
Part42.Anchored = true
Part42.FormFactor = Enum.FormFactor.Custom
Part42.Size = Vector3.new(0.399999619, 1.39999986, 2)
Part42.CFrame = CFrame.new(-22.1662235, 0.928676009, -29.3776245, -0.99999696, -0.000171411593, 0.00255877944, -0.000170206098, 0.999999881, 0.000471406529, -0.00255882018, 0.000470969157, -0.999996841)
Part42.Color = Color3.new(0.0666667, 0.0666667, 0.0666667)
Part42.Position = Vector3.new(-22.1662235, 0.928676009, -29.3776245)
Part42.Orientation = Vector3.new(-0.0299999993, 179.850006, -0.00999999978)
Part42.Color = Color3.new(0.0666667, 0.0666667, 0.0666667)
Part43.Parent = Model0
Part43.Material = Enum.Material.Brick
Part43.BrickColor = BrickColor.new("Bright red")
Part43.Rotation = Vector3.new(6.23000002, -89.8899994, 6.21000004)
Part43.Anchored = true
Part43.FormFactor = Enum.FormFactor.Custom
Part43.Size = Vector3.new(50.8000221, 15.5999918, 0.599999845)
Part43.CFrame = CFrame.new(-25.0005188, 7.82266903, -14.77777, 0.00157567614, -0.000171381107, -0.999998152, -0.000470677973, 0.999999821, -0.000172122978, 0.999998033, 0.000470948667, 0.00157561153)
Part43.BackSurface = Enum.SurfaceType.SmoothNoOutlines
Part43.FrontSurface = Enum.SurfaceType.SmoothNoOutlines
Part43.LeftSurface = Enum.SurfaceType.SmoothNoOutlines
Part43.TopSurface = Enum.SurfaceType.SmoothNoOutlines
Part43.Color = Color3.new(0.768627, 0.156863, 0.109804)
Part43.Position = Vector3.new(-25.0005188, 7.82266903, -14.77777)
Part43.Orientation = Vector3.new(0.00999999978, -89.9100037, -0.0299999993)
Part43.Color = Color3.new(0.768627, 0.156863, 0.109804)
Part44.Parent = Model0
Part44.Material = Enum.Material.Fabric
Part44.BrickColor = BrickColor.new("Navy blue")
Part44.Rotation = Vector3.new(0.0299999993, 0.0900000036, 0.00999999978)
Part44.Anchored = true
Part44.FormFactor = Enum.FormFactor.Custom
Part44.Size = Vector3.new(0.400000036, 12.1999979, 49.8000031)
Part44.CFrame = CFrame.new(-24.4997559, 9.12278366, -14.2782898, 0.999998152, -0.000171381107, 0.00157567614, 0.000172122978, 0.999999821, -0.000470677973, -0.00157561153, 0.000470948667, 0.999998033)
Part44.TopSurface = Enum.SurfaceType.SmoothNoOutlines
Part44.Color = Color3.new(0, 0.12549, 0.376471)
Part44.Position = Vector3.new(-24.4997559, 9.12278366, -14.2782898)
Part44.Orientation = Vector3.new(0.0299999993, 0.0900000036, 0.00999999978)
Part44.Color = Color3.new(0, 0.12549, 0.376471)
Part45.Parent = Model0
Part45.BrickColor = BrickColor.new("Institutional white")
Part45.Transparency = 0.5
Part45.Rotation = Vector3.new(174.910004, 89.9100037, -174.889999)
Part45.Anchored = true
Part45.FormFactor = Enum.FormFactor.Custom
Part45.Size = Vector3.new(28.3599968, 0.200000003, 23.5999947)
Part45.CFrame = CFrame.new(-12.4685822, 15.1359739, -25.0041046, -0.00149042776, 0.000133404857, 0.999998689, 0.000463307108, 0.999999881, -0.00013271434, -0.999998689, 0.000463108678, -0.00149048737)
Part45.BottomSurface = Enum.SurfaceType.Smooth
Part45.TopSurface = Enum.SurfaceType.Smooth
Part45.Color = Color3.new(0.972549, 0.972549, 0.972549)
Part45.Position = Vector3.new(-12.4685822, 15.1359739, -25.0041046)
Part45.Orientation = Vector3.new(0.00999999978, 90.0899963, 0.0299999993)
Part45.Color = Color3.new(0.972549, 0.972549, 0.972549)
PointLight46.Parent = Part45
PointLight46.Range = 16
Part47.Parent = Model0
Part47.Material = Enum.Material.Brick
Part47.BrickColor = BrickColor.new("Dark orange")
Part47.Rotation = Vector3.new(6.23000002, -89.8899994, 6.21000004)
Part47.Anchored = true
Part47.FormFactor = Enum.FormFactor.Custom
Part47.Size = Vector3.new(49.3999901, 0.200000003, 22.1999989)
Part47.CFrame = CFrame.new(-13.1990061, 0.123756997, -14.4996338, 0.00157567614, -0.000171381107, -0.999998152, -0.000470677973, 0.999999821, -0.000172122978, 0.999998033, 0.000470948667, 0.00157561153)
Part47.TopSurface = Enum.SurfaceType.SmoothNoOutlines
Part47.Color = Color3.new(0.627451, 0.372549, 0.207843)
Part47.Position = Vector3.new(-13.1990061, 0.123756997, -14.4996338)
Part47.Orientation = Vector3.new(0.00999999978, -89.9100037, -0.0299999993)
Part47.Color = Color3.new(0.627451, 0.372549, 0.207843)
Part48.Parent = Model0
Part48.BrickColor = BrickColor.new("Institutional white")
Part48.Transparency = 0.5
Part48.Rotation = Vector3.new(-173.770004, 89.9100037, 173.789993)
Part48.Anchored = true
Part48.FormFactor = Enum.FormFactor.Custom
Part48.Size = Vector3.new(28.3799992, 0.200000003, 22.3399868)
Part48.CFrame = CFrame.new(10.5140495, 15.1227922, -25.0515575, -0.00157567975, -0.000171381049, 0.999998748, 0.000470689702, 0.999999881, 0.000172123109, -0.999998569, 0.000470960134, -0.0015756269)
Part48.BottomSurface = Enum.SurfaceType.Smooth
Part48.TopSurface = Enum.SurfaceType.Smooth
Part48.Color = Color3.new(0.972549, 0.972549, 0.972549)
Part48.Position = Vector3.new(10.5140495, 15.1227922, -25.0515575)
Part48.Orientation = Vector3.new(-0.00999999978, 90.0899963, 0.0299999993)
Part48.Color = Color3.new(0.972549, 0.972549, 0.972549)
PointLight49.Parent = Part48
PointLight49.Range = 16
Part50.Parent = Model0
Part50.Material = Enum.Material.Granite
Part50.BrickColor = BrickColor.new("Really black")
Part50.Rotation = Vector3.new(-173.770004, 89.8899994, 173.789993)
Part50.Anchored = true
Part50.FormFactor = Enum.FormFactor.Custom
Part50.Size = Vector3.new(49.7999992, 3.00000024, 0.399999857)
Part50.CFrame = CFrame.new(-24.4985046, 1.52120399, -14.2819223, -0.00157567614, -0.000171381107, 0.999998152, 0.000470677973, 0.999999821, 0.000172122978, -0.999998033, 0.000470948667, -0.00157561153)
Part50.TopSurface = Enum.SurfaceType.SmoothNoOutlines
Part50.Color = Color3.new(0.0666667, 0.0666667, 0.0666667)
Part50.Position = Vector3.new(-24.4985046, 1.52120399, -14.2819223)
Part50.Orientation = Vector3.new(-0.00999999978, 90.0899963, 0.0299999993)
Part50.Color = Color3.new(0.0666667, 0.0666667, 0.0666667)
Part51.Parent = Model0
Part51.Material = Enum.Material.Brick
Part51.BrickColor = BrickColor.new("Dark orange")
Part51.Rotation = Vector3.new(-8.60999966, -89.9000015, -8.65999985)
Part51.Anchored = true
Part51.FormFactor = Enum.FormFactor.Custom
Part51.Size = Vector3.new(49.7999992, 0.200000003, 8.99999809)
Part51.CFrame = CFrame.new(2.3989861, 0.120338999, -14.7241821, 0.0014907805, 0.000226943317, -0.999998331, -0.000775489141, 0.999999642, 0.000225787458, 0.999998271, 0.000775151188, 0.00149098993)
