-- // converted using mech's animoduler
local cfr = CFrame.new

return {{tm=0;["Stand Torso"]={tm=.033;cf=cfr(.592,-.842,-4.192,-.388,.336,-.858,-.455,.74,.496,.801,.583,-.134);es="Linear";ed="In";};["Stand Left Arm"]={tm=.033;cf=cfr(-.186,.205,-.137,-.682,.712,.166,-.506,-.623,.597,.528,.323,.785);es="Linear";ed="In";};["Stand Left Leg"]={tm=.033;cf=cfr(-.431,1.276,-.323,.983,-.165,.077,.056,.677,.734,-.173,-.717,.675);es="Linear";ed="In";};["Stand Right Leg"]={tm=.033;cf=cfr(1.018,1.647,.158,.885,.464,-.017,-.465,.885,-.017,.007,.022,1);es="Linear";ed="In";};["Stand Head"]={tm=.033;cf=cfr(0,0,0,-.006,-.977,.214,.804,.123,.581,-.594,.176,.785);es="Linear";ed="In";};["Stand Right Arm"]={tm=.033;cf=cfr(-.843,.497,-.215,.986,-.167,-.017,.114,.594,.796,-.123,-.787,.605);es="Linear";ed="In";};};{tm=.033;["Stand Torso"]={tm=.017;cf=cfr(.592,-.526,-4.91,.402,.667,-.626,-.53,.728,.435,.747,.157,.647);es="Linear";ed="In";};["Stand Left Arm"]={tm=.017;cf=cfr(-.645,-.187,-.277,-.844,.537,.02,-.473,-.76,.447,.255,.368,.894);es="Linear";ed="In";};["Stand Left Leg"]={tm=.017;cf=cfr(-.436,1.139,-.174,.997,-.006,.077,-.052,.677,.734,-.056,-.736,.675);es="Linear";ed="In";};["Stand Right Leg"]={tm=.017;cf=cfr(.839,1.376,.151,.908,.419,-.017,-.419,.908,-.017,.008,.022,1);es="Linear";ed="In";};["Stand Head"]={tm=.017;cf=cfr(0,0,0,.956,-.253,-.146,.289,.756,.587,-.038,-.604,.796);es="Linear";ed="In";};["Stand Right Arm"]={tm=.017;cf=cfr(-.687,.243,.124,.897,-.345,-.277,.434,.563,.704,-.087,-.751,.654);es="Linear";ed="In";};};{tm=.05;["Stand Torso"]={tm=.033;cf=cfr(.592,-.68,-4.956,.977,-.199,-.075,.167,.498,.851,-.132,-.844,.52);es="Linear";ed="In";};["Stand Left Arm"]={tm=.033;cf=cfr(-.532,-.171,-.114,-.725,.567,-.39,-.421,.083,.903,.545,.819,.178);es="Linear";ed="In";};["Stand Left Leg"]={tm=.033;cf=cfr(-.114,1.172,-.247,.229,.97,.077,-.672,.101,.734,.704,-.22,.675);es="Linear";ed="In";};["Stand Right Leg"]={tm=.033;cf=cfr(.529,.71,.439,.908,.324,-.266,-.419,.714,-.56,.008,.62,.784);es="Linear";ed="In";};["Stand Head"]={tm=.033;cf=cfr(0,0,0,.868,.28,-.41,.029,.796,.604,.495,-.536,.683);es="Linear";ed="In";};["Stand Right Arm"]={tm=.033;cf=cfr(-.332,-.61,-.432,-.821,-.32,-.472,.181,-.931,.317,-.541,.175,.822);es="Linear";ed="In";};};{tm=.083;["Stand Torso"]={tm=.05;cf=cfr(.592,-.558,-4.74,.415,-.601,.683,-.353,.586,.729,-.839,-.543,.031);es="Linear";ed="In";};["Stand Left Arm"]={tm=.05;cf=cfr(-.382,-.148,.103,-.628,.567,-.532,-.599,.083,.796,.496,.819,.288);es="Linear";ed="In";};["Stand Left Leg"]={tm=.05;cf=cfr(-.219,1.269,-.34,.616,.784,.077,-.567,.374,.734,.547,-.496,.675);es="Linear";ed="In";};["Stand Right Leg"]={tm=.05;cf=cfr(.513,.873,.55,.961,-.081,-.266,-.085,.824,-.56,.265,.561,.784);es="Linear";ed="In";};["Stand Head"]={tm=.05;cf=cfr(0,0,0,.67,.612,-.421,-.416,.778,.471,.615,-.14,.776);es="Linear";ed="In";};["Stand Right Arm"]={tm=.05;cf=cfr(-.35,-.046,-.272,.196,-.133,-.972,.804,-.546,.237,-.562,-.827,0);es="Linear";ed="In";};};{tm=.133;["Stand Torso"]={tm=.0839;cf=cfr(.592,-.731,-4.55,.083,-.531,.843,-.349,.777,.524,-.934,-.338,-.121);es="Linear";ed="In";};["Stand Left Arm"]={tm=.0839;cf=cfr(.208,.053,.271,.273,.914,-.301,-.946,.312,.089,.176,.261,.949);es="Linear";ed="In";};["Stand Left Leg"]={tm=.0839;cf=cfr(-.296,1.07,-.238,.945,.325,-.04,-.27,.841,.47,.186,-.433,.882);es="Linear";ed="In";};["Stand Right Leg"]={tm=.0839;cf=cfr(.555,.878,.398,.961,-.107,-.256,-.085,.764,-.639,.265,.636,.725);es="Linear";ed="In";};["Stand Head"]={tm=.0839;cf=cfr(0,0,0,.659,.744,-.107,-.703,.661,.263,.266,-.098,.959);es="Linear";ed="In";};["Stand Right Arm"]={tm=.0839;cf=cfr(-.115,.337,.366,.221,-.342,-.913,.909,-.267,.32,-.353,-.901,.251);es="Linear";ed="In";};};{tm=.217;["Stand Torso"]={tm=.0659;cf=cfr(.592,-.731,-4.55,-.126,-.403,.906,-.271,.893,.359,-.954,-.2,-.222);es="Linear";ed="In";};["Stand Left Arm"]={tm=.0659;cf=cfr(.276,.097,.279,.536,.838,.106,-.775,.538,-.331,-.334,.096,.938);es="Linear";ed="In";};["Stand Left Leg"]={tm=.0659;cf=cfr(-.297,.893,-.166,.999,.01,-.041,.006,.926,.377,.042,-.377,.925);es="Linear";ed="In";};["Stand Right Leg"]={tm=.0659;cf=cfr(.555,.878,.398,.96,.232,-.155,-.254,.957,-.143,.116,.177,.977);es="Linear";ed="In";};["Stand Head"]={tm=.0659;cf=cfr(0,0,0,.679,.726,-.107,-.712,.616,-.337,-.179,.305,.935);es="Linear";ed="In";};["Stand Right Arm"]={tm=.0659;cf=cfr(-.128,.205,.597,.276,-.32,-.906,.912,-.21,.352,-.303,-.924,.234);es="Linear";ed="In";};};{tm=.283;["Stand Torso"]={tm=.134;cf=cfr(.592,-.731,-4.55,-.204,-.382,.901,-.212,.916,.34,-.956,-.121,-.268);es="Linear";ed="In";};["Stand Left Arm"]={tm=.134;cf=cfr(.276,.097,.279,.632,.741,.227,-.67,.669,-.322,-.391,.051,.919);es="Linear";ed="In";};["Stand Left Leg"]={tm=.134;cf=cfr(-.536,.851,-.159,.984,-.173,-.035,.175,.922,.345,-.028,-.346,.938);es="Linear";ed="In";};["Stand Right Leg"]={tm=.134;cf=cfr(.555,.878,.398,.931,.359,-.06,-.361,.932,-.023,.048,.043,.998);es="Linear";ed="In";};["Stand Head"]={tm=.134;cf=cfr(0,0,0,.563,.762,-.319,-.815,.449,-.366,-.135,.466,.874);es="Linear";ed="In";};["Stand Right Arm"]={tm=.134;cf=cfr(-.279,.025,.62,.287,-.352,-.891,.913,-.18,.365,-.289,-.919,.27);es="Linear";ed="In";};};{tm=.417;["Stand Torso"]={tm=.1160;cf=cfr(.592,-.731,-4.55,-.257,-.344,.903,-.176,.935,.306,-.95,-.081,-.301);es="Linear";ed="In";};["Stand Left Arm"]={tm=.1160;cf=cfr(.226,.132,.304,.75,.609,.257,-.544,.79,-.284,-.376,.074,.924);es="Linear";ed="In";};["Stand Left Leg"]={tm=.1160;cf=cfr(-.536,.851,-.159,.984,-.175,-.023,.175,.943,.283,-.028,-.283,.959);es="Linear";ed="In";};["Stand Right Leg"]={tm=.1160;cf=cfr(.555,.878,.398,.946,.317,-.064,-.316,.949,.019,.066,.002,.998);es="Linear";ed="In";};["Stand Head"]={tm=.1160;cf=cfr(0,0,0,.425,.821,-.381,-.902,.35,-.251,-.072,.45,.89);es="Linear";ed="In";};["Stand Right Arm"]={tm=.0330;cf=cfr(-.306,-.128,.585,.277,-.337,-.9,.908,-.214,.359,-.314,-.917,.247);es="Linear";ed="In";};};{tm=.45;["Stand Right Arm"]={tm=.0329;cf=cfr(-.319,-.104,.572,.281,-.295,-.913,.897,-.258,.359,-.342,-.92,.192);es="Linear";ed="In";};};{tm=.483;["Stand Right Arm"]={tm=.0340;cf=cfr(-.247,-.14,.588,.263,-.399,-.878,.916,-.184,.358,-.304,-.898,.317);es="Linear";ed="In";};};{tm=.517;["Stand Right Arm"]={tm=.0330;cf=cfr(-.228,-.098,.594,.216,-.391,-.895,.897,-.284,.34,-.386,-.876,.289);es="Linear";ed="In";};};{tm=.533;["Stand Torso"]={tm=.134;cf=cfr(.592,-.731,-4.55,-.213,-.354,.911,-.192,.929,.316,-.958,-.107,-.265);es="Linear";ed="In";};["Stand Left Arm"]={tm=.134;cf=cfr(.226,.132,.304,.767,.578,.277,-.521,.814,-.256,-.374,.052,.926);es="Linear";ed="In";};["Stand Left Leg"]={tm=.134;cf=cfr(-.536,.851,-.159,.984,-.176,-.018,.175,.951,.256,-.028,-.255,.967);es="Linear";ed="In";};["Stand Right Leg"]={tm=.134;cf=cfr(.555,.878,.398,.956,.284,-.08,-.284,.959,.005,.078,.018,.997);es="Linear";ed="In";};["Stand Head"]={tm=.134;cf=cfr(0,0,0,.457,.822,-.34,-.884,.376,-.279,-.101,.428,.898);es="Linear";ed="In";};};{tm=.55;["Stand Right Arm"]={tm=.0329;cf=cfr(-.299,-.11,.554,.277,-.269,-.922,.909,-.238,.342,-.312,-.933,.179);es="Linear";ed="In";};};{tm=.583;["Stand Right Arm"]={tm=.0340;cf=cfr(-.308,-.122,.547,.343,-.265,-.901,.912,-.134,.387,-.223,-.955,.196);es="Linear";ed="In";};};{tm=.617;["Stand Right Arm"]={tm=.0330;cf=cfr(-.259,-.131,.569,.23,-.293,-.928,.943,-.171,.287,-.243,-.941,.237);es="Linear";ed="In";};};{tm=.65;["Stand Right Arm"]={tm=.0330;cf=cfr(-.319,-.106,.543,.374,-.218,-.901,.914,-.08,.398,-.159,-.973,.169);es="Linear";ed="In";};};{tm=.667;["Stand Torso"]={tm=.0999;cf=cfr(.576,-.74,-4.608,-.252,-.372,.894,-.146,.927,.345,-.957,-.044,-.288);es="Linear";ed="In";};["Stand Left Arm"]={tm=.0999;cf=cfr(.184,.161,.324,.774,.562,.292,-.512,.826,-.235,-.373,.033,.927);es="Linear";ed="In";};["Stand Left Leg"]={tm=.0999;cf=cfr(-.541,.89,-.174,.991,-.127,-.036,.132,.928,.348,-.011,-.35,.937);es="Linear";ed="In";};["Stand Right Leg"]={tm=.0999;cf=cfr(.563,.882,.322,.956,.279,-.096,-.284,.957,-.048,.078,.073,.994);es="Linear";ed="In";};["Stand Head"]={tm=.0999;cf=cfr(0,0,0,.393,.849,-.354,-.914,.318,-.251,-.1,.422,.901);es="Linear";ed="In";};};{tm=.683;["Stand Right Arm"]={tm=.0339;cf=cfr(-.306,-.114,.572,.302,-.226,-.926,.934,-.128,.335,-.194,-.966,.172);es="Linear";ed="In";};};{tm=.717;["Stand Right Arm"]={tm=.0330;cf=cfr(-.314,-.133,.612,.26,-.215,-.941,.94,-.169,.298,-.223,-.962,.158);es="Linear";ed="In";};};{tm=.75;["Stand Right Arm"]={tm=.0330;cf=cfr(-.434,-.023,.604,.351,-.064,-.934,.871,-.344,.351,-.344,-.937,-.065);es="Linear";ed="In";};};{tm=.767;["Stand Torso"]={tm=.0499;cf=cfr(.576,-.74,-4.327,-.205,-.502,.84,-.323,.845,.426,-.924,-.184,-.335);es="Linear";ed="In";};["Stand Left Arm"]={tm=.0499;cf=cfr(.184,.161,.324,.774,.598,.21,-.512,.785,-.349,-.373,.162,.913);es="Linear";ed="In";};["Stand Left Leg"]={tm=.0499;cf=cfr(-.529,.707,-.172,.998,-.063,.009,.063,.998,.012,-.01,-.012,1);es="Linear";ed="In";};["Stand Right Leg"]={tm=.0499;cf=cfr(.613,1.039,.28,.956,.295,-.001,-.284,.923,.261,.078,-.249,.965);es="Linear";ed="In";};["Stand Head"]={tm=.0499;cf=cfr(0,0,0,.233,.951,-.205,-.942,.273,.196,.242,.147,.959);es="Linear";ed="In";};};{tm=.783;["Stand Right Arm"]={tm=.0339;cf=cfr(-.476,-.044,.649,.306,.06,-.95,.892,-.367,.264,-.333,-.928,-.166);es="Linear";ed="In";};};{tm=.817;["Stand Torso"]={tm=.0660;cf=cfr(.576,-.74,-3.874,-.199,-.605,.771,-.464,.751,.47,-.863,-.264,-.43);es="Linear";ed="In";};["Stand Left Arm"]={tm=.0660;cf=cfr(.184,.161,.324,.714,.557,-.424,-.613,.79,.006,.338,.256,.905);es="Linear";ed="In";};["Stand Left Leg"]={tm=.0660;cf=cfr(-.523,.593,-.216,.998,-.056,.032,.063,.93,-.361,-.01,.363,.932);es="Linear";ed="In";};["Stand Right Leg"]={tm=.0660;cf=cfr(.613,1.039,.28,.956,.272,.114,-.284,.747,.601,.078,-.607,.791);es="Linear";ed="In";};["Stand Head"]={tm=.0500;cf=cfr(0,0,0,-.089,.959,-.268,-.873,.055,.485,.48,.277,.832);es="Linear";ed="In";};["Stand Right Arm"]={tm=.0330;cf=cfr(-.51,.065,.72,.303,.205,-.931,.856,-.487,.171,-.419,-.849,-.323);es="Linear";ed="In";};};{tm=.85;["Stand Right Arm"]={tm=.0330;cf=cfr(.109,-.09,.276,.201,-.65,-.733,.934,-.099,.344,-.296,-.754,.587);es="Linear";ed="In";};};{tm=.867;["Stand Head"]={tm=.0660;cf=cfr(0,0,0,.747,.335,-.574,-.516,.837,-.182,.42,.432,.798);es="Linear";ed="In";};};{tm=.883;["Stand Torso"]={tm=.0500;cf=cfr(.576,-.74,-3.587,.768,-.311,.56,.463,.873,-.15,-.442,.375,.815);es="Linear";ed="In";};["Stand Left Arm"]={tm=.0500;cf=cfr(.266,.125,.086,.417,-.87,.262,.681,.49,.544,-.602,-.048,.797);es="Linear";ed="In";};["Stand Left Leg"]={tm=.0500;cf=cfr(-.828,.855,-.355,.683,-.711,-.166,.713,.602,.359,-.155,-.364,.918);es="Linear";ed="In";};["Stand Right Leg"]={tm=.0500;cf=cfr(.568,.545,.115,.982,.086,-.166,-.133,.945,-.298,.131,.315,.94);es="Linear";ed="In";};["Stand Right Arm"]={tm=.0340;cf=cfr(.74,-.213,-.121,.298,-.942,.154,.921,.327,.213,-.251,.079,.965);es="Linear";ed="In";};};{tm=.917;["Stand Right Arm"]={tm=.0160;cf=cfr(.307,-.096,-.071,.221,-.964,.148,.905,.26,.337,-.363,.059,.93);es="Linear";ed="In";};};{tm=.933;["Stand Torso"]={tm=.0669;cf=cfr(.576,-.74,-3.087,.893,-.436,.112,.431,.755,-.495,.131,.49,.862);es="Linear";ed="In";};["Stand Left Arm"]={tm=.0669;cf=cfr(.351,.217,.014,.587,-.771,.249,.636,.629,.448,-.502,-.104,.859);es="Linear";ed="In";};["Stand Left Leg"]={tm=.0669;cf=cfr(-.532,.599,-.227,.414,-.872,-.262,.874,.3,.383,-.255,-.388,.886);es="Linear";ed="In";};["Stand Right Leg"]={tm=.0669;cf=cfr(.593,.91,.299,.976,.158,-.153,-.196,.939,-.284,.099,.307,.947);es="Linear";ed="In";};["Stand Head"]={tm=.0839;cf=cfr(0,0,0,.952,-.184,.246,.304,.446,-.842,.045,.876,.481);es="Linear";ed="In";};["Stand Right Arm"]={tm=.0669;cf=cfr(.084,-.035,-.066,.139,-.968,.211,.938,.197,.287,-.319,.158,.935);es="Linear";ed="In";};};{tm=1;["Stand Torso"]={tm=.0829;cf=cfr(.576,-.74,-2.82,.93,-.335,-.154,.245,.874,-.42,.275,.353,.894);es="Linear";ed="In";};["Stand Left Arm"]={tm=.0829;cf=cfr(.271,.057,.051,.947,-.286,-.145,.319,.798,.511,-.03,-.53,.847);es="Linear";ed="In";};["Stand Left Leg"]={tm=.0829;cf=cfr(-.532,.599,-.227,.634,-.757,-.16,.744,.54,.393,-.211,-.369,.905);es="Linear";ed="In";};["Stand Right Leg"]={tm=.0829;cf=cfr(.485,.694,.379,.967,.23,-.111,-.238,.97,-.059,.094,.083,.992);es="Linear";ed="In";};["Stand Right Arm"]={tm=.0829;cf=cfr(-.281,.033,-.131,.228,-.968,-.104,.925,.182,.334,-.305,-.173,.937);es="Linear";ed="In";};};{tm=1.017;["Stand Head"]={tm=.0830;cf=cfr(0,0,0,.856,-.423,.298,.458,.353,-.816,.24,.835,.496);es="Linear";ed="In";};};{tm=1.083;["Stand Torso"]={tm=.1000;cf=cfr(.576,-.74,-2.651,.927,-.039,-.372,-.068,.961,-.269,.368,.275,.888);es="Linear";ed="In";};["Stand Left Arm"]={tm=.1000;cf=cfr(.17,-.142,.098,.797,.339,-.501,-.264,.94,.217,.544,-.041,.838);es="Linear";ed="In";};["Stand Left Leg"]={tm=.1000;cf=cfr(-.532,.599,-.227,.785,-.617,.055,.598,.779,.189,-.159,-.116,.98);es="Linear";ed="In";};["Stand Right Leg"]={tm=.1000;cf=cfr(.694,.73,.186,.901,.428,-.068,-.399,.881,.254,.168,-.202,.965);es="Linear";ed="In";};["Stand Right Arm"]={tm=.1000;cf=cfr(-.513,.118,-.216,.415,-.888,-.199,.871,.324,.37,-.265,-.326,.907);es="Linear";ed="In";};};{tm=1.1;["Stand Head"]={tm=.0829;cf=cfr(0,0,0,.856,-.459,.239,.458,.459,-.761,.24,.761,.603);es="Linear";ed="In";};};{tm=1.183;["Stand Torso"]={tm=.0999;cf=cfr(.576,-.74,-2.651,.837,.162,-.523,-.195,.981,-.009,.512,.109,.852);es="Linear";ed="In";};["Stand Left Arm"]={tm=.0999;cf=cfr(.17,-.142,.098,.651,.534,-.54,-.496,.837,.23,.575,.118,.81);es="Linear";ed="In";};["Stand Left Leg"]={tm=.0999;cf=cfr(-.56,.658,-.227,.894,-.431,.123,.428,.902,.051,-.133,.007,.991);es="Linear";ed="In";};["Stand Right Leg"]={tm=.0999;cf=cfr(.899,1.087,.12,.982,.171,-.075,-.133,.922,.364,.131,-.347,.929);es="Linear";ed="In";};["Stand Head"]={tm=.0999;cf=cfr(0,0,0,.875,-.428,.226,.477,.679,-.558,.085,.596,.798);es="Linear";ed="In";};["Stand Right Arm"]={tm=.0999;cf=cfr(-.539,.128,-.226,.451,-.867,-.214,.857,.353,.376,-.25,-.353,.902);es="Linear";ed="In";};};{tm=1.283;["Stand Torso"]={tm=.0670;cf=cfr(.576,-.74,-2.706,.796,.216,-.565,-.26,.966,.001,.546,.146,.825);es="Linear";ed="In";};["Stand Left Arm"]={tm=.0670;cf=cfr(.17,-.142,.098,.511,.648,-.565,-.643,.724,.249,.57,.236,.787);es="Linear";ed="In";};["Stand Left Leg"]={tm=.0670;cf=cfr(-.521,.583,-.235,.877,-.453,.159,.462,.886,-.027,-.129,.097,.987);es="Linear";ed="In";};["Stand Right Leg"]={tm=.0670;cf=cfr(.907,1.13,.101,.986,.157,-.063,-.115,.896,.43,.124,-.416,.901);es="Linear";ed="In";};["Stand Head"]={tm=.0670;cf=cfr(0,0,0,.842,-.484,.237,.537,.714,-.45,.049,.506,.861);es="Linear";ed="In";};["Stand Right Arm"]={tm=.0670;cf=cfr(-.425,.07,-.175,.518,-.828,-.214,.826,.419,.376,-.221,-.372,.902);es="Linear";ed="In";};};{tm=1.35;["Stand Torso"]={tm=.0829;cf=cfr(.576,-.74,-2.738,.845,.197,-.497,-.235,.972,-.015,.48,.129,.868);es="Linear";ed="In";};["Stand Left Arm"]={tm=.0829;cf=cfr(.212,-.168,.039,.456,.698,-.552,-.644,.687,.336,.614,.202,.763);es="Linear";ed="In";};["Stand Left Leg"]={tm=.0829;cf=cfr(-.536,.611,-.232,.88,-.447,.159,.457,.889,-.027,-.13,.096,.987);es="Linear";ed="In";};["Stand Right Leg"]={tm=.0829;cf=cfr(.895,1.084,.121,.972,.225,-.063,-.177,.885,.43,.152,-.406,.901);es="Linear";ed="In";};["Stand Head"]={tm=.0829;cf=cfr(0,0,0,.887,-.416,.198,.46,.776,-.431,.026,.474,.88);es="Linear";ed="In";};["Stand Right Arm"]={tm=.0829;cf=cfr(-.425,.07,-.175,.545,-.822,-.166,.812,.468,.349,-.209,-.325,.922);es="Linear";ed="In";};};{tm=1.433;["Stand Torso"]={tm=.1499;cf=cfr(.576,-.74,-2.684,.874,.162,-.458,-.194,.981,-.023,.445,.109,.889);es="Linear";ed="In";};["Stand Left Arm"]={tm=.1499;cf=cfr(.189,-.188,.031,.384,.729,-.567,-.681,.638,.359,.623,.249,.741);es="Linear";ed="In";};["Stand Left Leg"]={tm=.1499;cf=cfr(-.554,.65,-.23,.896,-.422,.141,.425,.905,.013,-.133,.048,.99);es="Linear";ed="In";};["Stand Right Leg"]={tm=.1499;cf=cfr(.888,1.055,.133,.969,.234,-.076,-.189,.907,.376,.157,-.35,.924);es="Linear";ed="In";};["Stand Head"]={tm=.1499;cf=cfr(0,0,0,.89,-.41,.198,.454,.755,-.473,.044,.511,.858);es="Linear";ed="In";};["Stand Right Arm"]={tm=.1499;cf=cfr(-.425,.07,-.175,.534,-.837,-.121,.818,.475,.324,-.214,-.271,.938);es="Linear";ed="In";};};{tm=1.583;["Stand Torso"]={tm=0;cf=cfr(.576,-.74,-2.684,.857,.162,-.488,-.195,.981,-.017,.476,.109,.872);es="Linear";ed="In";};["Stand Left Arm"]={tm=0;cf=cfr(.19,-.189,.032,.404,.707,-.581,-.685,.655,.321,.607,.268,.748);es="Linear";ed="In";};["Stand Left Leg"]={tm=0;cf=cfr(-.554,.65,-.23,.896,-.423,.139,.425,.905,.016,-.133,.045,.99);es="Linear";ed="In";};["Stand Right Leg"]={tm=0;cf=cfr(.888,1.055,.133,.974,.21,-.08,-.168,.918,.36,.149,-.337,.93);es="Linear";ed="In";};["Stand Head"]={tm=0;cf=cfr(0,0,0,.888,-.393,.237,.459,.76,-.46,.001,.518,.856);es="Linear";ed="In";};["Stand Right Arm"]={tm=0;cf=cfr(-.425,.07,-.175,.513,-.85,-.121,.83,.455,.324,-.22,-.266,.938);es="Linear";ed="In";};};}