-- // converted using mech's animoduler
local cfr = CFrame.new

return {{tm=0;["Stand Torso"]={tm=.05;cf=cfr(-.182,-.119,-2.757,.955,.179,-.238,-.056,.893,.446,.292,-.412,.863);es="Linear";ed="In";};["Stand Left Arm"]={tm=.05;cf=cfr(0,0,0,.825,-.431,.365,.428,.899,.094,-.368,.078,.926);es="Linear";ed="In";};["Stand Left Leg"]={tm=.05;cf=cfr(-.27,.316,-.053,.913,-.404,-.054,.408,.905,.12,0,-.132,.991);es="Linear";ed="In";};["Stand Right Leg"]={tm=.05;cf=cfr(0,0,0,.898,.427,.109,-.44,.87,.223,0,-.248,.969);es="Linear";ed="In";};["Stand Head"]={tm=.05;cf=cfr(0,0,0,.947,.32,-.038,-.297,.912,.283,.125,-.256,.958);es="Linear";ed="In";};["Stand Right Arm"]={tm=.05;cf=cfr(-.179,-.236,.151,.251,-.91,.33,.704,.406,.583,-.664,.086,.742);es="Linear";ed="In";};};{tm=.05;["Stand Torso"]={tm=.083;cf=cfr(.016,-.259,-2.975,.773,.179,-.609,.132,.893,.43,.621,-.412,.667);es="Linear";ed="In";};["Stand Left Arm"]={tm=.083;cf=cfr(-.143,-.031,.033,.953,-.216,.215,.207,.976,.062,-.223,-.015,.975);es="Linear";ed="In";};["Stand Left Leg"]={tm=.083;cf=cfr(-.27,.316,-.053,.844,-.533,-.054,.536,.836,.12,-.019,-.13,.991);es="Linear";ed="In";};["Stand Right Leg"]={tm=.083;cf=cfr(.155,0,-.023,.885,.443,.142,-.465,.839,.284,.007,-.317,.948);es="Linear";ed="In";};["Stand Head"]={tm=.083;cf=cfr(0,0,0,.99,.129,-.048,-.113,.96,.255,.079,-.248,.966);es="Linear";ed="In";};["Stand Right Arm"]={tm=.083;cf=cfr(-.628,-.057,.211,.202,-.922,.33,.725,.367,.583,-.659,.122,.742);es="Linear";ed="In";};};{tm=.133;["Stand Torso"]={tm=.067;cf=cfr(.355,-.269,-3.104,.344,-.095,-.934,.336,.942,.028,.877,-.323,.356);es="Linear";ed="In";};["Stand Left Arm"]={tm=.067;cf=cfr(-.143,-.031,.033,.985,.142,.095,-.168,.897,.408,-.027,-.418,.908);es="Linear";ed="In";};["Stand Left Leg"]={tm=.067;cf=cfr(-.64,.674,-.197,.916,-.378,-.135,.401,.882,.247,.026,-.281,.959);es="Linear";ed="In";};["Stand Right Leg"]={tm=.067;cf=cfr(.155,0,-.023,.885,.46,.067,-.465,.874,.143,.007,-.158,.987);es="Linear";ed="In";};["Stand Head"]={tm=.067;cf=cfr(0,0,0,.827,-.546,-.133,.355,.69,-.631,.436,.474,.765);es="Linear";ed="In";};["Stand Right Arm"]={tm=.067;cf=cfr(-.965,.227,.137,.568,-.754,.33,.505,.636,.583,-.65,-.164,.742);es="Linear";ed="In";};};{tm=.2;["Stand Torso"]={tm=.067;cf=cfr(.592,-.18,-3.273,-.161,-.262,-.951,-.181,.956,-.232,.97,.135,-.202);es="Linear";ed="In";};["Stand Left Arm"]={tm=.067;cf=cfr(-.143,-.031,.033,.664,.511,-.545,-.308,.852,.423,.681,-.113,.724);es="Linear";ed="In";};["Stand Left Leg"]={tm=.067;cf=cfr(-.64,.674,-.197,.987,.089,-.135,-.053,.967,.247,.153,-.237,.959);es="Linear";ed="In";};["Stand Right Leg"]={tm=.067;cf=cfr(.583,.812,-.171,.885,.399,.239,-.465,.751,.468,.007,-.526,.851);es="Linear";ed="In";};["Stand Head"]={tm=.067;cf=cfr(0,0,0,.643,-.759,-.101,.475,.499,-.725,.601,.418,.682);es="Linear";ed="In";};["Stand Right Arm"]={tm=.067;cf=cfr(-1.104,.283,.059,.568,-.823,-.017,.505,.333,.796,-.65,-.461,.605);es="Linear";ed="In";};};{tm=.267;["Stand Torso"]={tm=.133;cf=cfr(.732,-.598,-4.129,-.195,-.177,-.965,-.449,.89,-.073,.872,.419,-.253);es="Linear";ed="In";};["Stand Left Arm"]={tm=.133;cf=cfr(-.186,.205,-.137,.146,.826,-.545,-.802,.421,.423,.579,.375,.724);es="Linear";ed="In";};["Stand Left Leg"]={tm=.133;cf=cfr(-.615,.753,-.214,.784,-.606,-.135,.619,.746,.247,-.049,-.278,.959);es="Linear";ed="In";};["Stand Right Leg"]={tm=.133;cf=cfr(.818,1.265,.149,.885,.464,-.017,-.465,.885,-.017,.007,.022,1);es="Linear";ed="In";};["Stand Head"]={tm=.133;cf=cfr(0,0,0,.298,-.955,-.008,.631,.204,-.748,.716,.218,.663);es="Linear";ed="In";};["Stand Right Arm"]={tm=.133;cf=cfr(-1.104,.283,.059,.734,-.679,-.017,.42,.435,.796,-.533,-.592,.605);es="Linear";ed="In";};};{tm=.4;["Stand Torso"]={tm=.0999;cf=cfr(.967,-1.295,-4.773,.188,.6,-.778,-.281,.791,.543,.941,.117,.317);es="Linear";ed="In";};["Stand Left Arm"]={tm=.0999;cf=cfr(-.326,-.34,.076,-.579,.606,-.545,-.814,-.397,.423,.04,.689,.724);es="Linear";ed="In";};["Stand Left Leg"]={tm=.0999;cf=cfr(-.488,1.018,-.318,.91,.409,-.069,-.352,.85,.392,.219,-.332,.918);es="Linear";ed="In";};["Stand Right Leg"]={tm=.0999;cf=cfr(.818,1.265,.149,.906,.423,0,-.422,.906,.019,.008,-.017,1);es="Linear";ed="In";};["Stand Head"]={tm=.0999;cf=cfr(0,0,0,.143,-.955,.261,.954,.204,.221,-.265,.218,.94);es="Linear";ed="In";};["Stand Right Arm"]={tm=.1169;cf=cfr(-1.083,.103,-.351,.763,-.55,-.339,.606,.424,.673,-.226,-.719,.657);es="Linear";ed="In";};};{tm=.5;["Stand Torso"]={tm=.1500;cf=cfr(.967,-1.35,-5.016,.725,.234,-.647,-.022,.948,.318,.688,-.217,.692);es="Linear";ed="In";};["Stand Left Arm"]={tm=.1500;cf=cfr(-.166,-.322,.197,.055,.821,-.568,-.99,.12,.078,.132,.557,.82);es="Linear";ed="In";};["Stand Left Leg"]={tm=.1500;cf=cfr(-.657,1.284,-.464,.954,.3,-.018,-.258,.849,.462,.154,-.435,.887);es="Linear";ed="In";};["Stand Right Leg"]={tm=.1500;cf=cfr(.492,.692,.05,.82,.56,-.12,-.572,.793,-.21,-.023,.24,.97);es="Linear";ed="In";};["Stand Head"]={tm=.1500;cf=cfr(0,0,0,.812,-.522,.261,.476,.851,.221,-.338,-.055,.94);es="Linear";ed="In";};};{tm=.517;["Stand Right Arm"]={tm=.133;cf=cfr(-.958,-.024,-.32,.87,-.461,-.177,.489,.755,.437,-.068,-.467,.882);es="Linear";ed="In";};};{tm=.65;["Stand Torso"]={tm=.0829;cf=cfr(.967,-1.35,-5.017,.736,.218,-.641,.11,.896,.431,.668,-.387,.635);es="Linear";ed="In";};["Stand Left Arm"]={tm=.0829;cf=cfr(.016,-.198,.311,.446,.734,-.513,-.865,.5,-.037,.229,.46,.858);es="Linear";ed="In";};["Stand Left Leg"]={tm=.0829;cf=cfr(-.576,1.435,-.584,.92,.389,.039,-.329,.717,.614,.211,-.578,.788);es="Linear";ed="In";};["Stand Right Leg"]={tm=.0829;cf=cfr(.363,.399,.451,.849,.404,-.341,-.528,.672,-.519,.019,.62,.784);es="Linear";ed="In";};["Stand Head"]={tm=.0829;cf=cfr(0,0,0,.677,-.732,.08,.723,.682,.113,-.137,-.019,.99);es="Linear";ed="In";};["Stand Right Arm"]={tm=.0829;cf=cfr(-.817,-.169,-.284,.677,-.736,.011,.723,.668,.177,-.137,-.112,.984);es="Linear";ed="In";};};{tm=.733;["Stand Torso"]={tm=.0999;cf=cfr(.967,-1.35,-4.995,.703,.186,-.686,.141,.909,.391,.697,-.372,.613);es="Linear";ed="In";};["Stand Left Arm"]={tm=.0999;cf=cfr(.016,-.198,.311,.529,.735,-.425,-.823,.567,-.044,.209,.373,.904);es="Linear";ed="In";};["Stand Left Leg"]={tm=.0999;cf=cfr(-.576,1.435,-.584,.946,.32,.051,-.277,.714,.643,.169,-.623,.764);es="Linear";ed="In";};["Stand Right Leg"]={tm=.0999;cf=cfr(.344,.37,.47,.849,.4,-.346,-.528,.666,-.527,.019,.63,.776);es="Linear";ed="In";};["Stand Head"]={tm=.0999;cf=cfr(0,0,0,.682,-.731,.034,.731,.682,.007,-.029,.02,.999);es="Linear";ed="In";};["Stand Right Arm"]={tm=.0999;cf=cfr(-.814,-.166,-.271,.617,-.778,.115,.747,.626,.225,-.247,-.053,.967);es="Linear";ed="In";};};{tm=.833;["Stand Torso"]={tm=.0840;cf=cfr(.967,-1.35,-4.995,.7,.185,-.689,.089,.936,.341,.708,-.301,.639);es="Linear";ed="In";};["Stand Left Arm"]={tm=.0840;cf=cfr(-.025,-.145,.296,.594,.688,-.417,-.773,.632,-.056,.225,.355,.907);es="Linear";ed="In";};["Stand Left Leg"]={tm=.0840;cf=cfr(-.592,1.391,-.553,.957,.288,.027,-.25,.774,.582,.146,-.564,.813);es="Linear";ed="In";};["Stand Right Leg"]={tm=.0840;cf=cfr(.363,.398,.494,.832,.448,-.326,-.554,.669,-.495,-.004,.593,.805);es="Linear";ed="In";};["Stand Head"]={tm=.0840;cf=cfr(0,0,0,.685,-.728,.002,.725,.682,-.094,.067,.065,.996);es="Linear";ed="In";};["Stand Right Arm"]={tm=.0840;cf=cfr(-.808,-.161,-.24,.612,-.769,.184,.751,.638,.169,-.247,.035,.968);es="Linear";ed="In";};};{tm=.917;["Stand Torso"]={tm=.1499;cf=cfr(.967,-1.35,-4.995,.711,.215,-.67,.073,.925,.374,.699,-.315,.642);es="Linear";ed="In";};["Stand Left Arm"]={tm=.1499;cf=cfr(-.025,-.145,.296,.579,.696,-.424,-.782,.622,-.047,.231,.359,.905);es="Linear";ed="In";};["Stand Left Leg"]={tm=.1499;cf=cfr(-.592,1.391,-.553,.947,.321,.025,-.276,.77,.575,.165,-.551,.818);es="Linear";ed="In";};["Stand Right Leg"]={tm=.1499;cf=cfr(.371,.411,.507,.844,.423,-.329,-.536,.68,-.5,.013,.598,.801);es="Linear";ed="In";};["Stand Head"]={tm=.1499;cf=cfr(0,0,0,.684,-.728,.033,.728,.68,-.091,.044,.086,.995);es="Linear";ed="In";};["Stand Right Arm"]={tm=.1499;cf=cfr(-.808,-.161,-.24,.624,-.76,.184,.741,.65,.169,-.248,.032,.968);es="Linear";ed="In";};};{tm=1.067;["Stand Torso"]={tm=0;cf=cfr(.967,-1.35,-4.995,.716,.197,-.67,.096,.923,.374,.691,-.332,.642);es="Linear";ed="In";};["Stand Left Arm"]={tm=0;cf=cfr(-.015,-.16,.301,.557,.7,-.447,-.787,.617,-.015,.265,.36,.894);es="Linear";ed="In";};["Stand Left Leg"]={tm=0;cf=cfr(-.592,1.391,-.553,.946,.321,.032,-.277,.757,.592,.166,-.569,.805);es="Linear";ed="In";};["Stand Right Leg"]={tm=0;cf=cfr(.364,.4,.496,.844,.419,-.335,-.536,.674,-.508,.013,.608,.794);es="Linear";ed="In";};["Stand Head"]={tm=0;cf=cfr(0,0,0,.677,-.734,.053,.736,.673,-.071,.016,.087,.996);es="Linear";ed="In";};["Stand Right Arm"]={tm=0;cf=cfr(-.79,-.14,-.247,.64,-.75,.166,.727,.661,.184,-.248,.003,.969);es="Linear";ed="In";};};}