-- // converted using mech's animoduler
local cfr = CFrame.new

return {{tm=.1;["Torso"]={tm=.0499;cf=cfr(.479,-.092,-.047,.912,.166,-.375,-.236,.96,-.15,.335,.225,.915);es="Linear";ed="In";};["Head"]={tm=.0499;cf=cfr(0,0,0,.988,-.044,-.151,.093,.938,.333,.127,-.343,.931);es="Linear";ed="In";};["Left Leg"]={tm=.0499;cf=cfr(0,0,0,1,0,0,0,.972,-.235,0,.235,.972);es="Linear";ed="In";};["Right Arm"]={tm=.0499;cf=cfr(.01,-.091,.026,.937,-.102,.333,0,.956,.294,-.349,-.275,.896);es="Linear";ed="In";};["Right Leg"]={tm=.0499;cf=cfr(.181,.367,-.054,.998,-.058,0,.051,.876,.479,-.028,-.479,.878);es="Linear";ed="In";};["Left Arm"]={tm=.0499;cf=cfr(0,0,0,.973,.025,-.228,0,.994,.111,.229,-.108,.967);es="Linear";ed="In";};};{tm=.15;["Torso"]={tm=.0500;cf=cfr(.419,.158,-.247,.97,.221,-.1,-.187,.944,.273,.155,-.247,.957);es="Linear";ed="In";};["Head"]={tm=.0500;cf=cfr(0,0,0,.988,-.101,-.12,.093,.993,-.071,.127,.059,.99);es="Linear";ed="In";};["Left Leg"]={tm=.0500;cf=cfr(0,0,0,.984,.177,0,-.175,.976,.126,.022,-.124,.992);es="Linear";ed="In";};["Right Arm"]={tm=.0500;cf=cfr(.01,-.091,.026,.815,-.473,.333,.387,.874,.294,-.43,-.11,.896);es="Linear";ed="In";};["Right Leg"]={tm=.0500;cf=cfr(.181,.367,-.054,.873,.488,.012,-.47,.833,.29,.132,-.259,.957);es="Linear";ed="In";};["Left Arm"]={tm=.067;cf=cfr(0,0,0,.884,.083,-.46,-.006,.986,.166,.467,-.144,.872);es="Linear";ed="In";};};{tm=.2;["Torso"]={tm=.1169;cf=cfr(.338,.353,-.344,.931,-.347,.116,.253,.84,.48,-.264,-.418,.869);es="Linear";ed="In";};["Head"]={tm=.1169;cf=cfr(0,0,0,.919,.145,-.367,-.303,.855,-.421,.252,.498,.829);es="Linear";ed="In";};["Left Leg"]={tm=.1169;cf=cfr(-.249,.049,-.008,.98,.191,.05,-.195,.897,.397,.031,-.399,.917);es="Linear";ed="In";};["Right Arm"]={tm=.1169;cf=cfr(.01,-.091,.026,.942,-.04,.333,-.063,.954,.294,-.33,-.298,.896);es="Linear";ed="In";};["Right Leg"]={tm=.1169;cf=cfr(.083,.37,-.051,.887,.46,.03,-.459,.887,-.047,-.048,.028,.998);es="Linear";ed="In";};};{tm=.217;["Left Arm"]={tm=.1;cf=cfr(0,0,0,.81,-.364,-.46,.481,.861,.166,.335,-.356,.872);es="Linear";ed="In";};};{tm=.317;["Torso"]={tm=.1159;cf=cfr(.386,.237,-.277,.847,-.526,.078,.39,.713,.582,-.362,-.463,.809);es="Linear";ed="In";};["Head"]={tm=.1159;cf=cfr(0,0,0,.998,.048,-.044,-.065,.657,-.751,-.008,.752,.659);es="Linear";ed="In";};["Left Leg"]={tm=.1159;cf=cfr(-.249,.049,-.008,.997,.069,.027,-.074,.914,.399,.003,-.4,.917);es="Linear";ed="In";};["Right Arm"]={tm=.1159;cf=cfr(.01,-.091,.026,.853,.436,.286,-.498,.844,.2,-.154,-.313,.937);es="Linear";ed="In";};["Right Leg"]={tm=.1159;cf=cfr(.244,.274,-.061,.913,.407,.03,-.405,.913,-.047,-.047,.031,.998);es="Linear";ed="In";};["Left Arm"]={tm=.1159;cf=cfr(0,0,0,.879,-.475,-.039,.444,.786,.43,-.174,-.395,.902);es="Linear";ed="In";};};{tm=.433;["Torso"]={tm=.1000;cf=cfr(.39,.227,-.273,.89,-.455,-.003,.426,.831,.358,-.161,-.32,.934);es="Linear";ed="In";};["Head"]={tm=.1170;cf=cfr(0,0,0,.987,-.091,.133,.161,.63,-.76,-.014,.771,.636);es="Linear";ed="In";};["Left Leg"]={tm=.1000;cf=cfr(-.558,.056,-.001,.984,.175,.024,-.176,.971,.159,.005,-.161,.987);es="Linear";ed="In";};["Right Arm"]={tm=.1000;cf=cfr(.01,-.091,.026,.887,.343,.309,-.425,.868,.256,-.18,-.358,.916);es="Linear";ed="In";};["Right Leg"]={tm=.1000;cf=cfr(.311,.332,.155,.977,.211,.03,-.21,.977,-.047,-.039,.04,.998);es="Linear";ed="In";};["Left Arm"]={tm=.1000;cf=cfr(0,0,0,.862,-.502,.064,.473,.844,.251,-.18,-.186,.966);es="Linear";ed="In";};};{tm=.533;["Torso"]={tm=.0839;cf=cfr(.44,.108,-.25,.869,-.485,-.096,.495,.857,.144,.013,-.173,.985);es="Linear";ed="In";};["Left Leg"]={tm=.0839;cf=cfr(-.587,-.029,-.012,.947,.32,-.031,-.321,.941,-.109,-.006,.113,.994);es="Linear";ed="In";};["Right Arm"]={tm=.0839;cf=cfr(.01,-.091,.026,.939,.343,.017,-.324,.868,.375,.114,-.358,.927);es="Linear";ed="In";};["Right Leg"]={tm=.0839;cf=cfr(.321,.205,.104,.922,.358,.145,-.381,.904,.194,-.062,-.234,.97);es="Linear";ed="In";};["Left Arm"]={tm=.0839;cf=cfr(0,0,0,.843,-.527,.108,.505,.845,.176,-.184,-.094,.978);es="Linear";ed="In";};};{tm=.55;["Head"]={tm=.0669;cf=cfr(0,0,0,.967,-.051,.249,.24,.498,-.834,-.081,.866,.493);es="Linear";ed="In";};};{tm=.617;["Torso"]={tm=.0999;cf=cfr(.4,.051,-.247,.982,-.15,-.114,.156,.987,.041,.107,-.058,.993);es="Linear";ed="In";};["Head"]={tm=.0999;cf=cfr(0,0,0,.935,-.051,.351,.328,.498,-.803,-.134,.866,.482);es="Linear";ed="In";};["Left Leg"]={tm=.0999;cf=cfr(-.565,.042,-.021,.954,.297,.047,-.301,.946,.121,-.008,-.129,.992);es="Linear";ed="In";};["Right Arm"]={tm=.0999;cf=cfr(.01,-.091,.026,.997,-.07,.017,.059,.925,.375,-.042,-.373,.927);es="Linear";ed="In";};["Right Leg"]={tm=.0999;cf=cfr(.603,.229,.057,.955,.241,.17,-.282,.915,.287,-.087,-.322,.943);es="Linear";ed="In";};["Left Arm"]={tm=.0999;cf=cfr(0,0,0,.977,-.211,-.025,.212,.973,.095,.004,-.098,.995);es="Linear";ed="In";};};{tm=.717;["Torso"]={tm=.0830;cf=cfr(.41,-.041,-.256,.992,.089,.088,-.081,.993,-.088,-.095,.08,.992);es="Linear";ed="In";};["Head"]={tm=.0999;cf=cfr(0,0,0,.979,-.086,.184,.196,.647,-.737,-.055,.758,.65);es="Linear";ed="In";};["Left Leg"]={tm=.0830;cf=cfr(-.487,.29,-.099,.954,.244,.177,-.301,.788,.537,-.008,-.565,.825);es="Linear";ed="In";};["Right Arm"]={tm=.0830;cf=cfr(.01,-.091,.026,.956,-.122,.266,.013,.926,.378,-.292,-.358,.887);es="Linear";ed="In";};["Right Leg"]={tm=.0830;cf=cfr(.599,.136,.057,.986,.013,.166,-.012,1,-.007,-.166,.005,.986);es="Linear";ed="In";};["Left Arm"]={tm=.0830;cf=cfr(0,0,0,.999,.011,-.04,-.007,.995,.097,.041,-.097,.994);es="Linear";ed="In";};};{tm=.8;["Torso"]={tm=.0669;cf=cfr(.463,.051,-.24,.962,.223,.159,-.196,.966,-.166,-.191,.128,.973);es="Linear";ed="In";};["Left Leg"]={tm=.0669;cf=cfr(-.487,.29,-.099,.918,.317,.238,-.392,.638,.663,.058,-.702,.71);es="Linear";ed="In";};["Right Arm"]={tm=.0669;cf=cfr(.01,-.091,.026,.948,-.176,.266,.065,.923,.378,-.312,-.341,.887);es="Linear";ed="In";};["Right Leg"]={tm=.0669;cf=cfr(.599,.136,.057,.968,-.164,.189,.191,.972,-.135,-.162,.167,.973);es="Linear";ed="In";};["Left Arm"]={tm=.0669;cf=cfr(0,0,0,.988,.023,-.152,.008,.979,.203,.154,-.202,.967);es="Linear";ed="In";};};{tm=.817;["Head"]={tm=.0660;cf=cfr(0,0,0,.991,-.066,-.116,-.022,.778,-.628,.131,.625,.77);es="Linear";ed="In";};};{tm=.867;["Torso"]={tm=.0999;cf=cfr(.463,.397,-.24,.931,.238,.275,-.174,.955,-.239,-.32,.174,.931);es="Linear";ed="In";};["Left Leg"]={tm=.0999;cf=cfr(-.442,.414,.026,.829,.502,.247,-.517,.519,.681,.214,-.692,.689);es="Linear";ed="In";};["Right Arm"]={tm=.0999;cf=cfr(.01,-.091,.026,.911,-.317,.266,.204,.903,.378,-.36,-.29,.887);es="Linear";ed="In";};["Right Leg"]={tm=.0999;cf=cfr(.654,.022,.014,.88,-.411,.238,.462,.855,-.235,-.107,.317,.942);es="Linear";ed="In";};["Left Arm"]={tm=.0999;cf=cfr(0,0,0,.925,.363,-.111,-.285,.856,.431,.252,-.367,.896);es="Linear";ed="In";};};{tm=.883;["Head"]={tm=.0839;cf=cfr(0,0,0,.969,-.066,-.238,-.099,.778,-.62,.226,.625,.747);es="Linear";ed="In";};};{tm=.967;["Torso"]={tm=0;cf=cfr(.463,.728,-.24,.994,-.103,.048,.096,.988,.12,-.06,-.114,.992);es="Linear";ed="In";};["Head"]={tm=0;cf=cfr(0,0,0,.969,.002,-.247,-.099,.918,-.384,.226,.397,.89);es="Linear";ed="In";};["Left Leg"]={tm=0;cf=cfr(-.5,.232,.054,.951,.299,.079,-.308,.943,.128,-.037,-.146,.989);es="Linear";ed="In";};["Right Arm"]={tm=0;cf=cfr(.044,-.02,.137,.664,-.704,.252,.519,.676,.523,-.539,-.216,.814);es="Linear";ed="In";};["Right Leg"]={tm=0;cf=cfr(.509,.166,-.04,.996,-.003,-.089,.027,.962,.272,.085,-.274,.958);es="Linear";ed="In";};["Left Arm"]={tm=0;cf=cfr(0,0,0,.822,.559,-.111,-.467,.772,.431,.326,-.302,.896);es="Linear";ed="In";};};}