-- // converted using mech's animoduler
local cfr = CFrame.new

return {{tm=0;["Stand Torso"]={tm=.05;cf=cfr(-.154,.3,.044,.796,.065,-.602,.088,.971,.222,.599,-.229,.767);es="Linear";ed="In";};["Stand Left Arm"]={tm=.05;cf=cfr(-.035,-.154,.014,.972,.011,-.234,0,.999,.048,.234,-.047,.971);es="Linear";ed="In";};["Stand Left Leg"]={tm=.05;cf=cfr(0,0,0,.915,-.239,.324,.237,.97,.046,-.325,.035,.945);es="Linear";ed="In";};["Stand Right Leg"]={tm=.05;cf=cfr(.301,.099,-.014,.983,.182,0,-.18,.974,.137,.025,-.135,.991);es="Linear";ed="In";};["Stand Head"]={tm=.05;cf=cfr(0,0,0,.944,-.331,0,.328,.935,-.134,.044,.126,.991);es="Linear";ed="In";};["Stand Right Arm"]={tm=.05;cf=cfr(0,0,0,.959,0,.283,0,1,0,-.283,0,.959);es="Linear";ed="In";};};{tm=.05;["Stand Torso"]={tm=.033;cf=cfr(-.101,.145,-.767,.785,.219,-.58,.166,.827,.537,.597,-.517,.613);es="Linear";ed="In";};["Stand Left Arm"]={tm=.05;cf=cfr(-.035,-.154,.014,.82,-.305,.485,.33,.943,.036,-.468,.131,.874);es="Linear";ed="In";};["Stand Left Leg"]={tm=.033;cf=cfr(0,0,0,.875,-.387,.291,.352,.921,.168,-.333,-.045,.942);es="Linear";ed="In";};["Stand Right Leg"]={tm=.033;cf=cfr(.478,.056,-.008,.971,.24,0,-.237,.962,.137,.033,-.133,.991);es="Linear";ed="In";};["Stand Head"]={tm=.033;cf=cfr(0,0,0,.899,-.428,-.094,.41,.898,-.16,.153,.105,.983);es="Linear";ed="In";};["Stand Right Arm"]={tm=.05;cf=cfr(.144,-.077,-.016,.973,-.177,.149,.087,.877,.472,-.214,-.446,.869);es="Linear";ed="In";};};{tm=.083;["Stand Torso"]={tm=.084;cf=cfr(-.101,.145,-1.624,.639,-.123,-.759,.455,.857,.243,.621,-.501,.603);es="Linear";ed="In";};["Stand Left Leg"]={tm=.084;cf=cfr(-.111,.2,-.052,.875,-.439,.206,.352,.867,.352,-.333,-.235,.913);es="Linear";ed="In";};["Stand Right Leg"]={tm=.084;cf=cfr(.971,.232,-.032,.883,.469,0,-.465,.875,.137,.064,-.121,.991);es="Linear";ed="In";};["Stand Head"]={tm=.084;cf=cfr(0,0,0,.795,-.602,-.067,.59,.795,-.143,.139,.074,.987);es="Linear";ed="In";};};{tm=.1;["Stand Left Arm"]={tm=.067;cf=cfr(-.035,-.154,.014,.745,-.496,.445,.486,.862,.147,-.456,.107,.883);es="Linear";ed="In";};["Stand Right Arm"]={tm=.067;cf=cfr(.265,-.14,-.029,-.115,-.986,.117,.871,-.043,.49,-.478,.158,.864);es="Linear";ed="In";};};{tm=.167;["Stand Torso"]={tm=.0499;cf=cfr(-.101,.131,-2.652,.46,-.499,-.735,.406,.854,-.326,.79,-.149,.595);es="Linear";ed="In";};["Stand Left Arm"]={tm=.0499;cf=cfr(-.035,-.154,.014,.954,-.16,.254,.069,.94,.334,-.292,-.301,.908);es="Linear";ed="In";};["Stand Left Leg"]={tm=.0499;cf=cfr(-.12,.221,-.063,.924,-.361,.125,.256,.827,.501,-.284,-.431,.856);es="Linear";ed="In";};["Stand Right Leg"]={tm=.0499;cf=cfr(1.313,1.115,-.247,.96,.273,.056,-.278,.936,.215,.006,-.222,.975);es="Linear";ed="In";};["Stand Head"]={tm=.0499;cf=cfr(0,0,0,.691,-.723,.005,.703,.671,-.236,.167,.166,.972);es="Linear";ed="In";};["Stand Right Arm"]={tm=.0499;cf=cfr(.595,.17,-.175,-.981,-.133,.139,.169,-.94,.297,.091,.315,.945);es="Linear";ed="In";};};{tm=.217;["Stand Torso"]={tm=.0500;cf=cfr(-.1,.027,-3.01,.557,-.72,-.413,.568,.694,-.443,.606,.013,.795);es="Linear";ed="In";};["Stand Left Arm"]={tm=.0500;cf=cfr(-.035,-.154,.014,.96,.256,-.116,-.173,.864,.473,.221,-.434,.873);es="Linear";ed="In";};["Stand Left Leg"]={tm=.0500;cf=cfr(-.12,.221,-.063,.972,-.185,.147,.113,.91,.4,-.208,-.372,.905);es="Linear";ed="In";};["Stand Right Leg"]={tm=.0500;cf=cfr(1.334,.734,-.164,.923,.382,.056,-.384,.898,.215,.032,-.22,.975);es="Linear";ed="In";};["Stand Head"]={tm=.0500;cf=cfr(0,0,0,.847,-.368,-.384,.337,.93,-.149,.412,-.003,.911);es="Linear";ed="In";};["Stand Right Arm"]={tm=.0500;cf=cfr(.175,.569,.085,-.983,-.02,.183,-.054,-.918,-.394,.176,-.397,.901);es="Linear";ed="In";};};{tm=.267;["Stand Torso"]={tm=.066;cf=cfr(-.101,-.02,-3.673,.374,-.518,.769,.724,.681,.107,-.579,.517,.63);es="Linear";ed="In";};["Stand Left Arm"]={tm=.0499;cf=cfr(-.035,-.154,.014,-.216,.848,-.484,-.621,.263,.738,.753,.46,.47);es="Linear";ed="In";};["Stand Left Leg"]={tm=.066;cf=cfr(-.12,.221,-.063,.972,-.042,.233,.113,.947,-.301,-.208,.319,.925);es="Linear";ed="In";};["Stand Right Leg"]={tm=.066;cf=cfr(.415,.82,.396,.678,.577,-.456,-.621,.781,.064,.393,.24,.887);es="Linear";ed="In";};["Stand Head"]={tm=.066;cf=cfr(0,0,0,.563,.821,.089,-.82,.543,.181,.1,-.175,.979);es="Linear";ed="In";};["Stand Right Arm"]={tm=.0329;cf=cfr(-.066,1.184,.299,-.678,.257,-.689,.156,-.866,-.476,-.719,-.43,.546);es="Linear";ed="In";};};{tm=.3;["Stand Right Arm"]={tm=.0330;cf=cfr(.569,.588,.415,-.604,-.401,-.689,.794,-.378,-.476,-.07,-.835,.546);es="Linear";ed="In";};};{tm=.317;["Stand Left Arm"]={tm=.0499;cf=cfr(.128,-.24,.183,.653,.623,-.431,-.342,.75,.567,.676,-.223,.702);es="Linear";ed="In";};};{tm=.333;["Stand Torso"]={tm=.0499;cf=cfr(-.101,-.02,-3.722,.184,-.412,.892,.037,.91,.413,-.982,-.043,.182);es="Linear";ed="In";};["Stand Left Leg"]={tm=.0499;cf=cfr(-.074,.461,-.035,.947,.187,.263,-.148,.976,-.161,-.286,.113,.951);es="Linear";ed="In";};["Stand Right Leg"]={tm=.0499;cf=cfr(.654,1.176,.154,.873,.173,-.456,-.161,.985,.064,.46,.018,.887);es="Linear";ed="In";};["Stand Head"]={tm=.0499;cf=cfr(0,0,0,.37,.918,.142,-.928,.37,.027,-.027,-.142,.99);es="Linear";ed="In";};["Stand Right Arm"]={tm=.0499;cf=cfr(.994,.068,.34,.384,-.615,-.689,.4,.783,-.476,.832,-.093,.546);es="Linear";ed="In";};};{tm=.367;["Stand Left Arm"]={tm=.0830;cf=cfr(.215,.01,.176,.989,-.034,-.142,.119,.753,.647,.085,-.657,.749);es="Linear";ed="In";};};{tm=.383;["Stand Torso"]={tm=.067;cf=cfr(-.101,-.064,-3.633,-.027,-.485,.874,-.24,.852,.466,-.971,-.197,-.139);es="Linear";ed="In";};["Stand Left Leg"]={tm=.067;cf=cfr(-.654,.843,.033,.925,-.207,.32,.097,.94,.327,-.368,-.271,.889);es="Linear";ed="In";};["Stand Right Leg"]={tm=.067;cf=cfr(.654,1.176,.154,.863,.168,-.476,-.21,.977,-.037,.459,.132,.879);es="Linear";ed="In";};["Stand Head"]={tm=.067;cf=cfr(0,0,0,.154,.899,-.409,-.931,.271,.246,.332,.343,.879);es="Linear";ed="In";};["Stand Right Arm"]={tm=.067;cf=cfr(1.174,.188,.035,.437,-.578,-.689,.329,.816,-.476,.837,-.019,.546);es="Linear";ed="In";};};{tm=.45;["Stand Torso"]={tm=.0499;cf=cfr(-.101,-.064,-3.546,-.125,-.479,.869,-.376,.833,.405,-.918,-.276,-.285);es="Linear";ed="In";};["Stand Left Arm"]={tm=.0499;cf=cfr(-.002,-.02,.168,.981,-.193,-.016,.175,.85,.497,-.082,-.49,.868);es="Linear";ed="In";};["Stand Left Leg"]={tm=.0499;cf=cfr(-.654,.843,.033,.888,-.374,.266,.223,.858,.463,-.402,-.352,.845);es="Linear";ed="In";};["Stand Right Leg"]={tm=.0499;cf=cfr(.609,1.169,.236,.86,.164,-.483,-.23,.97,-.081,.455,.181,.872);es="Linear";ed="In";};["Stand Head"]={tm=.0499;cf=cfr(0,0,0,.046,.922,-.385,-.991,.09,.096,.123,.378,.918);es="Linear";ed="In";};["Stand Right Arm"]={tm=.0499;cf=cfr(1.174,.188,.035,.701,-.431,-.569,.101,.849,-.519,.706,.307,.638);es="Linear";ed="In";};};{tm=.5;["Stand Torso"]={tm=.0669;cf=cfr(-.101,-.064,-3.512,-.161,-.443,.882,-.478,.817,.323,-.863,-.37,-.343);es="Linear";ed="In";};["Stand Left Arm"]={tm=.0669;cf=cfr(0,-.044,.197,.985,-.172,-.012,.17,.956,.238,-.03,-.237,.971);es="Linear";ed="In";};["Stand Left Leg"]={tm=.0669;cf=cfr(-.654,.843,.033,.84,-.49,.233,.31,.786,.534,-.445,-.376,.813);es="Linear";ed="In";};["Stand Right Leg"]={tm=.0669;cf=cfr(.609,1.169,.236,.837,.258,-.483,-.336,.938,-.081,.433,.23,.872);es="Linear";ed="In";};["Stand Head"]={tm=.0669;cf=cfr(0,0,0,.006,.931,-.365,-.989,-.049,-.141,-.149,.362,.92);es="Linear";ed="In";};["Stand Right Arm"]={tm=.0669;cf=cfr(1.197,.16,-.026,.724,-.42,-.548,.053,.825,-.563,.688,.378,.619);es="Linear";ed="In";};};{tm=.567;["Stand Torso"]={tm=.0830;cf=cfr(-.101,-.064,-3.512,-.217,-.391,.895,-.478,.842,.252,-.851,-.373,-.369);es="Linear";ed="In";};["Stand Left Arm"]={tm=.0830;cf=cfr(-.053,-.049,.195,.969,-.227,.094,.2,.951,.237,-.143,-.211,.967);es="Linear";ed="In";};["Stand Left Leg"]={tm=.0830;cf=cfr(-.838,.849,.024,.822,-.548,.151,.335,.682,.65,-.46,-.483,.745);es="Linear";ed="In";};["Stand Right Leg"]={tm=.0830;cf=cfr(.609,1.169,.236,.837,.324,-.442,-.336,.94,.053,.433,.104,.896);es="Linear";ed="In";};["Stand Head"]={tm=.0830;cf=cfr(0,0,0,-.022,.934,-.357,-.933,-.148,-.328,-.359,.326,.875);es="Linear";ed="In";};["Stand Right Arm"]={tm=.0830;cf=cfr(1.166,.198,.053,.745,-.402,-.533,.012,.806,-.591,.667,.434,.606);es="Linear";ed="In";};};{tm=.65;["Stand Torso"]={tm=.0499;cf=cfr(-.1,-.064,-3.829,.167,.153,.974,-.285,.953,-.101,-.944,-.261,.203);es="Linear";ed="In";};["Stand Left Arm"]={tm=.0499;cf=cfr(-.053,-.049,.195,.727,-.686,.025,.647,.697,.309,-.229,-.208,.951);es="Linear";ed="In";};["Stand Left Leg"]={tm=.0499;cf=cfr(-.838,.849,.024,.77,-.62,.151,.395,.65,.65,-.501,-.441,.745);es="Linear";ed="In";};["Stand Right Leg"]={tm=.0499;cf=cfr(.609,1.169,.236,.837,.231,-.497,-.336,.932,-.132,.433,.278,.858);es="Linear";ed="In";};["Stand Head"]={tm=.0499;cf=cfr(0,0,0,.092,.932,-.35,-.905,-.069,-.42,-.415,.355,.837);es="Linear";ed="In";};["Stand Right Arm"]={tm=.0330;cf=cfr(.751,-.108,-.488,.477,-.267,.837,.715,.672,-.193,-.511,.69,.512);es="Linear";ed="In";};};{tm=.683;["Stand Right Arm"]={tm=.0169;cf=cfr(.419,-.179,.655,.547,-.749,.373,-.125,.368,.921,-.828,-.551,.108);es="Linear";ed="In";};};{tm=.7;["Stand Torso"]={tm=.0670;cf=cfr(-.1,-.064,-3.829,.938,-.184,-.295,.191,.982,-.006,.29,-.051,.956);es="Linear";ed="In";};["Stand Left Arm"]={tm=.0670;cf=cfr(-.053,-.049,.195,.5,-.662,.559,.443,.75,.492,-.744,.002,.668);es="Linear";ed="In";};["Stand Left Leg"]={tm=.0670;cf=cfr(-.65,.775,.077,.43,-.9,.068,.635,.355,.686,-.642,-.251,.725);es="Linear";ed="In";};["Stand Right Leg"]={tm=.0670;cf=cfr(.546,.751,.225,.866,.15,-.477,-.144,.988,.048,.479,.027,.877);es="Linear";ed="In";};["Stand Head"]={tm=.0670;cf=cfr(0,0,0,.945,-.231,-.23,.122,.905,-.407,.302,.357,.884);es="Linear";ed="In";};["Stand Right Arm"]={tm=.0670;cf=cfr(-.491,.151,.679,.839,-.207,.503,-.501,.069,.863,-.213,-.976,-.046);es="Linear";ed="In";};};{tm=.767;["Stand Torso"]={tm=.0829;cf=cfr(-.1,-.064,-3.829,.684,-.14,-.716,-.189,.914,-.359,.704,.381,.599);es="Linear";ed="In";};["Stand Left Arm"]={tm=.0829;cf=cfr(-.053,-.049,.195,.439,-.64,.63,.508,.755,.414,-.741,.139,.657);es="Linear";ed="In";};["Stand Left Leg"]={tm=.0829;cf=cfr(-.359,.607,.071,.373,-.866,.333,.67,.499,.549,-.642,.019,.767);es="Linear";ed="In";};["Stand Right Leg"]={tm=.0829;cf=cfr(.546,.751,.225,.866,.378,-.328,-.144,.817,.559,.479,-.436,.762);es="Linear";ed="In";};["Stand Head"]={tm=.0829;cf=cfr(0,0,0,.721,-.686,-.097,.373,.502,-.78,.584,.526,.618);es="Linear";ed="In";};["Stand Right Arm"]={tm=.0829;cf=cfr(-.491,.151,.679,.904,-.024,.426,-.409,-.337,.848,.123,-.941,-.314);es="Linear";ed="In";};};{tm=.85;["Stand Torso"]={tm=.0670;cf=cfr(-.1,-.064,-3.785,.418,-.242,-.876,-.394,.82,-.415,.819,.518,.247);es="Linear";ed="In";};["Stand Left Arm"]={tm=.0670;cf=cfr(-.015,-.057,-.015,.872,-.456,-.177,.469,.882,.04,.138,-.118,.983);es="Linear";ed="In";};["Stand Left Leg"]={tm=.0670;cf=cfr(-.459,.56,.148,.236,-.913,.333,.739,.391,.549,-.631,.116,.767);es="Linear";ed="In";};["Stand Right Leg"]={tm=.0670;cf=cfr(.582,.637,.125,.866,.443,-.234,-.144,.668,.73,.479,-.598,.642);es="Linear";ed="In";};["Stand Head"]={tm=.0670;cf=cfr(0,0,0,.572,-.801,-.175,.463,.492,-.737,.677,.34,.653);es="Linear";ed="In";};["Stand Right Arm"]={tm=.0670;cf=cfr(-.491,.151,.679,.885,.237,.401,-.319,-.32,.892,.34,-.917,-.208);es="Linear";ed="In";};};{tm=.917;["Stand Torso"]={tm=.0499;cf=cfr(-.1,-.064,-3.975,.037,-.138,-.99,-.201,.969,-.143,.979,.204,.009);es="Linear";ed="In";};["Stand Left Arm"]={tm=.0499;cf=cfr(-.015,-.057,-.015,.918,-.003,-.396,.042,.995,.089,.394,-.098,.914);es="Linear";ed="In";};["Stand Left Leg"]={tm=.0499;cf=cfr(-.484,.694,.296,.236,-.854,.465,.739,.468,.485,-.631,.229,.741);es="Linear";ed="In";};["Stand Right Leg"]={tm=.0499;cf=cfr(.582,.637,.125,.939,-.061,-.338,.156,.952,.262,.306,-.299,.904);es="Linear";ed="In";};["Stand Head"]={tm=.0499;cf=cfr(0,0,0,.488,-.855,-.178,.79,.519,-.325,.37,.018,.929);es="Linear";ed="In";};["Stand Right Arm"]={tm=.0499;cf=cfr(-.402,-.418,.4,.829,.554,-.071,-.085,.252,.964,.552,-.793,.256);es="Linear";ed="In";};};{tm=.967;["Stand Torso"]={tm=.0499;cf=cfr(-.31,-.064,-3.975,.991,.04,-.131,-.006,.968,.25,.137,-.247,.959);es="Linear";ed="In";};["Stand Left Arm"]={tm=.0499;cf=cfr(-.015,-.057,-.015,.803,.358,-.477,-.363,.928,.085,.473,.105,.875);es="Linear";ed="In";};["Stand Left Leg"]={tm=.0499;cf=cfr(-.986,1.278,.152,.676,-.501,.54,.346,.863,.368,-.65,-.063,.757);es="Linear";ed="In";};["Stand Right Leg"]={tm=.0499;cf=cfr(.582,.637,.125,.884,.32,-.341,-.104,.846,.524,.456,-.427,.78);es="Linear";ed="In";};["Stand Head"]={tm=.0499;cf=cfr(0,0,0,.994,-.108,-.025,.103,.82,.563,-.041,-.562,.826);es="Linear";ed="In";};["Stand Right Arm"]={tm=.0499;cf=cfr(-.649,-.341,.175,.308,.949,-.071,-.223,.145,.964,.925,-.281,.256);es="Linear";ed="In";};};{tm=1.017;["Stand Torso"]={tm=.1160;cf=cfr(-.563,-.064,-3.96,-.047,-.769,.637,-.221,.63,.744,-.974,-.106,-.199);es="Linear";ed="In";};["Stand Left Arm"]={tm=.1160;cf=cfr(-.015,-.057,-.015,.685,.63,-.364,-.539,.776,.329,.49,-.03,.871);es="Linear";ed="In";};["Stand Left Leg"]={tm=.1160;cf=cfr(-.986,1.278,.152,.841,.426,.334,-.283,.872,-.399,-.462,.241,.854);es="Linear";ed="In";};["Stand Right Leg"]={tm=.1160;cf=cfr(.582,.637,.125,.854,.256,-.454,-.264,.963,.047,.449,.08,.89);es="Linear";ed="In";};["Stand Head"]={tm=.1160;cf=cfr(0,0,0,-.029,.999,.024,-.845,-.038,.534,.535,-.004,.845);es="Linear";ed="In";};["Stand Right Arm"]={tm=.1160;cf=cfr(.274,-.494,.304,.309,-.948,-.071,.265,.014,.964,-.913,-.317,.256);es="Linear";ed="In";};};{tm=1.133;["Stand Torso"]={tm=.1339;cf=cfr(-.563,-.064,-3.937,-.397,-.779,.485,-.431,.625,.651,-.81,.05,-.584);es="Linear";ed="In";};["Stand Left Arm"]={tm=.1339;cf=cfr(-.015,-.057,-.015,.997,.003,.081,0,1,-.028,-.081,.028,.996);es="Linear";ed="In";};["Stand Left Leg"]={tm=.1339;cf=cfr(-1.02,1.111,.13,.887,.196,.419,-.12,.972,-.2,-.447,.127,.886);es="Linear";ed="In";};["Stand Right Leg"]={tm=.1339;cf=cfr(.56,1.081,.09,.89,-.049,-.454,.079,.996,.047,.45,-.077,.89);es="Linear";ed="In";};["Stand Head"]={tm=.1169;cf=cfr(0,0,0,-.159,.986,-.058,-.951,-.137,.277,.265,.099,.959);es="Linear";ed="In";};["Stand Right Arm"]={tm=.1339;cf=cfr(.353,-.345,.469,.096,-.993,-.071,.262,-.044,.964,-.96,-.111,.256);es="Linear";ed="In";};};{tm=1.25;["Stand Head"]={tm=.1169;cf=cfr(0,0,0,-.2,.977,-.075,-.968,-.185,.173,.155,.107,.982);es="Linear";ed="In";};};{tm=1.267;["Stand Torso"]={tm=.1160;cf=cfr(-.563,-.064,-3.996,-.421,-.793,.442,-.496,.608,.619,-.76,.041,-.649);es="Linear";ed="In";};["Stand Left Arm"]={tm=.1160;cf=cfr(-.144,-.071,.021,.985,-.088,.146,.094,.995,-.04,-.142,.053,.988);es="Linear";ed="In";};["Stand Left Leg"]={tm=.1160;cf=cfr(-1.014,1.109,.143,.901,.088,.425,-.03,.989,-.142,-.433,.115,.894);es="Linear";ed="In";};["Stand Right Leg"]={tm=.1160;cf=cfr(.541,1.258,.09,.888,-.109,-.447,.098,.994,-.047,.45,-.002,.893);es="Linear";ed="In";};["Stand Right Arm"]={tm=.1160;cf=cfr(.348,-.398,.405,-.033,-.997,.068,.254,.057,.965,-.967,.049,.252);es="Linear";ed="In";};};{tm=1.367;["Stand Head"]={tm=.1499;cf=cfr(0,0,0,-.271,.952,-.145,-.956,-.247,.161,.117,.182,.976);es="Linear";ed="In";};};{tm=1.383;["Stand Torso"]={tm=.1339;cf=cfr(-.563,-.064,-3.996,-.357,-.791,.497,-.504,.611,.61,-.786,-.033,-.617);es="Linear";ed="In";};["Stand Left Arm"]={tm=.1339;cf=cfr(-.182,-.076,.023,.987,-.127,.102,.132,.99,-.042,-.096,.055,.994);es="Linear";ed="In";};["Stand Left Leg"]={tm=.1339;cf=cfr(-1.026,1.113,.117,.904,.02,.427,.034,.992,-.119,-.426,.122,.897);es="Linear";ed="In";};["Stand Right Leg"]={tm=.1339;cf=cfr(.494,1.249,.066,.878,-.169,-.447,.165,.985,-.047,.449,-.032,.893);es="Linear";ed="In";};["Stand Right Arm"]={tm=.1339;cf=cfr(.326,-.397,.434,-.097,-.99,.104,.257,.075,.963,-.961,.121,.247);es="Linear";ed="In";};};{tm=1.517;["Stand Torso"]={tm=0;cf=cfr(-.563,-.064,-3.989,-.33,-.789,.519,-.533,.609,.587,-.779,-.083,-.622);es="Linear";ed="In";};["Stand Left Arm"]={tm=0;cf=cfr(-.161,-.079,.025,.996,-.061,-.061,.057,.996,-.063,.065,.06,.996);es="Linear";ed="In";};["Stand Left Leg"]={tm=0;cf=cfr(-1.027,1.081,.112,.904,.041,.425,.034,.986,-.166,-.426,.164,.89);es="Linear";ed="In";};["Stand Right Leg"]={tm=0;cf=cfr(.494,1.249,.066,.878,-.152,-.453,.165,.986,-.011,.449,-.065,.891);es="Linear";ed="In";};["Stand Head"]={tm=0;cf=cfr(0,0,0,-.297,.952,-.072,-.943,-.281,.177,.148,.12,.982);es="Linear";ed="In";};["Stand Right Arm"]={tm=0;cf=cfr(.316,-.387,.425,-.024,-.997,.067,.251,.059,.966,-.968,.04,.249);es="Linear";ed="In";};};}