-- // converted using mech's animoduler
local cfr = CFrame.new

return {{tm=.033;["Stand Left Arm"]={tm=.034;cf=cfr(-.048,-.183,.155,.508,.818,-.269,-.825,.552,.122,.248,.16,.955);es="Linear";ed="In";};};{tm=.05;["Stand Torso"]={tm=.017;cf=cfr(-1.566,-.575,-.567,.939,.328,-.098,-.302,.928,.216,.162,-.174,.971);es="Sine";ed="Out";};["Stand Left Leg"]={tm=.05;cf=cfr(0,0,0,.944,-.296,.144,.29,.955,.066,-.157,-.021,.987);es="Linear";ed="In";};["Stand Right Leg"]={tm=.0999;cf=cfr(.187,.473,-.078,.997,-.082,.006,.081,.99,.112,-.015,-.111,.994);es="Linear";ed="In";};["Stand Head"]={tm=.017;cf=cfr(0,0,0,.965,.115,.238,-.141,.985,.095,-.223,-.125,.967);es="Sine";ed="Out";};};{tm=.067;["Stand Torso"]={tm=.016;cf=cfr(-1.68,-.631,-.775,.933,.348,-.091,-.32,.919,.231,.165,-.187,.969);es="Linear";ed="In";};["Stand Left Arm"]={tm=.15;cf=cfr(-.073,-.26,.174,.292,.918,-.267,-.907,.355,.227,.303,.176,.937);es="Linear";ed="In";};["Stand Head"]={tm=.016;cf=cfr(0,0,0,.962,.134,.238,-.16,.983,.095,-.221,-.129,.967);es="Linear";ed="In";};};{tm=.083;["Stand Torso"]={tm=.017;cf=cfr(-1.793,-.685,-.979,.926,.368,-.084,-.338,.908,.246,.167,-.199,.966);es="Linear";ed="In";};["Stand Head"]={tm=.017;cf=cfr(0,0,0,.959,.152,.238,-.178,.979,.095,-.218,-.134,.967);es="Linear";ed="In";};};{tm=.1;["Stand Torso"]={tm=.017;cf=cfr(-1.902,-.738,-1.178,.919,.386,-.077,-.355,.898,.26,.17,-.212,.963);es="Linear";ed="In";};["Stand Left Leg"]={tm=.067;cf=cfr(0,0,0,.846,-.486,.221,.469,.874,.128,-.256,-.004,.967);es="Linear";ed="In";};["Stand Head"]={tm=.017;cf=cfr(0,0,0,.957,.169,.238,-.196,.976,.095,-.216,-.138,.967);es="Linear";ed="In";};["Stand Right Arm"]={tm=.0499;cf=cfr(-.32,-.313,-.171,.287,-.845,-.452,.9,.4,-.176,.33,-.356,.874);es="Linear";ed="In";};};{tm=.117;["Stand Torso"]={tm=.016;cf=cfr(-2.006,-.789,-1.368,.912,.404,-.07,-.372,.887,.273,.172,-.223,.959);es="Linear";ed="In";};["Stand Head"]={tm=.016;cf=cfr(0,0,0,.953,.186,.238,-.213,.972,.095,-.213,-.141,.967);es="Linear";ed="In";};};{tm=.133;["Stand Torso"]={tm=.0169;cf=cfr(-2.104,-.837,-1.546,.905,.42,-.063,-.387,.877,.285,.175,-.234,.956);es="Linear";ed="In";};["Stand Head"]={tm=.0169;cf=cfr(0,0,0,.95,.202,.238,-.229,.969,.095,-.211,-.145,.967);es="Linear";ed="In";};};{tm=.15;["Stand Torso"]={tm=.0170;cf=cfr(-2.194,-.88,-1.709,.899,.435,-.056,-.401,.867,.296,.178,-.244,.953);es="Linear";ed="In";};["Stand Right Leg"]={tm=.0500;cf=cfr(.505,1.31,-.223,.97,-.241,-.012,.232,.919,.318,-.066,-.311,.948);es="Linear";ed="In";};["Stand Head"]={tm=.0170;cf=cfr(0,0,0,.947,.216,.238,-.244,.965,.095,-.209,-.148,.967);es="Linear";ed="In";};["Stand Right Arm"]={tm=.0830;cf=cfr(-.384,-.375,-.206,.036,-.915,-.402,.948,.159,-.276,.316,-.371,.873);es="Linear";ed="In";};};{tm=.167;["Stand Torso"]={tm=.0159;cf=cfr(-2.275,-.92,-1.856,.893,.448,-.05,-.413,.858,.306,.18,-.252,.951);es="Linear";ed="In";};["Stand Left Leg"]={tm=.033;cf=cfr(0,0,0,.727,-.632,.27,.606,.775,.182,-.324,.031,.945);es="Linear";ed="In";};["Stand Head"]={tm=.0159;cf=cfr(0,0,0,.944,.229,.238,-.257,.962,.095,-.207,-.151,.967);es="Linear";ed="In";};};{tm=.183;["Stand Torso"]={tm=.0170;cf=cfr(-2.345,-.954,-1.985,.887,.459,-.045,-.423,.85,.315,.183,-.26,.948);es="Linear";ed="In";};["Stand Head"]={tm=.0170;cf=cfr(0,0,0,.941,.24,.238,-.268,.959,.095,-.205,-.153,.967);es="Linear";ed="In";};};{tm=.2;["Stand Torso"]={tm=.0169;cf=cfr(-2.404,-.983,-2.092,.883,.468,-.04,-.432,.842,.322,.185,-.266,.946);es="Linear";ed="In";};["Stand Left Leg"]={tm=.067;cf=cfr(0,0,0,.696,-.663,.276,.637,.748,.188,-.331,.044,.943);es="Linear";ed="In";};["Stand Right Leg"]={tm=.033;cf=cfr(.607,1.62,-.283,.949,-.313,-.033,.299,.865,.403,-.097,-.392,.915);es="Linear";ed="In";};["Stand Head"]={tm=.0169;cf=cfr(0,0,0,.939,.249,.238,-.278,.956,.095,-.203,-.155,.967);es="Linear";ed="In";};};{tm=.217;["Stand Torso"]={tm=.0160;cf=cfr(-2.451,-1.006,-2.178,.879,.476,-.037,-.439,.837,.327,.186,-.271,.944);es="Linear";ed="In";};["Stand Left Arm"]={tm=.033;cf=cfr(-.159,-.497,.138,.013,.998,-.066,-.866,.044,.499,.5,.05,.864);es="Linear";ed="In";};["Stand Head"]={tm=.0160;cf=cfr(0,0,0,.937,.256,.238,-.285,.954,.095,-.202,-.157,.967);es="Linear";ed="In";};};{tm=.233;["Stand Torso"]={tm=.0169;cf=cfr(-2.485,-1.022,-2.24,.876,.481,-.034,-.444,.833,.331,.187,-.275,.943);es="Linear";ed="In";};["Stand Right Leg"]={tm=.0669;cf=cfr(.59,1.662,-.307,.934,-.354,-.051,.34,.831,.44,-.113,-.428,.897);es="Linear";ed="In";};["Stand Head"]={tm=.0169;cf=cfr(0,0,0,.935,.262,.238,-.291,.952,.095,-.201,-.158,.967);es="Linear";ed="In";};["Stand Right Arm"]={tm=.0839;cf=cfr(-.427,-.417,-.229,-.134,-.97,-.201,.943,-.062,-.328,.306,-.234,.923);es="Linear";ed="In";};};{tm=.25;["Stand Torso"]={tm=.0170;cf=cfr(-2.506,-1.032,-2.277,.874,.484,-.032,-.447,.83,.333,.188,-.277,.942);es="Linear";ed="In";};["Stand Left Arm"]={tm=.0329;cf=cfr(-.192,-.579,.094,.07,.997,.032,-.816,.039,.577,.574,-.066,.816);es="Linear";ed="In";};["Stand Head"]={tm=.0170;cf=cfr(0,0,0,.935,.265,.238,-.294,.951,.095,-.201,-.159,.967);es="Linear";ed="In";};};{tm=.267;["Stand Torso"]={tm=.0499;cf=cfr(-2.513,-1.036,-2.29,.874,.485,-.032,-.448,.829,.334,.188,-.278,.942);es="Linear";ed="In";};["Stand Left Leg"]={tm=.0499;cf=cfr(-.14,0,.065,.628,-.723,.287,.698,.687,.203,-.344,.073,.936);es="Linear";ed="In";};["Stand Head"]={tm=.0499;cf=cfr(0,0,0,.934,.266,.238,-.295,.951,.095,-.201,-.159,.967);es="Linear";ed="In";};};{tm=.283;["Stand Left Arm"]={tm=.0840;cf=cfr(-.221,-.589,.147,.144,.943,.301,-.763,-.088,.641,.631,-.322,.706);es="Linear";ed="In";};};{tm=.3;["Stand Right Leg"]={tm=.0830;cf=cfr(.581,1.536,-.353,.894,-.445,-.062,.421,.782,.461,-.156,-.438,.885);es="Linear";ed="In";};};{tm=.317;["Stand Torso"]={tm=.0999;cf=cfr(-2.921,-.884,-2.697,.603,.462,-.65,-.136,.862,.488,.786,-.206,.583);es="Linear";ed="In";};["Stand Left Leg"]={tm=.0329;cf=cfr(-.315,0,.145,.572,-.765,.296,.74,.637,.216,-.354,.095,.93);es="Linear";ed="In";};["Stand Head"]={tm=.0999;cf=cfr(0,0,0,.95,-.203,.238,.185,.978,.095,-.252,-.046,.967);es="Linear";ed="In";};["Stand Right Arm"]={tm=.0499;cf=cfr(-.427,-.417,-.229,-.134,-.989,.065,.943,-.148,-.299,.306,.022,.952);es="Linear";ed="In";};};{tm=.35;["Stand Left Leg"]={tm=.0830;cf=cfr(-.524,0,.242,.53,-.792,.302,.767,.6,.227,-.361,.112,.926);es="Linear";ed="In";};};{tm=.367;["Stand Left Arm"]={tm=.0499;cf=cfr(.311,-.575,-.1,.548,.642,.536,-.745,.083,.661,.38,-.762,.524);es="Linear";ed="In";};["Stand Right Arm"]={tm=.1000;cf=cfr(-.028,-.323,-.249,-.134,-.943,.305,.943,-.216,-.254,.306,.254,.918);es="Linear";ed="In";};};{tm=.383;["Stand Right Leg"]={tm=.0999;cf=cfr(.578,1.311,-.41,.83,-.554,-.067,.516,.716,.47,-.212,-.425,.88);es="Linear";ed="In";};};{tm=.417;["Stand Torso"]={tm=.066;cf=cfr(-3.229,-.708,-3.389,-.523,.353,-.776,.326,.924,.2,.788,-.148,-.598);es="Linear";ed="In";};["Stand Left Arm"]={tm=.0330;cf=cfr(.873,-.55,-.4,.764,.359,.536,-.645,.383,.661,.032,-.851,.524);es="Linear";ed="In";};["Stand Head"]={tm=.066;cf=cfr(0,0,0,.002,-.969,.245,.94,.085,.329,-.34,.23,.912);es="Linear";ed="In";};};{tm=.433;["Stand Left Leg"]={tm=.0840;cf=cfr(-.892,.136,.302,.555,-.783,.281,.725,.621,.298,-.407,.038,.913);es="Linear";ed="In";};};{tm=.45;["Stand Left Arm"]={tm=.0499;cf=cfr(.762,-.227,-.198,.14,.485,.863,-.96,.279,-.001,-.241,-.829,.505);es="Linear";ed="In";};};{tm=.467;["Stand Right Arm"]={tm=.066;cf=cfr(.327,-.23,-.24,-.016,-.838,.546,.97,-.146,-.195,.243,.526,.815);es="Linear";ed="In";};};{tm=.483;["Stand Torso"]={tm=.0340;cf=cfr(-3.096,-.677,-3.769,-.935,.283,-.215,.309,.946,-.099,.175,-.159,-.972);es="Linear";ed="In";};["Stand Right Leg"]={tm=.0500;cf=cfr(.577,1.017,-.479,.735,-.674,-.071,.619,.625,.475,-.276,-.393,.877);es="Linear";ed="In";};["Stand Head"]={tm=.0340;cf=cfr(0,0,0,.923,.297,.245,-.368,.87,.329,-.115,-.394,.912);es="Linear";ed="In";};};{tm=.5;["Stand Left Arm"]={tm=.0500;cf=cfr(.651,.097,.004,-.574,.436,.693,-.757,.041,-.652,-.313,-.899,.306);es="Linear";ed="In";};};{tm=.517;["Stand Torso"]={tm=.0499;cf=cfr(-2.578,-.775,-3.85,-.966,.258,.006,.255,.958,-.128,-.039,-.122,-.992);es="Linear";ed="In";};["Stand Left Leg"]={tm=.0659;cf=cfr(-1.026,.475,.087,.753,-.617,.231,.485,.757,.438,-.445,-.218,.869);es="Linear";ed="In";};["Stand Head"]={tm=.0499;cf=cfr(0,0,0,.493,.835,.245,-.852,.407,.329,.175,-.371,.912);es="Linear";ed="In";};};{tm=.533;["Stand Right Leg"]={tm=.0669;cf=cfr(.578,.859,-.513,.681,-.729,-.071,.665,.576,.475,-.305,-.371,.877);es="Linear";ed="In";};["Stand Right Arm"]={tm=.0999;cf=cfr(.27,-.23,-.201,.138,-.81,.57,.979,.026,-.201,.148,.586,.797);es="Linear";ed="In";};};{tm=.55;["Stand Left Arm"]={tm=.0329;cf=cfr(.651,.097,.004,-.596,.197,.779,-.802,-.209,-.56,.052,-.958,.283);es="Linear";ed="In";};};{tm=.567;["Stand Torso"]={tm=.0500;cf=cfr(-.603,-.95,-3.89,-.541,.302,.785,.325,.936,-.137,-.776,.181,-.604);es="Linear";ed="In";};["Stand Head"]={tm=.0660;cf=cfr(0,0,0,.518,.854,-.047,-.853,.513,-.095,-.057,.089,.994);es="Linear";ed="In";};};{tm=.583;["Stand Left Arm"]={tm=.0840;cf=cfr(.589,.067,.006,-.543,.275,.794,-.837,-.261,-.481,.075,-.925,.372);es="Linear";ed="In";};["Stand Left Leg"]={tm=.0670;cf=cfr(-1.096,.696,-.048,.857,-.465,.223,.295,.797,.527,-.423,-.386,.82);es="Linear";ed="In";};};{tm=.6;["Stand Right Leg"]={tm=.0830;cf=cfr(.412,.285,-.123,.752,-.641,.155,.399,.63,.666,-.525,-.439,.729);es="Linear";ed="In";};};{tm=.617;["Stand Torso"]={tm=.0500;cf=cfr(1.971,-1.139,-3.89,.563,-.006,.827,.391,.883,-.259,-.729,.469,.5);es="Linear";ed="In";};};{tm=.633;["Stand Head"]={tm=.0500;cf=cfr(0,0,0,.794,.607,-.047,-.608,.788,-.095,-.021,.104,.994);es="Linear";ed="In";};["Stand Right Arm"]={tm=.1169;cf=cfr(.171,-.189,-.186,.294,-.892,.343,.932,.189,-.308,.21,.41,.888);es="Linear";ed="In";};};{tm=.65;["Stand Left Leg"]={tm=.0669;cf=cfr(-1.129,.868,-.147,.917,-.321,.235,.127,.797,.59,-.377,-.512,.772);es="Linear";ed="In";};};{tm=.667;["Stand Torso"]={tm=.0329;cf=cfr(2.632,-.867,-3.483,.783,-.104,.613,.305,.924,-.232,-.542,.369,.755);es="Linear";ed="In";};["Stand Left Arm"]={tm=.0499;cf=cfr(.391,-.026,.011,-.36,.601,.714,-.933,-.253,-.258,.025,-.759,.651);es="Linear";ed="In";};};{tm=.683;["Stand Right Leg"]={tm=.0669;cf=cfr(.062,.205,.024,.714,.682,.155,-.586,.462,.666,.383,-.567,.729);es="Linear";ed="In";};["Stand Head"]={tm=.0499;cf=cfr(0,0,0,.903,.378,-.205,-.422,.87,-.255,.082,.317,.945);es="Linear";ed="In";};};{tm=.7;["Stand Torso"]={tm=.0670;cf=cfr(2.907,-.776,-3.289,.834,-.132,.535,.28,.938,-.205,-.475,.321,.819);es="Linear";ed="In";};};{tm=.717;["Stand Left Arm"]={tm=.0500;cf=cfr(.235,-.1,.015,-.165,.841,.515,-.984,-.103,-.148,-.071,-.531,.844);es="Linear";ed="In";};["Stand Left Leg"]={tm=.0500;cf=cfr(-1.102,.957,-.184,.943,-.212,.258,.008,.786,.618,-.334,-.58,.743);es="Linear";ed="In";};};{tm=.733;["Stand Head"]={tm=.0670;cf=cfr(0,0,0,.943,.197,-.269,-.284,.898,-.336,.175,.393,.903);es="Linear";ed="In";};};{tm=.75;["Stand Right Leg"]={tm=.0330;cf=cfr(.794,-.341,.186,.178,.975,.131,-.828,.077,.556,.532,-.208,.821);es="Linear";ed="In";};["Stand Right Arm"]={tm=.1500;cf=cfr(.05,-.12,-.19,.362,-.926,-.103,.833,.372,-.409,.417,.062,.907);es="Linear";ed="In";};};{tm=.767;["Stand Torso"]={tm=.0499;cf=cfr(3.41,-.621,-2.923,.903,-.171,.394,.245,.958,-.146,-.353,.228,.907);es="Linear";ed="In";};["Stand Left Arm"]={tm=.0829;cf=cfr(.176,-.141,.004,-.057,.939,.339,-.994,-.02,-.112,-.099,-.343,.934);es="Linear";ed="In";};["Stand Left Leg"]={tm=.0999;cf=cfr(-1.036,.961,-.167,.948,-.162,.275,-.044,.787,.616,-.317,-.596,.738);es="Linear";ed="In";};};{tm=.783;["Stand Right Leg"]={tm=.0669;cf=cfr(.905,-.124,.039,.398,.91,.116,-.787,.273,.554,.472,-.312,.824);es="Linear";ed="In";};};{tm=.8;["Stand Head"]={tm=.0499;cf=cfr(0,0,0,.955,.038,-.294,-.145,.925,-.35,.258,.377,.889);es="Linear";ed="In";};};{tm=.817;["Stand Torso"]={tm=.0500;cf=cfr(3.682,-.562,-2.7,.917,-.187,.353,.237,.966,-.105,-.321,.18,.93);es="Linear";ed="In";};};{tm=.85;["Stand Left Arm"]={tm=.0670;cf=cfr(.143,-.186,-.022,.056,.996,.075,-.993,.063,-.098,-.102,-.069,.992);es="Linear";ed="In";};["Stand Right Leg"]={tm=.0500;cf=cfr(1.102,.234,-.203,.737,.669,.093,-.601,.587,.542,.309,-.456,.835);es="Linear";ed="In";};["Stand Head"]={tm=.0330;cf=cfr(0,0,0,.958,-.011,-.285,-.073,.956,-.284,.276,.293,.916);es="Linear";ed="In";};};{tm=.867;["Stand Torso"]={tm=.0660;cf=cfr(3.896,-.549,-2.471,.907,-.2,.371,.241,.968,-.068,-.346,.151,.926);es="Linear";ed="In";};["Stand Left Leg"]={tm=.0500;cf=cfr(-.903,.97,-.132,.943,-.117,.311,-.103,.787,.609,-.315,-.606,.73);es="Linear";ed="In";};};{tm=.883;["Stand Head"]={tm=.0839;cf=cfr(0,0,0,.958,-.028,-.284,-.052,.961,-.27,.281,.274,.92);es="Linear";ed="In";};};{tm=.9;["Stand Right Leg"]={tm=.0499;cf=cfr(1.179,.418,-.322,.87,.486,.081,-.451,.717,.531,.2,-.499,.843);es="Linear";ed="In";};["Stand Right Arm"]={tm=.0499;cf=cfr(-.117,.006,-.232,.067,-.61,-.789,.67,.613,-.418,.739,-.501,.45);es="Linear";ed="In";};};{tm=.917;["Stand Left Arm"]={tm=.0499;cf=cfr(.194,-.196,-.054,.056,.996,-.067,-.993,.048,-.106,-.102,.072,.992);es="Linear";ed="In";};["Stand Left Leg"]={tm=.0829;cf=cfr(-.837,.975,-.115,.933,-.148,.328,-.087,.792,.605,-.349,-.593,.726);es="Linear";ed="In";};};{tm=.933;["Stand Torso"]={tm=.0499;cf=cfr(4.163,-.534,-2.187,.894,-.217,.393,.244,.97,-.02,-.377,.113,.919);es="Linear";ed="In";};};{tm=.95;["Stand Right Leg"]={tm=.0669;cf=cfr(1.162,.492,-.358,.918,.389,.074,-.368,.769,.523,.146,-.507,.849);es="Linear";ed="In";};["Stand Right Arm"]={tm=.0669;cf=cfr(-.117,.006,-.232,.067,-.538,-.84,.67,.648,-.362,.739,-.539,.404);es="Linear";ed="In";};};{tm=.967;["Stand Left Arm"]={tm=.0830;cf=cfr(.184,-.194,-.048,.056,.994,-.091,-.993,.046,-.107,-.102,.096,.99);es="Linear";ed="In";};["Stand Head"]={tm=.0830;cf=cfr(0,0,0,.957,-.052,-.286,-.028,.963,-.268,.289,.265,.92);es="Linear";ed="In";};};{tm=.983;["Stand Torso"]={tm=.0499;cf=cfr(4.351,-.523,-1.99,.884,-.229,.408,.245,.969,.014,-.399,.087,.913);es="Linear";ed="In";};};{tm=1;["Stand Left Leg"]={tm=.0329;cf=cfr(-.726,.983,-.086,.902,-.243,.357,-.021,.802,.598,-.431,-.546,.718);es="Linear";ed="In";};};{tm=1.017;["Stand Right Leg"]={tm=.1500;cf=cfr(1.103,.515,-.36,.953,.295,.067,-.287,.811,.51,.096,-.505,.858);es="Linear";ed="In";};["Stand Right Arm"]={tm=.1500;cf=cfr(-.117,.006,-.232,.067,-.498,-.864,.67,.664,-.331,.739,-.557,.378);es="Linear";ed="In";};};{tm=1.033;["Stand Torso"]={tm=.0840;cf=cfr(4.5,-.514,-1.842,.875,-.24,.42,.245,.969,.043,-.417,.065,.907);es="Linear";ed="In";};["Stand Left Leg"]={tm=.0840;cf=cfr(-.682,.986,-.075,.878,-.304,.368,.029,.804,.594,-.477,-.511,.715);es="Linear";ed="In";};};{tm=1.05;["Stand Left Arm"]={tm=.0500;cf=cfr(.153,-.188,-.03,.056,.993,-.105,-.993,.044,-.108,-.102,.111,.989);es="Linear";ed="In";};["Stand Head"]={tm=.1169;cf=cfr(0,0,0,.955,-.069,-.289,-.015,.96,-.28,.296,.272,.916);es="Linear";ed="In";};};{tm=1.1;["Stand Left Arm"]={tm=.0669;cf=cfr(.129,-.183,-.015,.056,.993,-.104,-.993,.044,-.108,-.102,.11,.989);es="Linear";ed="In";};};{tm=1.117;["Stand Torso"]={tm=.0500;cf=cfr(4.662,-.506,-1.705,.865,-.254,.434,.245,.966,.077,-.439,.039,.898);es="Linear";ed="In";};["Stand Left Leg"]={tm=.0500;cf=cfr(-.572,.994,-.046,.849,-.349,.397,.057,.807,.588,-.526,-.476,.705);es="Linear";ed="In";};};{tm=1.167;["Stand Torso"]={tm=0;cf=cfr(4.725,-.504,-1.665,.86,-.26,.44,.244,.965,.093,-.449,.027,.893);es="Linear";ed="In";};["Stand Left Arm"]={tm=0;cf=cfr(.077,-.173,.017,.056,.996,-.07,-.993,.048,-.106,-.102,.075,.992);es="Linear";ed="In";};["Stand Left Leg"]={tm=0;cf=cfr(-.505,.998,-.028,.847,-.334,.414,.035,.811,.584,-.531,-.48,.699);es="Linear";ed="In";};["Stand Right Leg"]={tm=0;cf=cfr(.871,.364,-.236,.98,.194,.054,-.196,.856,.479,.047,-.48,.876);es="Linear";ed="In";};["Stand Head"]={tm=0;cf=cfr(0,0,0,.952,-.087,-.293,-.008,.951,-.309,.306,.297,.905);es="Linear";ed="In";};["Stand Right Arm"]={tm=0;cf=cfr(-.117,.006,-.232,.067,-.547,-.835,.67,.644,-.368,.739,-.535,.409);es="Linear";ed="In";};};}