-- // converted using mech's animoduler
local cfr = CFrame.new

return {{tm=0;["Torso"]={tm=.15;cf=cfr(0,0,-.09,1,0,0,0,.986,-.165,0,.165,.986);es="Linear";ed="In";};["Left Leg"]={tm=.15;cf=cfr(-.593,.142,0,.959,.228,.165,-.256,.952,.169,-.119,-.205,.972);es="Linear";ed="In";};["Head"]={tm=.15;cf=cfr(0,0,0,1,0,0,0,.968,-.251,0,.251,.968);es="Linear";ed="In";};["Left Arm"]={tm=.15;cf=cfr(-.873,.266,0,-.7,.655,.285,-.567,-.753,.334,.433,.072,.898);es="Linear";ed="In";};["Right Arm"]={tm=.15;cf=cfr(.873,.266,0,-.7,-.655,-.285,.567,-.753,.334,-.433,.072,.898);es="Linear";ed="In";};["Right Leg"]={tm=.15;cf=cfr(0,0,0,.967,.004,-.253,.054,.974,.222,.248,-.228,.942);es="Linear";ed="In";};["Stand Torso"]={tm=.05;cf=cfr(-3.24,.83,.97,-.104,-.262,.959,-.005,.965,.263,-.995,.022,-.101);es="Linear";ed="In";};["Stand Left Arm"]={tm=.1;cf=cfr(0,-.551,.347,1,0,0,0,.18,.984,0,-.984,.18);es="Linear";ed="In";};["Stand Left Leg"]={tm=.1;cf=cfr(-.356,.286,.062,.92,.159,.359,-.259,.933,.25,-.295,-.323,.899);es="Linear";ed="In";};["Stand Right Leg"]={tm=.1;cf=cfr(.944,.615,.265,.932,.286,-.223,-.309,.948,-.077,.19,.14,.972);es="Linear";ed="In";};["Stand Head"]={tm=.1;cf=cfr(0,0,0,.454,.829,-.327,-.891,.422,-.167,0,.367,.93);es="Linear";ed="In";};["Stand Right Arm"]={tm=.1;cf=cfr(-.116,-.934,-.033,-.422,-.897,.131,.728,-.249,.639,-.54,.365,.758);es="Linear";ed="In";};};{tm=.05;["Stand Torso"]={tm=.05;cf=cfr(-3.175,.75,.815,-.099,-.24,.966,.009,.97,.242,-.995,.033,-.094);es="Linear";ed="In";};};{tm=.1;["Stand Torso"]={tm=.0499;cf=cfr(-3.11,.67,.78,-.095,-.217,.971,.024,.975,.221,-.995,.044,-.087);es="Linear";ed="In";};["Stand Left Arm"]={tm=.1;cf=cfr(0,-.551,.347,.994,.097,.052,-.066,.149,.987,.088,-.984,.154);es="Linear";ed="In";};["Stand Left Leg"]={tm=.1;cf=cfr(-.356,.286,.062,.92,.204,.336,-.259,.957,.129,-.295,-.205,.933);es="Linear";ed="In";};["Stand Right Leg"]={tm=.1;cf=cfr(.944,.615,.265,.932,.318,-.174,-.309,.948,.078,.19,-.019,.982);es="Linear";ed="In";};["Stand Head"]={tm=.1;cf=cfr(0,0,0,.451,.812,-.37,-.893,.41,-.188,-.002,.415,.91);es="Linear";ed="In";};["Stand Right Arm"]={tm=.1;cf=cfr(-.099,-.876,-.129,-.422,-.897,.131,.728,-.249,.639,-.54,.365,.758);es="Linear";ed="In";};};{tm=.15;["Torso"]={tm=.15;cf=cfr(0,.03,-.45,1,0,0,0,.948,-.318,0,.318,.948);es="Linear";ed="In";};["Left Leg"]={tm=.15;cf=cfr(-.724,.64,-.071,.929,.327,.176,-.36,.908,.214,-.09,-.262,.961);es="Linear";ed="In";};["Head"]={tm=.067;cf=cfr(0,0,0,1,0,0,0,.996,.087,0,-.087,.996);es="Linear";ed="In";};["Left Arm"]={tm=.067;cf=cfr(-.875,.51,0,-.752,.594,.285,-.503,-.797,.334,.426,.108,.898);es="Linear";ed="In";};["Right Arm"]={tm=.067;cf=cfr(.875,.51,0,-.752,-.594,-.285,.503,-.797,.334,-.426,.108,.898);es="Linear";ed="In";};["Right Leg"]={tm=.15;cf=cfr(.817,.484,.106,.938,.235,-.253,-.18,.958,.222,.295,-.163,.942);es="Linear";ed="In";};["Stand Torso"]={tm=.0500;cf=cfr(-3.035,.735,.885,-.053,-.177,.983,.034,.983,.179,-.998,.043,-.046);es="Linear";ed="In";};};{tm=.2;["Stand Torso"]={tm=.0169;cf=cfr(-2.96,.8,1.15,-.01,-.137,.991,.043,.99,.137,-.999,.044,-.004);es="Linear";ed="In";};["Stand Left Arm"]={tm=3.617;cf=cfr(.119,-.568,.348,.875,.474,.101,-.173,.112,.979,.452,-.874,.18);es="Linear";ed="In";};["Stand Left Leg"]={tm=3.617;cf=cfr(-.403,.281,-.08,.92,.237,.313,-.259,.965,.031,-.295,-.11,.949);es="Linear";ed="In";};["Stand Right Leg"]={tm=3.617;cf=cfr(.944,.615,.265,.932,.328,-.155,-.309,.941,.135,.19,-.078,.979);es="Linear";ed="In";};["Stand Head"]={tm=3.617;cf=cfr(0,0,0,.424,.831,-.361,-.903,.415,-.107,.061,.371,.927);es="Linear";ed="In";};["Stand Right Arm"]={tm=3.617;cf=cfr(-.346,-.843,.097,-.24,-.966,.096,.658,-.089,.747,-.713,.242,.657);es="Linear";ed="In";};};{tm=.217;["Stand Torso"]={tm=3.6;cf=cfr(-2.96,-13.13,1.15,-.01,-.137,.991,.043,.99,.137,-.999,.044,-.004);es="Linear";ed="In";};["Head"]={tm=.0829;cf=cfr(0,0,0,1,0,0,0,1,-.006,0,.006,1);es="Linear";ed="In";};["Left Arm"]={tm=.0829;cf=cfr(-1.05,.542,-.042,-.628,.75,.208,-.655,-.653,.381,.421,.103,.901);es="Linear";ed="In";};["Right Arm"]={tm=.0829;cf=cfr(1.05,.541,-.04,-.628,-.75,-.206,.648,-.651,.394,-.43,.114,.896);es="Linear";ed="In";};};{tm=.3;["Torso"]={tm=.2500;cf=cfr(0,.24,-1.11,.999,.034,0,-.033,.982,-.185,-.006,.185,.983);es="Linear";ed="In";};["Left Leg"]={tm=.2500;cf=cfr(-.587,1.035,-.238,.929,.292,.229,-.36,.858,.366,-.09,-.423,.902);es="Linear";ed="In";};["Head"]={tm=.1500;cf=cfr(0,0,0,1,0,0,0,.995,-.104,0,.104,.995);es="Linear";ed="In";};["Left Arm"]={tm=.1000;cf=cfr(-.871,-.112,-.03,-.328,.944,.048,-.851,-.317,.42,.411,.096,.906);es="Linear";ed="In";};["Right Arm"]={tm=.1000;cf=cfr(.871,-.113,-.02,-.333,-.942,-.037,.834,-.313,.454,-.44,.12,.89);es="Linear";ed="In";};["Right Leg"]={tm=.2500;cf=cfr(1.445,.642,.238,.765,.607,-.217,-.558,.792,.248,.323,-.069,.944);es="Linear";ed="In";};};{tm=.4;["Left Arm"]={tm=.0999;cf=cfr(-.863,-.526,-.03,-.172,.985,-.026,-.898,-.146,.416,.406,.095,.909);es="Linear";ed="In";};["Right Arm"]={tm=.0999;cf=cfr(.863,-.527,-.02,-.18,-.983,.044,.877,-.14,.459,-.445,.121,.887);es="Linear";ed="In";};};{tm=.45;["Head"]={tm=.2;cf=cfr(0,0,0,1,0,0,0,.973,-.23,0,.23,.973);es="Linear";ed="In";};};{tm=.5;["Left Arm"]={tm=.0999;cf=cfr(-.783,-.539,-.033,-.108,.993,-.055,-.908,-.076,.411,.404,.095,.91);es="Linear";ed="In";};["Right Arm"]={tm=.0999;cf=cfr(.783,-.54,-.017,-.118,-.99,.076,.887,-.07,.457,-.447,.122,.886);es="Linear";ed="In";};};{tm=.55;["Torso"]={tm=.0999;cf=cfr(0,.36,-1.125,.999,.034,0,-.033,.977,-.21,-.007,.21,.978);es="Linear";ed="In";};["Left Leg"]={tm=.0999;cf=cfr(-.713,1.081,-.227,.922,.306,.236,-.376,.853,.363,-.09,-.423,.902);es="Linear";ed="In";};["Right Leg"]={tm=.0999;cf=cfr(1.433,.755,.234,.82,.518,-.243,-.473,.853,.22,.321,-.066,.945);es="Linear";ed="In";};};{tm=.6;["Left Arm"]={tm=.2000;cf=cfr(-.68,-.452,-.036,-.065,.995,-.074,-.913,-.03,.407,.402,.095,.911);es="Linear";ed="In";};["Right Arm"]={tm=.2000;cf=cfr(.68,-.453,-.014,-.076,-.992,.098,.89,-.024,.454,-.449,.122,.885);es="Linear";ed="In";};};{tm=.65;["Torso"]={tm=.0499;cf=cfr(0,.44,-1.12,.999,.034,0,-.033,.972,-.234,-.008,.234,.972);es="Linear";ed="In";};["Left Leg"]={tm=.0499;cf=cfr(-.8,1.118,-.217,.916,.321,.242,-.392,.847,.359,-.09,-.424,.901);es="Linear";ed="In";};["Head"]={tm=.0999;cf=cfr(0,0,0,1,0,0,0,.948,-.317,0,.317,.948);es="Linear";ed="In";};["Right Leg"]={tm=.0499;cf=cfr(1.331,.845,.234,.87,.415,-.266,-.376,.908,.187,.319,-.062,.946);es="Linear";ed="In";};};{tm=.7;["Torso"]={tm=.0500;cf=cfr(0,.49,-1.035,.999,.034,-.001,-.032,.943,-.332,-.01,.332,.943);es="Linear";ed="In";};["Left Leg"]={tm=.0500;cf=cfr(-.816,1,-.113,.866,.437,.244,-.495,.82,.288,-.074,-.37,.926);es="Linear";ed="In";};["Right Leg"]={tm=.0500;cf=cfr(1.072,.814,.206,.951,.125,-.281,-.097,.989,.111,.292,-.078,.953);es="Linear";ed="In";};};{tm=.75;["Torso"]={tm=.0999;cf=cfr(0,.48,-.57,.999,.034,-.003,-.033,.948,-.317,-.008,.316,.949);es="Linear";ed="In";};["Left Leg"]={tm=.0999;cf=cfr(-.961,.695,-.005,.882,.428,.198,-.467,.849,.247,-.063,-.31,.949);es="Linear";ed="In";};["Head"]={tm=.0999;cf=cfr(0,0,0,1,0,0,0,.98,-.197,0,.197,.98);es="Linear";ed="In";};["Right Leg"]={tm=.0999;cf=cfr(.942,.594,.174,.963,-.03,-.267,.053,.995,.081,.263,-.092,.96);es="Linear";ed="In";};};{tm=.8;["Left Arm"]={tm=.0499;cf=cfr(-.02,.268,.068,-.26,.871,.417,-.915,-.36,.182,.308,-.335,.89);es="Linear";ed="In";};["Right Arm"]={tm=.0499;cf=cfr(.02,.268,.071,-.26,-.871,-.416,.918,-.357,.173,-.299,-.337,.893);es="Linear";ed="In";};};{tm=.85;["Torso"]={tm=.2000;cf=cfr(0,.1,-.3,.999,.034,-.003,-.034,.997,-.074,0,.074,.997);es="Linear";ed="In";};["Left Leg"]={tm=.2000;cf=cfr(-.778,.345,.047,.979,.04,.198,-.089,.965,.247,-.181,-.259,.949);es="Linear";ed="In";};["Head"]={tm=.2000;cf=cfr(0,0,0,1,.002,.005,0,.936,-.351,-.005,.351,.936);es="Linear";ed="In";};["Left Arm"]={tm=.0999;cf=cfr(-.398,.294,-.044,-.598,.71,.372,-.771,-.637,-.024,.22,-.302,.928);es="Linear";ed="In";};["Right Arm"]={tm=.2000;cf=cfr(.398,.294,-.038,-.598,-.71,-.37,.773,-.633,-.035,-.21,-.308,.928);es="Linear";ed="In";};["Right Leg"]={tm=.2000;cf=cfr(.374,.263,.081,.955,.156,-.251,-.109,.975,.192,.275,-.156,.949);es="Linear";ed="In";};};{tm=.95;["Left Arm"]={tm=.1000;cf=cfr(-.565,.157,-.039,-.619,.784,.033,-.762,-.59,-.267,-.19,-.19,.963);es="Linear";ed="In";};};{tm=1.05;["Torso"]={tm=.0500;cf=cfr(0,-.36,-.48,.999,.034,-.003,-.034,.977,-.211,-.004,.21,.978);es="Linear";ed="In";};["Left Leg"]={tm=.0999;cf=cfr(-.9,.504,.018,.978,-.084,.193,.019,.948,.318,-.209,-.307,.928);es="Linear";ed="In";};["Head"]={tm=.1499;cf=cfr(0,0,0,1,.001,.005,0,.972,-.235,-.005,.235,.972);es="Linear";ed="In";};["Left Arm"]={tm=.0999;cf=cfr(-.594,-.001,-.038,-.499,.816,-.293,-.655,-.576,-.489,-.568,-.053,.821);es="Linear";ed="In";};["Right Arm"]={tm=.1499;cf=cfr(.653,.058,.152,-.863,-.377,-.336,.343,-.926,.157,-.37,.021,.929);es="Linear";ed="In";};["Right Leg"]={tm=.1499;cf=cfr(.994,.611,.147,.756,.609,-.239,-.559,.791,.247,.339,-.053,.939);es="Linear";ed="In";};};{tm=1.1;["Torso"]={tm=.0499;cf=cfr(0,-.595,-.48,.999,.033,-.006,-.034,.951,-.307,-.004,.307,.952);es="Linear";ed="In";};};{tm=1.15;["Torso"]={tm=.0500;cf=cfr(0,-.97,-.48,.999,.032,-.01,-.034,.916,-.401,-.004,.401,.916);es="Linear";ed="In";};["Left Leg"]={tm=.0500;cf=cfr(-.891,.448,.036,.972,-.137,.193,.07,.946,.318,-.226,-.295,.928);es="Linear";ed="In";};["Left Arm"]={tm=.1000;cf=cfr(-.836,-.418,-.303,-.507,.724,-.468,-.846,-.312,.433,.167,.616,.77);es="Linear";ed="In";};};{tm=1.2;["Torso"]={tm=.0500;cf=cfr(0,-1.705,-.47,.985,.173,-.002,-.135,.759,-.637,-.108,.628,.771);es="Linear";ed="In";};["Left Leg"]={tm=.0500;cf=cfr(-.43,.408,-.046,.979,.138,.153,-.188,.901,.391,-.084,-.412,.907);es="Linear";ed="In";};["Head"]={tm=.0500;cf=cfr(0,0,0,1,.002,.005,0,.922,-.388,-.005,.388,.922);es="Linear";ed="In";};["Right Arm"]={tm=.1500;cf=cfr(.357,-.119,.26,.139,-.878,-.458,.84,-.141,.525,-.525,-.458,.717);es="Linear";ed="In";};["Right Leg"]={tm=.1500;cf=cfr(1.262,.959,.123,.756,.609,-.239,-.559,.791,.247,.339,-.053,.939);es="Linear";ed="In";};};{tm=1.25;["Torso"]={tm=.0500;cf=cfr(0,-2.76,-.3,.951,.308,-.01,-.182,.536,-.825,-.249,.786,.566);es="Linear";ed="In";};["Left Leg"]={tm=.1000;cf=cfr(-.155,.084,.047,.988,-.006,.153,-.055,.919,.391,-.143,-.395,.907);es="Linear";ed="In";};["Head"]={tm=.1000;cf=cfr(0,0,0,1,.002,.005,0,.936,-.353,-.005,.353,.936);es="Linear";ed="In";};["Left Arm"]={tm=.1000;cf=cfr(-.781,-.269,.011,-.829,.171,-.532,-.558,-.189,.808,.038,.967,.252);es="Linear";ed="In";};};{tm=1.3;["Torso"]={tm=.0500;cf=cfr(0,-3.495,-.25,.976,.218,-.018,-.105,.395,-.912,-.192,.892,.409);es="Linear";ed="In";};};{tm=1.35;["Torso"]={tm=.0499;cf=cfr(0,-4.23,-.57,.992,.126,-.01,-.039,.236,-.971,-.12,.964,.239);es="Linear";ed="In";};["Left Leg"]={tm=.8999;cf=cfr(-.395,.052,.143,.921,-.257,.294,.125,.907,.402,-.37,-.333,.867);es="Linear";ed="In";};["Head"]={tm=.8999;cf=cfr(0,0,0,1,0,.005,0,.997,.082,-.005,-.082,.997);es="Linear";ed="In";};["Left Arm"]={tm=.8999;cf=cfr(-.781,-.269,.011,-.929,.171,-.327,-.357,-.189,.915,.095,.967,.236);es="Linear";ed="In";};["Right Arm"]={tm=.8999;cf=cfr(.391,-.14,.136,-.966,-.013,-.26,-.029,-.987,.157,-.258,.159,.953);es="Linear";ed="In";};["Right Leg"]={tm=.8999;cf=cfr(1.313,1.394,.022,.89,.389,-.239,-.332,.911,.247,.313,-.141,.939);es="Linear";ed="In";};};{tm=1.4;["Torso"]={tm=.0170;cf=cfr(0,-4.605,-.94,.992,.126,-.01,-.024,.111,-.994,-.124,.986,.113);es="Linear";ed="In";};};{tm=1.417;["Torso"]={tm=.833;cf=cfr(0,-4.653,-11.54,.992,.126,-.01,-.018,.069,-.997,-.125,.99,.07);es="Linear";ed="In";};};{tm=2.25;["Torso"]={tm=.0169;cf=cfr(0,-4.653,-11.54,.992,.126,-.01,-.018,.069,-.997,-.125,.99,.07);es="Linear";ed="In";};["Left Leg"]={tm=.0169;cf=cfr(-.395,.052,.143,.921,-.257,.294,.125,.907,.402,-.37,-.333,.867);es="Linear";ed="In";};["Head"]={tm=.0169;cf=cfr(0,0,0,1,0,.005,0,.997,.082,-.005,-.082,.997);es="Linear";ed="In";};["Left Arm"]={tm=.0169;cf=cfr(-.781,-.269,.011,-.929,.171,-.327,-.357,-.189,.915,.095,.967,.236);es="Linear";ed="In";};["Right Arm"]={tm=.0169;cf=cfr(.391,-.14,.136,-.966,-.013,-.26,-.029,-.987,.157,-.258,.159,.953);es="Linear";ed="In";};["Right Leg"]={tm=.0169;cf=cfr(1.313,1.394,.022,.89,.389,-.239,-.332,.911,.247,.313,-.141,.939);es="Linear";ed="In";};};{tm=2.267;["Torso"]={tm=1.5500;cf=cfr(0,-11.16,-.084,-.875,.484,-.015,-.484,-.875,.006,-.01,.012,1);es="Linear";ed="In";};["Left Leg"]={tm=1.5500;cf=cfr(.162,0,.096,.873,-.064,.484,0,.991,.132,-.489,-.115,.865);es="Linear";ed="In";};["Head"]={tm=1.5500;cf=cfr(0,0,0,.943,.332,-.029,-.334,.94,-.069,.004,.074,.997);es="Linear";ed="In";};["Left Arm"]={tm=1.5500;cf=cfr(0,0,0,1,0,0,0,1,0,0,0,1);es="Linear";ed="In";};["Right Arm"]={tm=1.5500;cf=cfr(-.701,-.455,.633,-.01,-.372,.928,.727,.634,.262,-.686,.678,.264);es="Linear";ed="In";};["Right Leg"]={tm=1.5500;cf=cfr(.388,.077,.155,.925,.075,-.372,-.081,.997,0,.371,.03,.928);es="Linear";ed="In";};};{tm=3.817;["Torso"]={tm=.0160;cf=cfr(0,-11.16,-.084,-.875,.484,-.015,-.484,-.875,.006,-.01,.012,1);es="Linear";ed="In";};["Left Leg"]={tm=.0160;cf=cfr(.162,0,.096,.873,-.064,.484,0,.991,.132,-.489,-.115,.865);es="Linear";ed="In";};["Head"]={tm=.0160;cf=cfr(0,0,0,.943,.332,-.029,-.334,.94,-.069,.004,.074,.997);es="Linear";ed="In";};["Left Arm"]={tm=.0160;cf=cfr(0,0,0,1,0,0,0,1,0,0,0,1);es="Linear";ed="In";};["Right Arm"]={tm=.0160;cf=cfr(-.701,-.455,.633,-.01,-.372,.928,.727,.634,.262,-.686,.678,.264);es="Linear";ed="In";};["Right Leg"]={tm=.0160;cf=cfr(.388,.077,.155,.925,.075,-.372,-.081,.997,0,.371,.03,.928);es="Linear";ed="In";};["Stand Torso"]={tm=.0160;cf=cfr(-2.96,-13.13,1.15,-.01,-.137,.991,.043,.99,.137,-.999,.044,-.004);es="Linear";ed="In";};["Stand Left Arm"]={tm=.0160;cf=cfr(.119,-.568,.348,.875,.474,.101,-.173,.112,.979,.452,-.874,.18);es="Linear";ed="In";};["Stand Left Leg"]={tm=.0160;cf=cfr(-.403,.281,-.08,.92,.237,.313,-.259,.965,.031,-.295,-.11,.949);es="Linear";ed="In";};["Stand Right Leg"]={tm=.0160;cf=cfr(.944,.615,.265,.932,.328,-.155,-.309,.941,.135,.19,-.078,.979);es="Linear";ed="In";};["Stand Head"]={tm=.0160;cf=cfr(0,0,0,.424,.831,-.361,-.903,.415,-.107,.061,.371,.927);es="Linear";ed="In";};["Stand Right Arm"]={tm=.0160;cf=cfr(-.346,-.843,.097,-.24,-.966,.096,.658,-.089,.747,-.713,.242,.657);es="Linear";ed="In";};};{tm=3.833;["Torso"]={tm=.0169;cf=cfr(-.48,-11.04,-.084,-.875,.484,-.015,-.484,-.875,.006,-.01,.012,1);es="Quad";ed="In";};["Left Leg"]={tm=.0169;cf=cfr(.116,.002,.095,.887,-.048,.459,-.003,.994,.11,-.462,-.099,.881);es="Quad";ed="In";};["Head"]={tm=.0169;cf=cfr(0,0,0,.937,.347,-.033,-.349,.933,-.086,.001,.092,.996);es="Quad";ed="In";};["Left Arm"]={tm=.0169;cf=cfr(.009,-.001,-.007,.999,.009,.048,-.009,1,.003,-.048,-.003,.999);es="Quad";ed="In";};["Right Arm"]={tm=.0169;cf=cfr(-.67,-.462,.61,-.008,-.384,.923,.71,.648,.276,-.704,.658,.268);es="Quad";ed="In";};["Right Leg"]={tm=.0169;cf=cfr(.391,.089,.153,.923,.108,-.37,-.098,.994,.045,.373,-.005,.928);es="Quad";ed="In";};["Stand Torso"]={tm=.0169;cf=cfr(.24,2.34,-13.45,.751,.191,.632,0,.957,-.29,-.66,.218,.719);es="Circ";ed="In";};["Stand Left Arm"]={tm=.0169;cf=cfr(-.592,-.117,-.187,-.288,.551,-.784,-.521,-.776,-.354,-.803,.307,.511);es="Circ";ed="In";};["Stand Left Leg"]={tm=.0169;cf=cfr(0,0,0,1,0,0,0,1,0,0,0,1);es="Linear";ed="In";};["Stand Right Leg"]={tm=.0169;cf=cfr(0,0,0,1,0,0,0,1,0,0,0,1);es="Linear";ed="In";};["Stand Head"]={tm=.0169;cf=cfr(0,0,0,.726,-.621,.297,.688,.655,-.313,0,.431,.902);es="Circ";ed="In";};["Stand Right Arm"]={tm=.0169;cf=cfr(-.304,-.253,-.191,.771,-.25,.586,.072,.948,.31,-.633,-.197,.748);es="Circ";ed="In";};};{tm=3.85;["Torso"]={tm=.0169;cf=cfr(-.481,-11.04,-.084,-.875,.485,-.015,-.485,-.875,.006,-.01,.012,1);es="Linear";ed="In";};["Left Leg"]={tm=.0169;cf=cfr(.115,.002,.095,.887,-.047,.459,-.003,.994,.109,-.461,-.098,.882);es="Linear";ed="In";};["Head"]={tm=.0169;cf=cfr(0,0,0,.937,.347,-.033,-.349,.933,-.087,.001,.093,.996);es="Linear";ed="In";};["Left Arm"]={tm=.0169;cf=cfr(.009,-.001,-.007,.999,.01,.049,-.01,1,.003,-.049,-.003,.999);es="Linear";ed="In";};["Right Arm"]={tm=.0169;cf=cfr(-.669,-.462,.61,-.008,-.385,.923,.71,.648,.277,-.705,.657,.268);es="Linear";ed="In";};["Right Leg"]={tm=.0169;cf=cfr(.391,.089,.153,.923,.108,-.37,-.098,.994,.046,.373,-.006,.928);es="Linear";ed="In";};["Stand Torso"]={tm=.0169;cf=cfr(.24,2.34,-13.45,.75,.191,.633,0,.957,-.29,-.661,.218,.718);es="Linear";ed="In";};["Stand Left Arm"]={tm=.0169;cf=cfr(-.592,-.117,-.186,-.288,.551,-.783,-.523,-.776,-.353,-.802,.308,.512);es="Linear";ed="In";};["Stand Left Leg"]={tm=.0169;cf=cfr(0,0,0,1,0,0,0,1,0,0,0,1);es="Linear";ed="In";};["Stand Right Leg"]={tm=.0169;cf=cfr(0,0,0,1,0,0,0,1,0,0,0,1);es="Linear";ed="In";};["Stand Head"]={tm=.0169;cf=cfr(0,0,0,.726,-.621,.297,.688,.655,-.313,0,.431,.902);es="Linear";ed="In";};["Stand Right Arm"]={tm=.0169;cf=cfr(-.304,-.253,-.191,.771,-.25,.586,.072,.948,.311,-.633,-.198,.748);es="Linear";ed="In";};};{tm=3.867;["Torso"]={tm=.0160;cf=cfr(-.483,-11.04,-.085,-.873,.488,-.015,-.488,-.873,.006,-.01,.013,1);es="Linear";ed="In";};["Left Leg"]={tm=.0160;cf=cfr(.112,.002,.095,.888,-.047,.458,-.004,.994,.108,-.46,-.098,.883);es="Linear";ed="In";};["Head"]={tm=.0160;cf=cfr(0,0,0,.937,.348,-.033,-.35,.933,-.088,.001,.094,.996);es="Linear";ed="In";};["Left Arm"]={tm=.0160;cf=cfr(.01,-.002,-.007,.999,.01,.052,-.01,1,.003,-.052,-.004,.999);es="Linear";ed="In";};["Right Arm"]={tm=.0160;cf=cfr(-.666,-.463,.608,-.008,-.386,.922,.708,.649,.278,-.706,.655,.268);es="Linear";ed="In";};["Right Leg"]={tm=.0160;cf=cfr(.392,.089,.152,.922,.11,-.37,-.099,.994,.048,.373,-.008,.928);es="Linear";ed="In";};["Stand Torso"]={tm=.0160;cf=cfr(.24,2.341,-13.44,.749,.191,.634,.001,.957,-.29,-.663,.218,.717);es="Linear";ed="In";};["Stand Left Arm"]={tm=.0160;cf=cfr(-.59,-.117,-.185,-.289,.552,-.782,-.528,-.774,-.351,-.799,.311,.515);es="Linear";ed="In";};["Stand Left Leg"]={tm=.0160;cf=cfr(0,0,0,1,0,.001,0,1,0,-.001,0,1);es="Linear";ed="In";};["Stand Right Leg"]={tm=.0160;cf=cfr(.001,0,0,1,0,-.001,0,1,.001,.001,-.001,1);es="Linear";ed="In";};["Stand Head"]={tm=.0160;cf=cfr(0,0,0,.725,-.621,.297,.689,.654,-.313,0,.431,.902);es="Linear";ed="In";};["Stand Right Arm"]={tm=.0160;cf=cfr(-.304,-.253,-.19,.771,-.251,.586,.072,.948,.312,-.633,-.198,.748);es="Linear";ed="In";};};{tm=3.883;["Torso"]={tm=.0169;cf=cfr(-.487,-11.04,-.087,-.869,.494,-.016,-.494,-.869,.007,-.01,.014,1);es="Linear";ed="In";};["Left Leg"]={tm=.0169;cf=cfr(.108,.003,.095,.889,-.045,.455,-.004,.994,.106,-.457,-.096,.884);es="Linear";ed="In";};["Head"]={tm=.0169;cf=cfr(0,0,0,.936,.35,-.034,-.351,.932,-.09,0,.096,.995);es="Linear";ed="In";};["Left Arm"]={tm=.0169;cf=cfr(.011,-.002,-.008,.998,.011,.057,-.011,1,.003,-.057,-.004,.998);es="Linear";ed="In";};["Right Arm"]={tm=.0169;cf=cfr(-.662,-.464,.604,-.008,-.388,.922,.705,.651,.28,-.709,.652,.268);es="Linear";ed="In";};["Right Leg"]={tm=.0169;cf=cfr(.392,.091,.152,.922,.113,-.37,-.101,.994,.052,.373,-.011,.928);es="Linear";ed="In";};["Stand Torso"]={tm=.0169;cf=cfr(.241,2.342,-13.44,.746,.191,.637,.002,.957,-.29,-.666,.218,.714);es="Linear";ed="In";};["Stand Left Arm"]={tm=.0169;cf=cfr(-.588,-.118,-.182,-.291,.553,-.78,-.535,-.77,-.346,-.793,.317,.521);es="Linear";ed="In";};["Stand Left Leg"]={tm=.0169;cf=cfr(0,0,.001,1,0,.002,0,1,.001,-.002,-.001,1);es="Linear";ed="In";};["Stand Right Leg"]={tm=.0169;cf=cfr(.001,0,.001,1,0,-.003,0,1,.002,.003,-.002,1);es="Linear";ed="In";};["Stand Head"]={tm=.0169;cf=cfr(0,0,0,.724,-.622,.297,.689,.653,-.313,.001,.431,.902);es="Linear";ed="In";};["Stand Right Arm"]={tm=.0169;cf=cfr(-.303,-.253,-.187,.771,-.252,.585,.072,.947,.313,-.633,-.199,.748);es="Linear";ed="In";};};{tm=3.9;["Torso"]={tm=.0169;cf=cfr(-.492,-11.04,-.089,-.865,.502,-.017,-.502,-.865,.008,-.011,.016,1);es="Linear";ed="In";};["Left Leg"]={tm=.0169;cf=cfr(.102,.003,.095,.891,-.043,.452,-.004,.995,.103,-.454,-.094,.886);es="Linear";ed="In";};["Head"]={tm=.0169;cf=cfr(0,0,0,.935,.352,-.035,-.354,.931,-.092,0,.098,.995);es="Linear";ed="In";};["Left Arm"]={tm=.0169;cf=cfr(.012,-.002,-.009,.998,.012,.064,-.013,1,.004,-.064,-.004,.998);es="Linear";ed="In";};["Right Arm"]={tm=.0169;cf=cfr(-.655,-.466,.599,-.007,-.391,.921,.701,.654,.283,-.713,.648,.269);es="Linear";ed="In";};["Right Leg"]={tm=.0169;cf=cfr(.393,.092,.152,.922,.117,-.37,-.103,.993,.058,.374,-.016,.927);es="Linear";ed="In";};["Stand Torso"]={tm=.0169;cf=cfr(.241,2.343,-13.44,.743,.191,.642,.004,.957,-.29,-.67,.218,.71);es="Linear";ed="In";};["Stand Left Arm"]={tm=.0169;cf=cfr(-.584,-.12,-.178,-.294,.555,-.778,-.546,-.766,-.34,-.785,.324,.528);es="Linear";ed="In";};["Stand Left Leg"]={tm=.0169;cf=cfr(.001,0,.002,1,0,.004,0,1,.001,-.004,-.001,1);es="Linear";ed="In";};["Stand Right Leg"]={tm=.0169;cf=cfr(.002,0,.001,1,.001,-.006,-.001,1,.003,.006,-.003,1);es="Linear";ed="In";};["Stand Head"]={tm=.0169;cf=cfr(0,0,0,.723,-.624,.297,.691,.652,-.313,.002,.431,.902);es="Linear";ed="In";};["Stand Right Arm"]={tm=.0169;cf=cfr(-.303,-.252,-.183,.771,-.253,.584,.072,.946,.315,-.632,-.201,.748);es="Linear";ed="In";};};{tm=3.917;["Torso"]={tm=.0160;cf=cfr(-.499,-11.04,-.092,-.859,.512,-.019,-.513,-.859,.01,-.011,.018,1);es="Linear";ed="In";};["Left Leg"]={tm=.0160;cf=cfr(.094,.003,.095,.893,-.04,.448,-.005,.995,.099,-.449,-.091,.889);es="Linear";ed="In";};["Head"]={tm=.0160;cf=cfr(0,0,0,.934,.355,-.035,-.356,.929,-.096,-.001,.102,.995);es="Linear";ed="In";};["Left Arm"]={tm=.0160;cf=cfr(.014,-.002,-.01,.997,.014,.073,-.014,1,.004,-.073,-.005,.997);es="Linear";ed="In";};["Right Arm"]={tm=.0160;cf=cfr(-.646,-.468,.593,-.007,-.394,.919,.696,.658,.287,-.718,.642,.27);es="Linear";ed="In";};["Right Leg"]={tm=.0160;cf=cfr(.393,.094,.151,.921,.123,-.369,-.106,.992,.066,.374,-.021,.927);es="Linear";ed="In";};["Stand Torso"]={tm=.0160;cf=cfr(.242,2.345,-13.44,.738,.192,.647,.006,.957,-.29,-.675,.218,.705);es="Linear";ed="In";};["Stand Left Arm"]={tm=.0160;cf=cfr(-.58,-.122,-.172,-.298,.558,-.775,-.559,-.76,-.332,-.774,.334,.538);es="Linear";ed="In";};["Stand Left Leg"]={tm=.0160;cf=cfr(.001,0,.003,1,0,.006,0,1,.002,-.006,-.002,1);es="Linear";ed="In";};["Stand Right Leg"]={tm=.0160;cf=cfr(.004,0,.002,1,.001,-.009,-.001,1,.005,.009,-.005,1);es="Linear";ed="In";};["Stand Head"]={tm=.0160;cf=cfr(0,0,0,.722,-.626,.297,.692,.65,-.313,.003,.431,.902);es="Linear";ed="In";};["Stand Right Arm"]={tm=.0160;cf=cfr(-.302,-.252,-.179,.772,-.255,.582,.073,.945,.317,-.632,-.203,.748);es="Linear";ed="In";};};{tm=3.933;["Torso"]={tm=.0170;cf=cfr(-.507,-11.04,-.096,-.851,.525,-.02,-.525,-.851,.012,-.011,.021,1);es="Linear";ed="In";};["Left Leg"]={tm=.0170;cf=cfr(.085,.004,.095,.896,-.037,.442,-.006,.995,.095,-.444,-.088,.892);es="Linear";ed="In";};["Head"]={tm=.0170;cf=cfr(0,0,0,.933,.358,-.036,-.36,.928,-.1,-.002,.106,.994);es="Linear";ed="In";};["Left Arm"]={tm=.0170;cf=cfr(.016,-.003,-.012,.996,.016,.084,-.017,1,.005,-.084,-.006,.996);es="Linear";ed="In";};["Right Arm"]={tm=.0170;cf=cfr(-.636,-.47,.585,-.006,-.398,.917,.69,.662,.292,-.723,.635,.271);es="Linear";ed="In";};["Right Leg"]={tm=.0170;cf=cfr(.394,.097,.151,.921,.129,-.368,-.109,.991,.075,.375,-.029,.927);es="Linear";ed="In";};["Stand Torso"]={tm=.0170;cf=cfr(.243,2.347,-13.43,.732,.192,.654,.009,.957,-.29,-.681,.218,.699);es="Linear";ed="In";};["Stand Left Arm"]={tm=.0170;cf=cfr(-.574,-.124,-.166,-.302,.561,-.771,-.576,-.752,-.322,-.76,.346,.55);es="Linear";ed="In";};["Stand Left Leg"]={tm=.0170;cf=cfr(.001,0,.005,1,0,.009,0,1,.003,-.009,-.003,1);es="Linear";ed="In";};["Stand Right Leg"]={tm=.0170;cf=cfr(.005,0,.002,1,.001,-.013,-.001,1,.007,.013,-.007,1);es="Linear";ed="In";};["Stand Head"]={tm=.0170;cf=cfr(0,0,0,.72,-.628,.297,.694,.648,-.313,.004,.431,.902);es="Linear";ed="In";};["Stand Right Arm"]={tm=.0170;cf=cfr(-.302,-.252,-.173,.773,-.257,.581,.073,.944,.321,-.631,-.205,.748);es="Linear";ed="In";};};{tm=3.95;["Torso"]={tm=.0169;cf=cfr(-.516,-11.04,-.1,-.842,.539,-.022,-.54,-.842,.014,-.011,.024,1);es="Linear";ed="In";};["Left Leg"]={tm=.0169;cf=cfr(.074,.004,.095,.899,-.033,.436,-.007,.996,.09,-.437,-.083,.895);es="Linear";ed="In";};["Head"]={tm=.0169;cf=cfr(0,0,0,.932,.362,-.038,-.364,.926,-.104,-.003,.111,.994);es="Linear";ed="In";};["Left Arm"]={tm=.0169;cf=cfr(.019,-.003,-.014,.995,.019,.097,-.019,1,.005,-.097,-.007,.995);es="Linear";ed="In";};["Right Arm"]={tm=.0169;cf=cfr(-.623,-.473,.575,-.005,-.403,.915,.683,.667,.298,-.73,.627,.272);es="Linear";ed="In";};["Right Leg"]={tm=.0169;cf=cfr(.395,.099,.15,.92,.137,-.368,-.113,.99,.086,.376,-.037,.926);es="Linear";ed="In";};["Stand Torso"]={tm=.0169;cf=cfr(.243,2.349,-13.43,.725,.192,.662,.012,.957,-.29,-.689,.218,.691);es="Linear";ed="In";};["Stand Left Arm"]={tm=.0169;cf=cfr(-.567,-.126,-.158,-.307,.566,-.766,-.595,-.742,-.31,-.743,.36,.564);es="Linear";ed="In";};["Stand Left Leg"]={tm=.0169;cf=cfr(.002,0,.006,1,-.001,.013,.001,1,.004,-.013,-.004,1);es="Linear";ed="In";};["Stand Right Leg"]={tm=.0169;cf=cfr(.007,0,.003,1,.002,-.018,-.002,1,.009,.018,-.009,1);es="Linear";ed="In";};["Stand Head"]={tm=.0169;cf=cfr(0,0,0,.717,-.63,.297,.697,.646,-.313,.006,.431,.902);es="Linear";ed="In";};["Stand Right Arm"]={tm=.0169;cf=cfr(-.301,-.251,-.167,.773,-.26,.579,.074,.943,.324,-.63,-.208,.748);es="Linear";ed="In";};};{tm=3.967;["Torso"]={tm=.0160;cf=cfr(-.527,-11.04,-.105,-.831,.556,-.025,-.556,-.831,.016,-.012,.028,1);es="Linear";ed="In";};["Left Leg"]={tm=.0160;cf=cfr(.061,.005,.095,.903,-.029,.429,-.008,.996,.083,-.43,-.079,.899);es="Linear";ed="In";};["Head"]={tm=.0160;cf=cfr(0,0,0,.93,.366,-.039,-.368,.923,-.11,-.004,.117,.993);es="Linear";ed="In";};["Left Arm"]={tm=.0160;cf=cfr(.022,-.003,-.016,.993,.021,.112,-.022,1,.006,-.112,-.008,.994);es="Linear";ed="In";};["Right Arm"]={tm=.0160;cf=cfr(-.608,-.476,.565,-.004,-.409,.913,.675,.672,.304,-.738,.617,.273);es="Linear";ed="In";};["Right Leg"]={tm=.0160;cf=cfr(.396,.103,.149,.919,.146,-.367,-.118,.988,.098,.377,-.047,.925);es="Linear";ed="In";};["Stand Torso"]={tm=.0160;cf=cfr(.245,2.352,-13.42,.716,.192,.671,.016,.957,-.29,-.698,.218,.682);es="Linear";ed="In";};["Stand Left Arm"]={tm=.0160;cf=cfr(-.559,-.129,-.149,-.312,.57,-.76,-.617,-.73,-.295,-.723,.376,.58);es="Linear";ed="In";};["Stand Left Leg"]={tm=.0160;cf=cfr(.002,0,.008,1,-.001,.017,.001,1,.005,-.017,-.005,1);es="Linear";ed="In";};["Stand Right Leg"]={tm=.0160;cf=cfr(.009,0,.004,1,.003,-.023,-.002,1,.012,.023,-.012,1);es="Linear";ed="In";};["Stand Head"]={tm=.0160;cf=cfr(0,0,0,.715,-.633,.297,.699,.643,-.313,.008,.431,.902);es="Linear";ed="In";};["Stand Right Arm"]={tm=.0160;cf=cfr(-.3,-.251,-.159,.774,-.263,.576,.075,.941,.329,-.629,-.211,.748);es="Linear";ed="In";};};{tm=3.983;["Torso"]={tm=.0169;cf=cfr(-.54,-11.04,-.111,-.818,.575,-.028,-.575,-.818,.019,-.012,.032,.999);es="Linear";ed="In";};["Left Leg"]={tm=.0169;cf=cfr(.046,.005,.094,.907,-.024,.421,-.009,.997,.076,-.421,-.073,.904);es="Linear";ed="In";};["Head"]={tm=.0169;cf=cfr(0,0,0,.928,.371,-.041,-.374,.92,-.116,-.005,.123,.992);es="Linear";ed="In";};["Left Arm"]={tm=.0169;cf=cfr(.025,-.004,-.018,.991,.025,.129,-.026,1,.007,-.129,-.01,.992);es="Linear";ed="In";};["Right Arm"]={tm=.0169;cf=cfr(-.592,-.48,.552,-.003,-.415,.91,.665,.679,.312,-.747,.606,.274);es="Linear";ed="In";};["Right Leg"]={tm=.0169;cf=cfr(.397,.106,.148,.918,.156,-.365,-.123,.986,.112,.378,-.058,.924);es="Linear";ed="In";};["Stand Torso"]={tm=.0169;cf=cfr(.246,2.355,-13.42,.706,.192,.681,.02,.957,-.29,-.707,.219,.672);es="Linear";ed="In";};["Stand Left Arm"]={tm=.0169;cf=cfr(-.55,-.133,-.139,-.318,.576,-.753,-.641,-.716,-.277,-.698,.394,.597);es="Linear";ed="In";};["Stand Left Leg"]={tm=.0169;cf=cfr(.003,0,.01,1,-.001,.022,.001,1,.007,-.022,-.007,1);es="Linear";ed="In";};["Stand Right Leg"]={tm=.0169;cf=cfr(.012,0,.005,1,.003,-.029,-.003,1,.015,.03,-.015,.999);es="Linear";ed="In";};["Stand Head"]={tm=.0169;cf=cfr(0,0,0,.712,-.637,.297,.702,.639,-.313,.01,.431,.902);es="Linear";ed="In";};["Stand Right Arm"]={tm=.0169;cf=cfr(-.298,-.25,-.15,.775,-.266,.573,.076,.94,.334,-.627,-.215,.748);es="Linear";ed="In";};};{tm=4;["Torso"]={tm=.0170;cf=cfr(-.554,-11.04,-.118,-.803,.595,-.031,-.596,-.803,.022,-.012,.036,.999);es="Linear";ed="In";};["Left Leg"]={tm=.0170;cf=cfr(.03,.006,.094,.911,-.018,.412,-.011,.998,.069,-.412,-.067,.909);es="Linear";ed="In";};["Head"]={tm=.0170;cf=cfr(0,0,0,.925,.377,-.043,-.379,.917,-.123,-.007,.13,.991);es="Linear";ed="In";};["Left Arm"]={tm=.0170;cf=cfr(.029,-.004,-.021,.989,.028,.148,-.03,1,.007,-.148,-.012,.989);es="Linear";ed="In";};["Right Arm"]={tm=.0170;cf=cfr(-.574,-.484,.539,-.001,-.422,.906,.654,.685,.32,-.757,.593,.275);es="Linear";ed="In";};["Right Leg"]={tm=.0170;cf=cfr(.399,.111,.148,.916,.168,-.364,-.129,.983,.128,.379,-.07,.923);es="Linear";ed="In";};["Stand Torso"]={tm=.0170;cf=cfr(.247,2.359,-13.41,.695,.192,.693,.025,.957,-.29,-.719,.219,.66);es="Linear";ed="In";};["Stand Left Arm"]={tm=.0170;cf=cfr(-.539,-.137,-.127,-.325,.583,-.745,-.668,-.699,-.256,-.669,.414,.617);es="Linear";ed="In";};["Stand Left Leg"]={tm=.0170;cf=cfr(.004,0,.013,1,-.001,.027,.001,1,.009,-.027,-.009,1);es="Linear";ed="In";};["Stand Right Leg"]={tm=.0170;cf=cfr(.015,0,.006,.999,.004,-.037,-.004,1,.019,.037,-.019,.999);es="Linear";ed="In";};["Stand Head"]={tm=.0170;cf=cfr(0,0,0,.708,-.641,.297,.706,.636,-.313,.012,.431,.902);es="Linear";ed="In";};["Stand Right Arm"]={tm=.0170;cf=cfr(-.297,-.25,-.139,.776,-.27,.57,.077,.938,.339,-.626,-.22,.748);es="Linear";ed="In";};};{tm=4.017;["Torso"]={tm=.0160;cf=cfr(-.57,-11.04,-.125,-.786,.617,-.035,-.618,-.786,.025,-.012,.041,.999);es="Linear";ed="In";};["Left Leg"]={tm=.0160;cf=cfr(.012,.007,.094,.916,-.012,.401,-.013,.998,.06,-.401,-.06,.914);es="Linear";ed="In";};["Head"]={tm=.0160;cf=cfr(0,0,0,.923,.383,-.045,-.386,.913,-.13,-.009,.138,.99);es="Linear";ed="In";};["Left Arm"]={tm=.0160;cf=cfr(.033,-.005,-.024,.985,.032,.169,-.034,.999,.008,-.169,-.013,.986);es="Linear";ed="In";};["Right Arm"]={tm=.0160;cf=cfr(-.553,-.489,.524,.001,-.43,.903,.642,.692,.33,-.767,.579,.276);es="Linear";ed="In";};["Right Leg"]={tm=.0160;cf=cfr(.4,.115,.146,.915,.18,-.362,-.136,.98,.145,.38,-.084,.921);es="Linear";ed="In";};["Stand Torso"]={tm=.0160;cf=cfr(.249,2.363,-13.40,.682,.192,.706,.03,.957,-.29,-.731,.219,.646);es="Linear";ed="In";};["Stand Left Arm"]={tm=.0160;cf=cfr(-.527,-.142,-.113,-.332,.591,-.735,-.697,-.679,-.231,-.636,.436,.637);es="Linear";ed="In";};["Stand Left Leg"]={tm=.0160;cf=cfr(.005,0,.016,.999,-.002,.033,.001,1,.011,-.033,-.01,.999);es="Linear";ed="In";};["Stand Right Leg"]={tm=.0160;cf=cfr(.018,0,.008,.999,.005,-.045,-.004,1,.024,.045,-.023,.999);es="Linear";ed="In";};["Stand Head"]={tm=.0160;cf=cfr(0,0,0,.704,-.645,.297,.71,.631,-.313,.015,.431,.902);es="Linear";ed="In";};["Stand Right Arm"]={tm=.0160;cf=cfr(-.295,-.249,-.128,.777,-.274,.566,.078,.935,.346,-.624,-.225,.748);es="Linear";ed="In";};};{tm=4.033;["Torso"]={tm=.0169;cf=cfr(-.587,-11.04,-.133,-.767,.641,-.039,-.642,-.766,.029,-.012,.047,.999);es="Linear";ed="In";};["Left Leg"]={tm=.0169;cf=cfr(-.008,.007,.094,.921,-.006,.39,-.015,.999,.051,-.389,-.053,.92);es="Linear";ed="In";};["Head"]={tm=.0169;cf=cfr(0,0,0,.92,.39,-.048,-.393,.909,-.139,-.011,.146,.989);es="Linear";ed="In";};["Left Arm"]={tm=.0169;cf=cfr(.037,-.006,-.027,.981,.036,.192,-.039,.999,.009,-.191,-.016,.981);es="Linear";ed="In";};["Right Arm"]={tm=.0169;cf=cfr(-.531,-.494,.507,.003,-.439,.899,.628,.7,.34,-.778,.564,.277);es="Linear";ed="In";};["Right Leg"]={tm=.0169;cf=cfr(.402,.12,.145,.913,.194,-.359,-.143,.976,.164,.382,-.098,.919);es="Linear";ed="In";};["Stand Torso"]={tm=.0169;cf=cfr(.251,2.368,-13.39,.667,.193,.72,.036,.956,-.29,-.744,.219,.631);es="Linear";ed="In";};["Stand Left Arm"]={tm=.0169;cf=cfr(-.514,-.147,-.098,-.338,.6,-.725,-.728,-.655,-.203,-.596,.459,.659);es="Linear";ed="In";};["Stand Left Leg"]={tm=.0169;cf=cfr(.006,0,.019,.999,-.002,.039,.002,1,.013,-.04,-.013,.999);es="Linear";ed="In";};["Stand Right Leg"]={tm=.0169;cf=cfr(.022,0,.01,.999,.007,-.054,-.005,1,.028,.054,-.028,.998);es="Linear";ed="In";};["Stand Head"]={tm=.0169;cf=cfr(0,0,0,.7,-.65,.297,.714,.626,-.313,.018,.431,.902);es="Linear";ed="In";};["Stand Right Arm"]={tm=.0169;cf=cfr(-.294,-.249,-.115,.779,-.279,.562,.079,.932,.353,-.622,-.23,.748);es="Linear";ed="In";};};{tm=4.05;["Torso"]={tm=.0170;cf=cfr(-.605,-11.04,-.141,-.745,.666,-.044,-.667,-.744,.032,-.011,.053,.999);es="Linear";ed="In";};["Left Leg"]={tm=.0170;cf=cfr(-.03,.008,.094,.926,.001,.377,-.018,.999,.041,-.377,-.044,.925);es="Linear";ed="In";};["Head"]={tm=.0170;cf=cfr(0,0,0,.916,.397,-.051,-.4,.904,-.148,-.013,.156,.988);es="Linear";ed="In";};["Left Arm"]={tm=.0170;cf=cfr(.042,-.007,-.03,.975,.041,.216,-.044,.999,.009,-.216,-.018,.976);es="Linear";ed="In";};["Right Arm"]={tm=.0170;cf=cfr(-.507,-.5,.489,.005,-.448,.894,.613,.708,.351,-.79,.546,.278);es="Linear";ed="In";};["Right Leg"]={tm=.0170;cf=cfr(.403,.126,.144,.911,.209,-.356,-.15,.971,.184,.384,-.114,.916);es="Linear";ed="In";};["Stand Torso"]={tm=.0170;cf=cfr(.253,2.373,-13.38,.65,.193,.735,.043,.956,-.289,-.759,.22,.613);es="Linear";ed="In";};["Stand Left Arm"]={tm=.0170;cf=cfr(-.499,-.152,-.081,-.345,.611,-.712,-.76,-.627,-.169,-.55,.483,.681);es="Linear";ed="In";};["Stand Left Leg"]={tm=.0170;cf=cfr(.007,0,.023,.999,-.003,.047,.002,1,.015,-.047,-.015,.999);es="Linear";ed="In";};["Stand Right Leg"]={tm=.0170;cf=cfr(.026,0,.011,.998,.008,-.064,-.006,.999,.034,.065,-.033,.997);es="Linear";ed="In";};["Stand Head"]={tm=.0170;cf=cfr(0,0,0,.695,-.655,.297,.719,.621,-.313,.021,.431,.902);es="Linear";ed="In";};["Stand Right Arm"]={tm=.0170;cf=cfr(-.292,-.248,-.1,.78,-.284,.557,.081,.929,.361,-.62,-.236,.748);es="Linear";ed="In";};};{tm=4.067;["Torso"]={tm=.0160;cf=cfr(-.625,-11.04,-.15,-.721,.692,-.049,-.693,-.72,.036,-.011,.059,.998);es="Linear";ed="In";};["Left Leg"]={tm=.0160;cf=cfr(-.053,.009,.093,.932,.009,.363,-.021,.999,.03,-.363,-.035,.931);es="Linear";ed="In";};["Head"]={tm=.0160;cf=cfr(0,0,0,.913,.405,-.054,-.408,.899,-.157,-.015,.166,.986);es="Linear";ed="In";};["Left Arm"]={tm=.0160;cf=cfr(.047,-.007,-.034,.969,.045,.243,-.049,.999,.01,-.242,-.021,.97);es="Linear";ed="In";};["Right Arm"]={tm=.0160;cf=cfr(-.481,-.506,.47,.008,-.458,.889,.597,.716,.363,-.802,.528,.279);es="Linear";ed="In";};["Right Leg"]={tm=.0160;cf=cfr(.405,.132,.143,.909,.224,-.352,-.158,.966,.206,.387,-.132,.913);es="Linear";ed="In";};["Stand Torso"]={tm=.0160;cf=cfr(.255,2.379,-13.37,.63,.193,.752,.051,.956,-.289,-.775,.22,.592);es="Linear";ed="In";};["Stand Left Arm"]={tm=.0160;cf=cfr(-.483,-.159,-.062,-.352,.623,-.699,-.793,-.595,-.131,-.497,.508,.704);es="Linear";ed="In";};["Stand Left Leg"]={tm=.0160;cf=cfr(.008,0,.027,.998,-.003,.055,.002,1,.018,-.055,-.018,.998);es="Linear";ed="In";};["Stand Right Leg"]={tm=.0160;cf=cfr(.031,0,.013,.997,.01,-.076,-.007,.999,.04,.076,-.039,.996);es="Linear";ed="In";};["Stand Head"]={tm=.0160;cf=cfr(0,0,0,.689,-.661,.297,.724,.614,-.313,.025,.43,.902);es="Linear";ed="In";};["Stand Right Arm"]={tm=.0160;cf=cfr(-.289,-.247,-.084,.782,-.29,.552,.082,.926,.37,-.618,-.243,.747);es="Linear";ed="In";};};{tm=4.083;["Torso"]={tm=.0169;cf=cfr(-.647,-11.04,-.16,-.693,.719,-.054,-.721,-.692,.039,-.01,.066,.998);es="Linear";ed="In";};["Left Leg"]={tm=.0169;cf=cfr(-.078,.01,.093,.937,.016,.348,-.024,1,.018,-.348,-.025,.937);es="Linear";ed="In";};["Head"]={tm=.0169;cf=cfr(0,0,0,.909,.413,-.057,-.417,.893,-.168,-.018,.176,.984);es="Linear";ed="In";};["Left Arm"]={tm=.0169;cf=cfr(.053,-.008,-.038,.961,.05,.271,-.055,.998,.01,-.27,-.024,.962);es="Linear";ed="In";};["Right Arm"]={tm=.0169;cf=cfr(-.453,-.512,.449,.012,-.468,.884,.579,.724,.376,-.815,.507,.279);es="Linear";ed="In";};["Right Leg"]={tm=.0169;cf=cfr(.407,.138,.141,.906,.241,-.348,-.167,.959,.23,.389,-.15,.909);es="Linear";ed="In";};["Stand Torso"]={tm=.0169;cf=cfr(.258,2.386,-13.36,.608,.194,.77,.06,.956,-.287,-.792,.221,.569);es="Linear";ed="In";};["Stand Left Arm"]={tm=.0169;cf=cfr(-.464,-.166,-.041,-.358,.637,-.683,-.826,-.557,-.086,-.435,.533,.726);es="Linear";ed="In";};["Stand Left Leg"]={tm=.0169;cf=cfr(.01,0,.031,.998,-.004,.065,.002,1,.021,-.065,-.021,.998);es="Linear";ed="In";};["Stand Right Leg"]={tm=.0169;cf=cfr(.036,0,.016,.996,.012,-.088,-.007,.999,.047,.089,-.046,.995);es="Linear";ed="In";};["Stand Head"]={tm=.0169;cf=cfr(0,0,0,.683,-.668,.297,.73,.607,-.313,.029,.43,.902);es="Linear";ed="In";};["Stand Right Arm"]={tm=.0169;cf=cfr(-.287,-.246,-.066,.784,-.296,.546,.084,.921,.379,-.616,-.251,.747);es="Linear";ed="In";};};{tm=4.1;["Torso"]={tm=.0170;cf=cfr(-.67,-11.04,-.171,-.663,.746,-.061,-.749,-.662,.043,-.008,.074,.997);es="Linear";ed="In";};["Left Leg"]={tm=.0170;cf=cfr(-.104,.011,.093,.943,.024,.332,-.028,1,.005,-.332,-.014,.943);es="Linear";ed="In";};["Head"]={tm=.0170;cf=cfr(0,0,0,.905,.422,-.061,-.426,.887,-.179,-.021,.188,.982);es="Linear";ed="In";};["Left Arm"]={tm=.0170;cf=cfr(.059,-.009,-.043,.952,.056,.301,-.061,.998,.01,-.3,-.028,.954);es="Linear";ed="In";};["Right Arm"]={tm=.0170;cf=cfr(-.423,-.519,.427,.016,-.479,.878,.559,.732,.389,-.829,.485,.279);es="Linear";ed="In";};["Right Leg"]={tm=.0170;cf=cfr(.41,.145,.14,.903,.259,-.343,-.176,.951,.255,.392,-.169,.904);es="Linear";ed="In";};["Stand Torso"]={tm=.0170;cf=cfr(.26,2.393,-13.34,.582,.194,.79,.069,.956,-.286,-.81,.221,.543);es="Linear";ed="In";};["Stand Left Arm"]={tm=.0170;cf=cfr(-.444,-.174,-.018,-.363,.653,-.665,-.858,-.513,-.035,-.364,.558,.746);es="Linear";ed="In";};["Stand Left Leg"]={tm=.0170;cf=cfr(.011,0,.037,.997,-.004,.075,.003,1,.024,-.075,-.024,.997);es="Linear";ed="In";};["Stand Right Leg"]={tm=.0170;cf=cfr(.042,0,.018,.995,.014,-.102,-.008,.998,.054,.103,-.053,.993);es="Linear";ed="In";};["Stand Head"]={tm=.0170;cf=cfr(0,0,0,.675,-.675,.297,.737,.599,-.313,.034,.43,.902);es="Linear";ed="In";};["Stand Right Arm"]={tm=.0170;cf=cfr(-.284,-.245,-.046,.786,-.304,.539,.086,.917,.39,-.613,-.26,.746);es="Linear";ed="In";};};{tm=4.117;["Torso"]={tm=.0160;cf=cfr(-.694,-11.04,-.182,-.629,.774,-.067,-.777,-.628,.046,-.006,.082,.997);es="Linear";ed="In";};["Left Leg"]={tm=.0160;cf=cfr(-.133,.013,.092,.949,.033,.314,-.032,.999,-.008,-.315,-.003,.949);es="Linear";ed="In";};["Head"]={tm=.0160;cf=cfr(0,0,0,.9,.431,-.065,-.435,.88,-.19,-.025,.2,.98);es="Linear";ed="In";};["Left Arm"]={tm=.0160;cf=cfr(.065,-.01,-.047,.941,.061,.333,-.068,.998,.01,-.331,-.032,.943);es="Linear";ed="In";};["Right Arm"]={tm=.0160;cf=cfr(-.391,-.527,.404,.02,-.49,.871,.538,.74,.404,-.842,.461,.279);es="Linear";ed="In";};["Right Leg"]={tm=.0160;cf=cfr(.412,.153,.138,.899,.278,-.337,-.186,.942,.281,.396,-.19,.899);es="Linear";ed="In";};["Stand Torso"]={tm=.0160;cf=cfr(.264,2.402,-13.33,.553,.195,.81,.08,.956,-.284,-.83,.221,.513);es="Linear";ed="In";};["Stand Left Arm"]={tm=.0160;cf=cfr(-.421,-.183,.008,-.366,.671,-.645,-.887,-.461,.024,-.281,.581,.764);es="Linear";ed="In";};["Stand Left Leg"]={tm=.0160;cf=cfr(.013,0,.042,.996,-.005,.087,.003,1,.028,-.087,-.028,.996);es="Linear";ed="In";};["Stand Right Leg"]={tm=.0160;cf=cfr(.049,0,.021,.993,.016,-.118,-.009,.998,.063,.119,-.061,.991);es="Linear";ed="In";};["Stand Head"]={tm=.0160;cf=cfr(0,0,0,.667,-.683,.297,.744,.59,-.313,.039,.429,.902);es="Linear";ed="In";};["Stand Right Arm"]={tm=.0160;cf=cfr(-.281,-.244,-.023,.788,-.312,.532,.089,.911,.402,-.61,-.27,.745);es="Linear";ed="In";};};{tm=4.133;["Torso"]={tm=.0999;cf=cfr(-.72,-11.05,-.194,-.592,.802,-.075,-.806,-.59,.05,-.004,.09,.996);es="Linear";ed="In";};["Left Leg"]={tm=.0999;cf=cfr(-.163,.014,.092,.954,.042,.296,-.037,.999,-.022,-.296,.01,.955);es="Linear";ed="In";};["Head"]={tm=.0170;cf=cfr(0,0,0,.895,.441,-.069,-.445,.872,-.202,-.029,.212,.977);es="Linear";ed="In";};["Left Arm"]={tm=.0170;cf=cfr(.072,-.011,-.052,.928,.067,.366,-.075,.997,.01,-.364,-.037,.931);es="Linear";ed="In";};["Right Arm"]={tm=.0170;cf=cfr(-.357,-.534,.379,.026,-.502,.864,.516,.747,.419,-.856,.435,.278);es="Linear";ed="In";};["Right Leg"]={tm=.0999;cf=cfr(.414,.16,.136,.896,.298,-.33,-.196,.931,.308,.399,-.212,.892);es="Linear";ed="In";};["Stand Torso"]={tm=.0170;cf=cfr(.267,2.411,-13.31,.519,.195,.832,.091,.955,-.281,-.85,.222,.478);es="Linear";ed="In";};["Stand Left Arm"]={tm=.0170