-- // converted using mech's animoduler
local cfr = CFrame.new

return {{tm=0;["Torso"]={tm=.15;cf=cfr(0,.24,0,1,0,0,0,.985,-.174,0,.174,.985);es="Linear";ed="In";};["Left Leg"]={tm=.15;cf=cfr(-.696,.185,0,.955,.255,.152,-.272,.957,.105,-.119,-.142,.983);es="Linear";ed="In";};["Right Arm"]={tm=.1;cf=cfr(.487,-.183,0,.23,-.936,.265,.614,.351,.707,-.755,0,.656);es="Linear";ed="In";};["Head"]={tm=.05;cf=cfr(0,0,0,1,0,0,0,.971,-.237,0,.237,.971);es="Linear";ed="In";};["Left Arm"]={tm=.1;cf=cfr(-.487,-.183,0,.272,.957,-.102,-.725,.274,.632,.632,-.098,.769);es="Linear";ed="In";};["Right Leg"]={tm=.15;cf=cfr(.761,.095,.144,.956,-.183,-.229,.231,.952,.203,.18,-.247,.952);es="Linear";ed="In";};};{tm=.05;["Head"]={tm=.05;cf=cfr(0,0,0,1,0,0,0,.98,.197,0,-.197,.98);es="Linear";ed="In";};};{tm=.1;["Right Arm"]={tm=.1999;cf=cfr(.487,-.183,0,.305,-.952,.001,.778,.25,.576,-.549,-.175,.817);es="Linear";ed="In";};["Head"]={tm=.0499;cf=cfr(0,0,0,1,0,0,0,.959,.284,0,-.284,.959);es="Linear";ed="In";};["Left Arm"]={tm=.1999;cf=cfr(-.487,-.183,0,.243,.908,.34,-.851,.032,.524,.465,-.417,.781);es="Linear";ed="In";};};{tm=.15;["Torso"]={tm=.1;cf=cfr(0,.24,-.52,1,0,0,0,.979,.202,0,-.202,.979);es="Linear";ed="In";};["Left Leg"]={tm=.1;cf=cfr(-.724,.27,-.015,.909,-.314,.276,.245,.935,.257,-.339,-.166,.926);es="Linear";ed="In";};["Head"]={tm=.15;cf=cfr(0,0,0,1,0,0,0,1,-.008,0,.008,1);es="Linear";ed="In";};["Right Leg"]={tm=.15;cf=cfr(.814,.198,.111,.881,.445,-.161,-.362,.853,.377,.305,-.274,.912);es="Linear";ed="In";};};{tm=.25;["Torso"]={tm=.0499;cf=cfr(0,.843,-1.023,1,0,0,0,.913,.408,0,-.408,.913);es="Linear";ed="In";};["Left Leg"]={tm=.0499;cf=cfr(-.756,.588,-.094,.956,-.097,.276,.024,.966,.257,-.292,-.239,.926);es="Linear";ed="In";};};{tm=.3;["Dive"]="Dive";["Torso"]={tm=.1000;cf=cfr(0,1.33,-2.3,1,0,0,0,.658,.753,0,-.753,.658);es="Linear";ed="In";};["Left Leg"]={tm=1.95;cf=cfr(-.724,.27,-.015,.899,.339,.276,-.409,.876,.257,-.155,-.344,.926);es="Linear";ed="In";};["Right Arm"]={tm=1.95;cf=cfr(.487,-.183,0,.239,-.762,-.602,.971,.198,.134,.017,-.616,.787);es="Linear";ed="In";};["Head"]={tm=1.95;cf=cfr(0,0,0,1,0,0,0,.925,.381,0,-.381,.925);es="Linear";ed="In";};["Left Arm"]={tm=1.95;cf=cfr(-.487,-.183,0,.084,.854,.513,-.995,.104,-.01,-.062,-.51,.858);es="Linear";ed="In";};["Right Leg"]={tm=1.95;cf=cfr(1.77,.622,-.574,.837,.53,.133,-.436,.5,.748,.33,-.684,.65);es="Linear";ed="In";};};{tm=.4;["Torso"]={tm=1.85;cf=cfr(0,1.64,-5.63,1,0,0,0,-.009,1,0,-1,-.009);es="Linear";ed="In";};};{tm=2.25;["Torso"]={tm=.0169;cf=cfr(0,1.64,-5.63,1,0,0,0,-.009,1,0,-1,-.009);es="Linear";ed="In";};["Left Leg"]={tm=.0169;cf=cfr(-.724,.27,-.015,.899,.339,.276,-.409,.876,.257,-.155,-.344,.926);es="Linear";ed="In";};["Right Arm"]={tm=.0169;cf=cfr(.487,-.183,0,.239,-.762,-.602,.971,.198,.134,.017,-.616,.787);es="Linear";ed="In";};["Head"]={tm=.0169;cf=cfr(0,0,0,1,0,0,0,.925,.381,0,-.381,.925);es="Linear";ed="In";};["Left Arm"]={tm=.0169;cf=cfr(-.487,-.183,0,.084,.854,.513,-.995,.104,-.01,-.062,-.51,.858);es="Linear";ed="In";};["Right Leg"]={tm=.0169;cf=cfr(1.77,.622,-.574,.837,.53,.133,-.436,.5,.748,.33,-.684,.65);es="Linear";ed="In";};};{tm=2.267;["Torso"]={tm=.6499;cf=cfr(0,0,-5.72,1,0,0,0,1,0,0,0,1);es="Linear";ed="In";};["Left Leg"]={tm=.6499;cf=cfr(0,0,0,1,0,0,0,1,0,0,0,1);es="Linear";ed="In";};["Right Arm"]={tm=.6499;cf=cfr(0,0,0,1,0,0,0,1,0,0,0,1);es="Linear";ed="In";};["Head"]={tm=.6499;cf=cfr(0,0,0,1,0,0,0,1,0,0,0,1);es="Linear";ed="In";};["Left Arm"]={tm=.6499;cf=cfr(0,0,0,1,0,0,0,1,0,0,0,1);es="Linear";ed="In";};["Right Leg"]={tm=.6499;cf=cfr(0,0,0,1,0,0,0,1,0,0,0,1);es="Linear";ed="In";};};{tm=2.917;["Torso"]={tm=.0160;cf=cfr(0,0,-5.72,1,0,0,0,1,0,0,0,1);es="Linear";ed="In";};["Left Leg"]={tm=.1160;cf=cfr(0,0,0,1,0,0,0,1,0,0,0,1);es="Linear";ed="In";};["Right Arm"]={tm=.1160;cf=cfr(0,0,0,1,0,0,0,1,0,0,0,1);es="Linear";ed="In";};["Head"]={tm=.0160;cf=cfr(0,0,0,1,0,0,0,1,0,0,0,1);es="Linear";ed="In";};["Left Arm"]={tm=.1160;cf=cfr(0,0,0,1,0,0,0,1,0,0,0,1);es="Linear";ed="In";};["Right Leg"]={tm=.1160;cf=cfr(0,0,0,1,0,0,0,1,0,0,0,1);es="Linear";ed="In";};};{tm=2.933;["Dimension"]="Dimension";["Torso"]={tm=.1000;cf=cfr(0,2.85,-4.66,-1,0,0,0,-.687,.727,0,.727,.687);es="Linear";ed="In";};["Head"]={tm=.1000;cf=cfr(0,0,0,1,0,0,0,.853,-.521,0,.521,.853);es="Linear";ed="In";};};{tm=3.033;["Torso"]={tm=.1000;cf=cfr(0,2.445,-2.38,-.974,-.18,-.14,.054,-.781,.622,-.221,.598,.77);es="Linear";ed="In";};["Left Leg"]={tm=.1000;cf=cfr(0,0,0,.695,.452,.559,-.476,.872,-.113,-.538,-.187,.822);es="Linear";ed="In";};["Right Arm"]={tm=.2000;cf=cfr(0,0,0,.806,-.572,-.15,.568,.678,.467,-.166,-.462,.871);es="Linear";ed="In";};["Head"]={tm=.1000;cf=cfr(0,0,0,1,0,0,0,.655,-.756,0,.756,.655);es="Linear";ed="In";};["Left Arm"]={tm=.2000;cf=cfr(-.183,-.261,.144,.728,.523,-.444,-.14,.747,.65,.671,-.411,.617);es="Linear";ed="In";};["Right Leg"]={tm=.2000;cf=cfr(.45,.721,0,.932,-.356,-.06,.361,.919,.155,0,-.166,.986);es="Linear";ed="In";};};{tm=3.133;["Torso"]={tm=.1000;cf=cfr(0,1.46,-1.68,-.906,-.404,-.124,.385,-.911,.15,-.173,.089,.981);es="Linear";ed="In";};["Left Leg"]={tm=.1000;cf=cfr(0,0,0,.752,.237,.615,-.306,.952,.007,-.584,-.193,.788);es="Linear";ed="In";};["Head"]={tm=.1000;cf=cfr(0,0,0,1,0,0,0,.54,-.842,0,.842,.54);es="Linear";ed="In";};};{tm=3.233;["Torso"]={tm=.0499;cf=cfr(0,.16,-1.395,-.946,-.316,-.069,.302,-.79,-.533,.113,-.525,.843);es="Linear";ed="In";};["Left Leg"]={tm=.0499;cf=cfr(0,0,0,.644,.455,.615,-.581,.814,.007,-.498,-.362,.788);es="Linear";ed="In";};["Right Arm"]={tm=.1000;cf=cfr(.09,.139,.099,.164,-.986,-.031,.501,.056,.864,-.85,-.157,.503);es="Linear";ed="In";};["Head"]={tm=.0499;cf=cfr(0,0,0,1,0,0,0,.714,-.7,0,.7,.714);es="Linear";ed="In";};["Left Arm"]={tm=.0499;cf=cfr(-.021,.408,.108,.728,.644,.235,-.14,-.196,.971,.671,-.739,-.052);es="Linear";ed="In";};["Right Leg"]={tm=.1000;cf=cfr(.45,.721,0,.705,-.682,-.194,.669,.55,.501,-.235,-.483,.844);es="Linear";ed="In";};};{tm=3.283;["Torso"]={tm=.0500;cf=cfr(0,-.26,-1.787,-.997,.047,.059,-.076,-.558,-.826,-.006,-.828,.56);es="Linear";ed="In";};["Left Leg"]={tm=.0500;cf=cfr(-.156,.396,.119,.71,.342,.615,-.439,.899,.007,-.551,-.274,.788);es="Linear";ed="In";};["Head"]={tm=.0500;cf=cfr(0,0,0,1,0,0,0,.779,-.626,0,.626,.779);es="Linear";ed="In";};["Left Arm"]={tm=.0500;cf=cfr(-.182,.914,.388,.728,.269,.631,-.14,-.842,.521,.671,-.467,-.575);es="Linear";ed="In";};};{tm=3.333;["Torso"]={tm=.0499;cf=cfr(0,-.4,-2.6,-.969,.199,.149,-.189,-.197,-.962,-.162,-.96,.228);es="Linear";ed="In";};["Left Leg"]={tm=.0499;cf=cfr(-.156,.396,.119,.647,.45,.615,-.575,.818,.007,-.5,-.358,.788);es="Linear";ed="In";};["Right Arm"]={tm=.0499;cf=cfr(.296,.307,.238,.164,-.688,-.707,.501,-.56,.661,-.85,-.462,.253);es="Linear";ed="In";};["Head"]={tm=.0499;cf=cfr(0,0,0,1,0,0,0,.913,-.408,0,.408,.913);es="Linear";ed="In";};["Left Arm"]={tm=.0499;cf=cfr(-.163,1.102,.406,.728,-.102,.678,-.14,-.99,.002,.671,-.096,-.735);es="Linear";ed="In";};["Right Leg"]={tm=.0499;cf=cfr(.321,.302,.219,.682,-.709,-.181,.653,.478,.588,-.33,-.519,.789);es="Linear";ed="In";};};{tm=3.383;["Torso"]={tm=.0499;cf=cfr(.014,-.519,-2.566,-.978,-.173,.118,-.109,-.057,-.992,.178,-.983,.036);es="Linear";ed="In";};["Left Leg"]={tm=.0499;cf=cfr(.348,-.024,-.048,.587,.526,.615,-.671,.741,.007,-.453,-.417,.788);es="Linear";ed="In";};["Right Arm"]={tm=.1000;cf=cfr(.631,.642,.438,-.059,-.161,-.985,.554,-.826,.102,-.83,-.54,.138);es="Linear";ed="In";};["Head"]={tm=.1000;cf=cfr(0,0,0,1,0,0,0,.978,.207,0,-.207,.978);es="Linear";ed="In";};["Left Arm"]={tm=1.7839;cf=cfr(-.241,1.105,.421,.72,-.186,.668,-.191,-.979,-.066,.667,-.08,-.741);es="Linear";ed="In";};["Right Leg"]={tm=.0499;cf=cfr(.456,.463,.129,.893,-.398,-.212,.439,.661,.608,-.101,-.636,.765);es="Linear";ed="In";};};{tm=3.433;["Torso"]={tm=.0500;cf=cfr(.014,-.539,-2.536,-.992,-.12,.028,-.043,.123,-.991,.115,-.985,-.127);es="Linear";ed="In";};["Left Leg"]={tm=.1000;cf=cfr(.252,.089,-.044,.905,-.143,.401,.012,.95,.312,-.426,-.277,.861);es="Linear";ed="In";};["Right Leg"]={tm=.1000;cf=cfr(.612,.731,.006,.917,.352,-.189,-.172,.775,.608,.361,-.525,.771);es="Linear";ed="In";};};{tm=3.483;["Torso"]={tm=.0499;cf=cfr(.014,-.539,-2.556,-.999,-.004,.049,-.049,.086,-.995,0,-.996,-.087);es="Linear";ed="In";};["Right Arm"]={tm=.0499;cf=cfr(.493,.658,.458,-.059,-.126,-.99,.554,-.829,.073,-.83,-.545,.119);es="Linear";ed="In";};["Head"]={tm=.0499;cf=cfr(0,0,0,1,0,0,0,.993,-.119,0,.119,.993);es="Linear";ed="In";};};{tm=3.533;["Torso"]={tm=1.634;cf=cfr(.014,-.539,-2.576,-.997,.024,.067,-.066,.046,-.997,-.027,-.999,-.044);es="Linear";ed="In";};["Left Leg"]={tm=1.634;cf=cfr(-.073,.042,.08,.926,-.226,.302,.133,.945,.299,-.352,-.237,.905);es="Linear";ed="In";};["Right Arm"]={tm=1.634;cf=cfr(.424,.667,.469,-.059,.029,-.998,.554,-.83,-.057,-.83,-.557,.033);es="Linear";ed="In";};["Head"]={tm=1.634;cf=cfr(0,0,0,1,0,0,0,.999,-.043,0,.043,.999);es="Linear";ed="In";};["Right Leg"]={tm=1.634;cf=cfr(.749,.628,.079,.764,.609,-.212,-.385,.695,.608,.518,-.383,.765);es="Linear";ed="In";};};{tm=5.167;["Torso"]={tm=.0160;cf=cfr(.014,-.539,-2.576,-.997,.024,.067,-.066,.046,-.997,-.027,-.999,-.044);es="Linear";ed="In";};["Left Leg"]={tm=.0160;cf=cfr(-.073,.042,.08,.926,-.226,.302,.133,.945,.299,-.352,-.237,.905);es="Linear";ed="In";};["Right Arm"]={tm=.0160;cf=cfr(.424,.667,.469,-.059,.029,-.998,.554,-.83,-.057,-.83,-.557,.033);es="Linear";ed="In";};["Head"]={tm=.0160;cf=cfr(0,0,0,1,0,0,0,.999,-.043,0,.043,.999);es="Linear";ed="In";};["Left Arm"]={tm=.0160;cf=cfr(-.241,1.105,.421,.72,-.186,.668,-.191,-.979,-.066,.667,-.08,-.741);es="Linear";ed="In";};["Right Leg"]={tm=.0160;cf=cfr(.749,.628,.079,.764,.609,-.212,-.385,.695,.608,.518,-.383,.765);es="Linear";ed="In";};};{tm=5.183;["Torso"]={tm=.0170;cf=cfr(1.294,.881,-2.226,-.995,-.065,-.073,.094,-.84,-.534,-.027,-.538,.842);es="Linear";ed="In";};["Left Leg"]={tm=.3840;cf=cfr(-.396,.269,.062,.979,-.034,.202,0,.986,.164,-.205,-.161,.966);es="Linear";ed="In";};["Right Arm"]={tm=.3840;cf=cfr(.055,-.156,.041,.596,-.323,.735,0,.916,.402,-.803,-.24,.546);es="Linear";ed="In";};["Head"]={tm=.3840;cf=cfr(0,0,0,1,0,0,0,.672,-.74,0,.74,.672);es="Linear";ed="In";};["Left Arm"]={tm=.3840;cf=cfr(-.056,-.241,.079,.792,.217,-.571,.015,.928,.373,.611,-.304,.731);es="Linear";ed="In";};["Right Leg"]={tm=.3840;cf=cfr(.64,.106,.093,.979,.094,-.18,-.046,.966,.254,.198,-.24,.95);es="Linear";ed="In";};};{tm=5.2;["Torso"]={tm=.0169;cf=cfr(1.293,.876,-2.224,-.995,-.065,-.073,.094,-.84,-.534,-.027,-.539,.842);es="Linear";ed="In";};};{tm=5.217;["Torso"]={tm=.0160;cf=cfr(1.289,.861,-2.219,-.995,-.064,-.073,.093,-.84,-.535,-.027,-.539,.842);es="Linear";ed="In";};};{tm=5.233;["Torso"]={tm=.0170;cf=cfr(1.283,.837,-2.211,-.995,-.064,-.073,.093,-.84,-.535,-.027,-.539,.842);es="Linear";ed="In";};};{tm=5.25;["Torso"]={tm=.0170;cf=cfr(1.275,.802,-2.2,-.995,-.063,-.072,.092,-.839,-.536,-.027,-.54,.841);es="Linear";ed="In";};};{tm=5.267;["Torso"]={tm=.0160;cf=cfr(1.264,.758,-2.185,-.996,-.061,-.071,.09,-.839,-.537,-.027,-.541,.841);es="Linear";ed="In";};};{tm=5.283;["Torso"]={tm=.0169;cf=cfr(1.25,.703,-2.167,-.996,-.06,-.071,.089,-.838,-.538,-.027,-.542,.84);es="Linear";ed="In";};};{tm=5.3;["Torso"]={tm=.0170;cf=cfr(1.233,.637,-2.145,-.996,-.058,-.07,.087,-.837,-.54,-.027,-.543,.839);es="Linear";ed="In";};};{tm=5.317;["Torso"]={tm=.0160;cf=cfr(1.214,.559,-2.119,-.996,-.056,-.068,.084,-.837,-.541,-.027,-.545,.838);es="Linear";ed="In";};};{tm=5.333;["Torso"]={tm=.0169;cf=cfr(1.192,.47,-2.09,-.996,-.054,-.067,.082,-.836,-.543,-.027,-.547,.837);es="Linear";ed="In";};};{tm=5.35;["Torso"]={tm=.0170;cf=cfr(1.167,.369,-2.057,-.997,-.051,-.065,.078,-.834,-.546,-.027,-.549,.835);es="Linear";ed="In";};};{tm=5.367;["Torso"]={tm=.0160;cf=cfr(1.138,.254,-2.019,-.997,-.048,-.064,.075,-.833,-.548,-.027,-.551,.834);es="Linear";ed="In";};};{tm=5.383;["Torso"]={tm=.0170;cf=cfr(1.106,.124,-1.976,-.997,-.044,-.062,.071,-.831,-.551,-.027,-.554,.832);es="Linear";ed="In";};};{tm=5.4;["Torso"]={tm=.0169;cf=cfr(1.07,-.021,-1.928,-.997,-.04,-.059,.067,-.83,-.554,-.027,-.557,.83);es="Linear";ed="In";};};{tm=5.417;["Torso"]={tm=.0160;cf=cfr(1.03,-.183,-1.874,-.998,-.036,-.057,.062,-.828,-.558,-.027,-.56,.828);es="Linear";ed="In";};};{tm=5.433;["Torso"]={tm=.0170;cf=cfr(.984,-.365,-1.814,-.998,-.031,-.054,.056,-.825,-.562,-.027,-.564,.826);es="Linear";ed="In";};};{tm=5.45;["Torso"]={tm=.0169;cf=cfr(.934,-.569,-1.747,-.998,-.026,-.051,.05,-.823,-.566,-.027,-.568,.823);es="Linear";ed="In";};};{tm=5.467;["Torso"]={tm=.0160;cf=cfr(.876,-.8,-1.671,-.999,-.02,-.047,.043,-.82,-.571,-.027,-.572,.82);es="Linear";ed="In";};};{tm=5.483;["Torso"]={tm=.0170;cf=cfr(.811,-1.063,-1.584,-.999,-.013,-.043,.035,-.816,-.577,-.028,-.578,.816);es="Linear";ed="In";};};{tm=5.5;["Torso"]={tm=.0170;cf=cfr(.735,-1.367,-1.484,-.999,-.005,-.038,.026,-.812,-.583,-.028,-.584,.812);es="Linear";ed="In";};};{tm=5.517;["Torso"]={tm=.0160;cf=cfr(.646,-1.726,-1.365,-.999,.005,-.032,.015,-.807,-.59,-.029,-.591,.806);es="Linear";ed="In";};};{tm=5.533;["Torso"]={tm=.0169;cf=cfr(.536,-2.169,-1.219,-1,.016,-.024,.002,-.8,-.599,-.029,-.599,.8);es="Linear";ed="In";};};{tm=5.55;["Torso"]={tm=.0170;cf=cfr(.387,-2.767,-1.021,-.999,.032,-.014,-.017,-.791,-.611,-.031,-.611,.791);es="Linear";ed="In";};};{tm=5.567;["Explosion"]="Explosion";["Torso"]={tm=.0160;cf=cfr(.014,-4.269,-.526,-.997,.07,.013,-.062,-.766,-.64,-.035,-.639,.769);es="Linear";ed="In";};["Left Leg"]={tm=.0160;cf=cfr(-.396,.269,.062,.979,-.034,.202,0,.986,.164,-.205,-.161,.966);es="Linear";ed="In";};["Right Arm"]={tm=.0160;cf=cfr(.055,-.156,.041,.596,-.323,.735,0,.916,.402,-.803,-.24,.546);es="Linear";ed="In";};["Head"]={tm=.0160;cf=cfr(0,0,0,1,0,0,0,.672,-.74,0,.74,.672);es="Linear";ed="In";};["Left Arm"]={tm=.0160;cf=cfr(-.056,-.241,.079,.792,.217,-.571,.015,.928,.373,.611,-.304,.731);es="Linear";ed="In";};["Right Leg"]={tm=.0160;cf=cfr(.64,.106,.093,.979,.094,-.18,-.046,.966,.254,.198,-.24,.95);es="Linear";ed="In";};};{tm=5.583;["Torso"]={tm=.0169;cf=cfr(-.056,-5.115,.275,-.966,.013,-.258,.134,-.83,-.541,-.221,-.557,.8);es="Linear";ed="In";};["Left Leg"]={tm=0;cf=cfr(-.191,.078,.062,.731,.592,.339,-.683,.633,.366,.002,-.499,.867);es="Linear";ed="In";};["Right Arm"]={tm=0;cf=cfr(.055,-.156,.041,.849,-.512,.129,.14,.452,.881,-.51,-.73,.455);es="Linear";ed="In";};["Head"]={tm=0;cf=cfr(0,0,0,1,0,0,0,.969,.248,0,-.248,.969);es="Linear";ed="In";};["Left Arm"]={tm=0;cf=cfr(.529,-.031,.268,.9,.179,-.396,.323,.334,.885,.291,-.925,.243);es="Linear";ed="In";};["Right Leg"]={tm=0;cf=cfr(.258,-.087,.196,.868,-.481,-.122,.438,.627,.645,-.233,-.613,.754);es="Linear";ed="In";};};{tm=5.6;["Torso"]={tm=.0170;cf=cfr(-.062,-4.958,.246,-.966,.013,-.258,.134,-.83,-.541,-.221,-.557,.8);es="Linear";ed="In";};};{tm=5.617;["Torso"]={tm=.0160;cf=cfr(-.015,-4.964,.328,-.966,.013,-.258,.134,-.83,-.541,-.221,-.557,.8);es="Linear";ed="In";};};{tm=5.633;["Torso"]={tm=.0170;cf=cfr(-.143,-5.087,.288,-.966,.013,-.258,.134,-.83,-.541,-.221,-.557,.8);es="Linear";ed="In";};};{tm=5.65;["Torso"]={tm=.0169;cf=cfr(-.086,-5.22,.32,-.966,.013,-.258,.134,-.83,-.541,-.221,-.557,.8);es="Linear";ed="In";};};{tm=5.667;["Torso"]={tm=.0160;cf=cfr(-.019,-4.939,.159,-.966,.013,-.258,.134,-.83,-.541,-.221,-.557,.8);es="Linear";ed="In";};};{tm=5.683;["Torso"]={tm=.0170;cf=cfr(-.164,-4.971,.39,-.966,.013,-.258,.134,-.83,-.541,-.221,-.557,.8);es="Linear";ed="In";};};{tm=5.7;["Torso"]={tm=.0169;cf=cfr(-.087,-4.982,.25,-.966,.013,-.258,.134,-.83,-.541,-.221,-.557,.8);es="Linear";ed="In";};};{tm=5.717;["Torso"]={tm=.0160;cf=cfr(-.241,-4.982,.325,-.966,.013,-.258,.134,-.83,-.541,-.221,-.557,.8);es="Linear";ed="In";};};{tm=5.733;["Torso"]={tm=.0170;cf=cfr(-.258,-4.996,.337,-.966,.013,-.258,.134,-.83,-.541,-.221,-.557,.8);es="Linear";ed="In";};};{tm=5.75;["Torso"]={tm=.0170;cf=cfr(.048,-4.986,.34,-.966,.013,-.258,.134,-.83,-.541,-.221,-.557,.8);es="Linear";ed="In";};};{tm=5.767;["Torso"]={tm=.0160;cf=cfr(-.071,-5.009,.451,-.966,.013,-.258,.134,-.83,-.541,-.221,-.557,.8);es="Linear";ed="In";};};{tm=5.783;["Torso"]={tm=.0169;cf=cfr(.049,-5.189,.039,-.966,.013,-.258,.134,-.83,-.541,-.221,-.557,.8);es="Linear";ed="In";};};{tm=5.8;["Torso"]={tm=.0170;cf=cfr(-.182,-5.004,.443,-.966,.013,-.258,.134,-.83,-.541,-.221,-.557,.8);es="Linear";ed="In";};};{tm=5.817;["Torso"]={tm=.0160;cf=cfr(-.084,-5.317,.335,-.966,.013,-.258,.134,-.83,-.541,-.221,-.557,.8);es="Linear";ed="In";};};{tm=5.833;["Torso"]={tm=.0169;cf=cfr(.082,-5,.231,-.966,.013,-.258,.134,-.83,-.541,-.221,-.557,.8);es="Linear";ed="In";};};{tm=5.85;["Torso"]={tm=.0170;cf=cfr(-.164,-5.094,.174,-.966,.013,-.258,.134,-.83,-.541,-.221,-.557,.8);es="Linear";ed="In";};};{tm=5.867;["Torso"]={tm=.0160;cf=cfr(.01,-5.274,.163,-.966,.013,-.258,.134,-.83,-.541,-.221,-.557,.8);es="Linear";ed="In";};};{tm=5.883;["Torso"]={tm=.0170;cf=cfr(-.127,-5.213,.213,-.966,.013,-.258,.134,-.83,-.541,-.221,-.557,.8);es="Linear";ed="In";};};{tm=5.9;["Torso"]={tm=.0169;cf=cfr(-.1,-5.008,.243,-.966,.013,-.258,.134,-.83,-.541,-.221,-.557,.8);es="Linear";ed="In";};};{tm=5.917;["Torso"]={tm=.0160;cf=cfr(.158,-4.973,.235,-.966,.013,-.258,.134,-.83,-.541,-.221,-.557,.8);es="Linear";ed="In";};};{tm=5.933;["Torso"]={tm=.0170;cf=cfr(-.109,-5.01,.195,-.966,.013,-.258,.134,-.83,-.541,-.221,-.557,.8);es="Linear";ed="In";};};{tm=5.95;["Torso"]={tm=.0169;cf=cfr(.081,-5.205,.391,-.966,.013,-.258,.134,-.83,-.541,-.221,-.557,.8);es="Linear";ed="In";};};{tm=5.967;["Torso"]={tm=.0160;cf=cfr(-.2,-5.232,.149,-.966,.013,-.258,.134,-.83,-.541,-.221,-.557,.8);es="Linear";ed="In";};};{tm=5.983;["Torso"]={tm=.0170;cf=cfr(-.101,-5.142,.067,-.966,.013,-.258,.134,-.83,-.541,-.221,-.557,.8);es="Linear";ed="In";};};{tm=6;["Torso"]={tm=.0170;cf=cfr(-.215,-5.092,.102,-.966,.013,-.258,.134,-.83,-.541,-.221,-.557,.8);es="Linear";ed="In";};};{tm=6.017;["Torso"]={tm=.0160;cf=cfr(.056,-5.219,.292,-.966,.013,-.258,.134,-.83,-.541,-.221,-.557,.8);es="Linear";ed="In";};};{tm=6.033;["Torso"]={tm=.0169;cf=cfr(.045,-5.188,.384,-.966,.013,-.258,.134,-.83,-.541,-.221,-.557,.8);es="Linear";ed="In";};};{tm=6.05;["Torso"]={tm=.0170;cf=cfr(-.092,-5.057,.413,-.966,.013,-.258,.134,-.83,-.541,-.221,-.557,.8);es="Linear";ed="In";};};{tm=6.067;["Torso"]={tm=.0160;cf=cfr(-.107,-4.962,.359,-.966,.013,-.258,.134,-.83,-.541,-.221,-.557,.8);es="Linear";ed="In";};};{tm=6.083;["Torso"]={tm=.0169;cf=cfr(-.198,-4.92,.231,-.966,.013,-.258,.134,-.83,-.541,-.221,-.557,.8);es="Linear";ed="In";};};{tm=6.1;["Torso"]={tm=.0170;cf=cfr(-.044,-5.175,.264,-.966,.013,-.258,.134,-.83,-.541,-.221,-.557,.8);es="Linear";ed="In";};};{tm=6.117;["Torso"]={tm=.0160;cf=cfr(-.144,-5.055,.245,-.966,.013,-.258,.134,-.83,-.541,-.221,-.557,.8);es="Linear";ed="In";};};{tm=6.133;["Torso"]={tm=.0170;cf=cfr(-.068,-5.111,.357,-.966,.013,-.258,.134,-.83,-.541,-.221,-.557,.8);es="Linear";ed="In";};};{tm=6.15;["Torso"]={tm=.0169;cf=cfr(-.254,-5.188,.303,-.966,.013,-.258,.134,-.83,-.541,-.221,-.557,.8);es="Linear";ed="In";};};{tm=6.167;["Torso"]={tm=.0160;cf=cfr(.045,-5.085,.185,-.966,.013,-.258,.134,-.83,-.541,-.221,-.557,.8);es="Linear";ed="In";};};{tm=6.183;["Torso"]={tm=.0170;cf=cfr(.091,-5.112,.492,-.966,.013,-.258,.134,-.83,-.541,-.221,-.557,.8);es="Linear";ed="In";};};{tm=6.2;["Torso"]={tm=.0169;cf=cfr(-.234,-5.1,.461,-.966,.013,-.258,.134,-.83,-.541,-.221,-.557,.8);es="Linear";ed="In";};};{tm=6.217;["Torso"]={tm=.0160;cf=cfr(-.039,-5.168,.134,-.966,.013,-.258,.134,-.83,-.541,-.221,-.557,.8);es="Linear";ed="In";};};{tm=6.233;["Torso"]={tm=.0170;cf=cfr(-.009,-4.969,.32,-.966,.013,-.258,.134,-.83,-.541,-.221,-.557,.8);es="Linear";ed="In";};};{tm=6.25;["Torso"]={tm=.0170;cf=cfr(.111,-4.959,.286,-.966,.013,-.258,.134,-.83,-.541,-.221,-.557,.8);es="Linear";ed="In";};};{tm=6.267;["Torso"]={tm=.0160;cf=cfr(.002,-5.096,.143,-.966,.013,-.258,.134,-.83,-.541,-.221,-.557,.8);es="Linear";ed="In";};};{tm=6.283;["Torso"]={tm=.0169;cf=cfr(.132,-4.988,.342,-.966,.013,-.258,.134,-.83,-.541,-.221,-.557,.8);es="Linear";ed="In";};};{tm=6.3;["Torso"]={tm=.0170;cf=cfr(.044,-5.118,.134,-.966,.013,-.258,.134,-.83,-.541,-.221,-.557,.8);es="Linear";ed="In";};};{tm=6.317;["Torso"]={tm=.0160;cf=cfr(.071,-5.264,.313,-.966,.013,-.258,.134,-.83,-.541,-.221,-.557,.8);es="Linear";ed="In";};};{tm=6.333;["Torso"]={tm=.0169;cf=cfr(-.163,-5.281,.352,-.966,.013,-.258,.134,-.83,-.541,-.221,-.557,.8);es="Linear";ed="In";};};{tm=6.35;["Torso"]={tm=.0170;cf=cfr(-.208,-5.155,.022,-.966,.013,-.258,.134,-.83,-.541,-.221,-.557,.8);es="Linear";ed="In";};};{tm=6.367;["Torso"]={tm=.0160;cf=cfr(.079,-4.954,.231,-.966,.013,-.258,.134,-.83,-.541,-.221,-.557,.8);es="Linear";ed="In";};};{tm=6.383;["Torso"]={tm=.0170;cf=cfr(-.102,-5.17,.247,-.966,.013,-.258,.134,-.83,-.541,-.221,-.557,.8);es="Linear";ed="In";};};{tm=6.4;["Torso"]={tm=.0169;cf=cfr(.056,-5.022,.329,-.966,.013,-.258,.134,-.83,-.541,-.221,-.557,.8);es="Linear";ed="In";};};{tm=6.417;["Torso"]={tm=.0160;cf=cfr(-.055,-4.982,.186,-.966,.013,-.258,.134,-.83,-.541,-.221,-.557,.8);es="Linear";ed="In";};};{tm=6.433;["Torso"]={tm=.0170;cf=cfr(.014,-5.006,.31,-.966,.013,-.258,.134,-.83,-.541,-.221,-.557,.8);es="Linear";ed="In";};};{tm=6.45;["Torso"]={tm=.0169;cf=cfr(0,-5.272,.363,-.966,.013,-.258,.134,-.83,-.541,-.221,-.557,.8);es="Linear";ed="In";};};{tm=6.467;["Torso"]={tm=.0160;cf=cfr(.012,-5.18,.128,-.966,.013,-.258,.134,-.83,-.541,-.221,-.557,.8);es="Linear";ed="In";};};{tm=6.483;["Torso"]={tm=.0170;cf=cfr(.13,-5.256,.224,-.966,.013,-.258,.134,-.83,-.541,-.221,-.557,.8);es="Linear";ed="In";};};{tm=6.5;["Torso"]={tm=.0170;cf=cfr(-.056,-5.115,.275,-.966,.013,-.258,.134,-.83,-.541,-.221,-.557,.8);es="Linear";ed="In";};};{tm=6.517;["Torso"]={tm=0;cf=cfr(-.056,-5.115,-6.175,-.966,.013,-.258,.134,-.83,-.541,-.221,-.557,.8);es="Linear";ed="In";};};}