-- // converted using mech's animoduler
local cfr = CFrame.new

return {{tm=0;["Torso"]={tm=2.917;cf=cfr(-5.03,0,-8.27,1,0,0,0,1,0,0,0,1);es="Linear";ed="In";};["Head"]={tm=3.25;cf=cfr(0,0,0,1,0,0,0,1,0,0,0,1);es="Linear";ed="In";};["Left Leg"]={tm=3.4;cf=cfr(0,0,0,1,0,0,0,1,0,0,0,1);es="Linear";ed="In";};["Right Arm"]={tm=3.4;cf=cfr(0,0,0,1,0,0,0,1,0,0,0,1);es="Linear";ed="In";};["Right Leg"]={tm=3.4;cf=cfr(0,0,0,1,0,0,0,1,0,0,0,1);es="Linear";ed="In";};["Left Arm"]={tm=3.25;cf=cfr(0,0,0,1,0,0,0,1,0,0,0,1);es="Linear";ed="In";};};{tm=2.917;["Torso"]={tm=.0160;cf=cfr(-5.49,-8.18,-5.34,1,0,0,0,1,0,0,0,1);es="Linear";ed="In";};};{tm=2.933;["Torso"]={tm=.3170;cf=cfr(-5.49,-7.97,-5.34,-1,0,0,0,-1,0,0,0,1);es="Linear";ed="In";};};{tm=3.25;["Torso"]={tm=.1000;cf=cfr(-5.49,-8.56,-2.38,-.814,.545,-.201,-.556,-.629,.543,.17,.554,.815);es="Linear";ed="In";};["Head"]={tm=.1499;cf=cfr(0,0,0,.929,.37,0,-.245,.615,-.75,-.277,.697,.662);es="Linear";ed="In";};["Left Arm"]={tm=.1000;cf=cfr(.028,-.516,.147,-.3,.875,.381,-.408,-.479,.777,.862,.078,.501);es="Linear";ed="In";};};{tm=3.35;["Torso"]={tm=.0499;cf=cfr(-5.49,-8.637,-1.513,-.822,.567,-.042,-.565,-.805,.182,.07,.173,.982);es="Linear";ed="In";};["Left Arm"]={tm=.0499;cf=cfr(.351,-.056,.353,-.3,.903,.308,-.408,-.414,.814,.862,.119,.493);es="Linear";ed="In";};};{tm=3.4;["Torso"]={tm=.0169;cf=cfr(-5.49,-8.78,-1.29,-.832,.553,.037,-.554,-.833,-.018,.021,-.036,.999);es="Cubic";ed="Out";};["Head"]={tm=.1670;cf=cfr(0,0,0,.824,.565,-.045,-.561,.802,-.207,-.081,.196,.977);es="Linear";ed="In";};["Left Leg"]={tm=.1670;cf=cfr(-1.39,.28,.249,.325,-.921,-.214,.945,.313,.09,-.016,-.232,.973);es="Linear";ed="In";};["Right Arm"]={tm=.1670;cf=cfr(.001,-.775,.547,-.565,-.825,.007,.097,-.058,.994,-.819,.562,.113);es="Linear";ed="In";};["Right Leg"]={tm=.1670;cf=cfr(.618,1.03,.389,.846,0,-.533,0,1,0,.533,0,.846);es="Linear";ed="In";};["Left Arm"]={tm=.1670;cf=cfr(.429,-.298,.422,-.3,.949,.099,-.408,-.222,.885,.862,.225,.454);es="Linear";ed="In";};};{tm=3.417;["Torso"]={tm=.0160;cf=cfr(-5.49,-8.799,-1.29,-.832,.553,.037,-.554,-.832,-.027,.016,-.043,.999);es="Linear";ed="In";};};{tm=3.433;["Torso"]={tm=.0170;cf=cfr(-5.49,-8.814,-1.29,-.832,.553,.037,-.554,-.832,-.034,.012,-.049,.999);es="Linear";ed="In";};};{tm=3.45;["Torso"]={tm=.0169;cf=cfr(-5.49,-8.826,-1.29,-.832,.553,.037,-.554,-.832,-.04,.009,-.054,.999);es="Linear";ed="In";};};{tm=3.467;["Torso"]={tm=.0160;cf=cfr(-5.49,-8.835,-1.29,-.832,.553,.037,-.554,-.831,-.044,.007,-.057,.998);es="Linear";ed="In";};};{tm=3.483;["Torso"]={tm=.0169;cf=cfr(-5.49,-8.841,-1.29,-.832,.553,.037,-.554,-.831,-.047,.005,-.06,.998);es="Linear";ed="In";};};{tm=3.5;["Torso"]={tm=.0169;cf=cfr(-5.49,-8.846,-1.29,-.832,.553,.037,-.554,-.831,-.049,.004,-.061,.998);es="Linear";ed="In";};};{tm=3.517;["Torso"]={tm=.0160;cf=cfr(-5.49,-8.848,-1.29,-.832,.553,.037,-.554,-.831,-.05,.003,-.062,.998);es="Linear";ed="In";};};{tm=3.533;["Torso"]={tm=.0169;cf=cfr(-5.49,-8.849,-1.29,-.832,.553,.037,-.554,-.831,-.051,.003,-.063,.998);es="Linear";ed="In";};};{tm=3.55;["Torso"]={tm=.0170;cf=cfr(-5.49,-8.85,-1.29,-.832,.553,.037,-.554,-.831,-.051,.003,-.063,.998);es="Linear";ed="In";};};{tm=3.567;["Torso"]={tm=.0160;cf=cfr(-5.49,-8.85,-1.29,-.832,.553,.037,-.554,-.831,-.051,.003,-.063,.998);es="Quad";ed="In";};["Head"]={tm=.0160;cf=cfr(0,0,0,.824,.565,-.045,-.561,.802,-.207,-.081,.196,.977);es="Quad";ed="In";};["Left Leg"]={tm=.0160;cf=cfr(-1.39,.28,.249,.325,-.921,-.214,.945,.313,.09,-.016,-.232,.973);es="Quad";ed="In";};["Right Arm"]={tm=.0160;cf=cfr(.001,-.775,.547,-.565,-.825,.007,.097,-.058,.994,-.819,.562,.113);es="Quad";ed="In";};["Right Leg"]={tm=.0160;cf=cfr(.618,1.03,.389,.846,0,-.533,0,1,0,.533,0,.846);es="Quad";ed="In";};["Left Arm"]={tm=.0160;cf=cfr(.429,-.298,.422,-.3,.949,.099,-.408,-.222,.885,.862,.225,.454);es="Quad";ed="In";};};{tm=3.583;["Torso"]={tm=.0169;cf=cfr(-5.49,-8.85,-1.289,-.833,.552,.037,-.554,-.831,-.05,.003,-.063,.998);es="Linear";ed="In";};["Head"]={tm=.0169;cf=cfr(0,0,0,.824,.564,-.045,-.56,.802,-.207,-.081,.196,.977);es="Linear";ed="In";};["Left Leg"]={tm=.0169;cf=cfr(-1.39,.28,.248,.327,-.92,-.215,.945,.314,.09,-.015,-.232,.972);es="Linear";ed="In";};["Right Arm"]={tm=.0169;cf=cfr(.001,-.774,.546,-.564,-.825,.008,.098,-.058,.993,-.82,.561,.114);es="Linear";ed="In";};["Right Leg"]={tm=.0169;cf=cfr(.618,1.029,.388,.846,-.001,-.533,.001,1,0,.533,0,.846);es="Linear";ed="In";};["Left Arm"]={tm=.0169;cf=cfr(.428,-.299,.422,-.3,.949,.098,-.409,-.22,.886,.862,.226,.454);es="Linear";ed="In";};};{tm=3.6;["Torso"]={tm=.0169;cf=cfr(-5.49,-8.851,-1.284,-.834,.551,.037,-.552,-.832,-.049,.004,-.061,.998);es="Linear";ed="In";};["Head"]={tm=.0169;cf=cfr(0,0,0,.826,.562,-.046,-.558,.803,-.208,-.08,.197,.977);es="Linear";ed="In";};["Left Leg"]={tm=.0169;cf=cfr(-1.389,.279,.245,.33,-.919,-.216,.944,.317,.091,-.015,-.234,.972);es="Linear";ed="In";};["Right Arm"]={tm=.0169;cf=cfr(0,-.774,.544,-.563,-.826,.01,.101,-.057,.993,-.82,.56,.116);es="Linear";ed="In";};["Right Leg"]={tm=.0169;cf=cfr(.62,1.027,.386,.846,-.003,-.532,.003,1,0,.532,-.001,.847);es="Linear";ed="In";};["Left Arm"]={tm=.0169;cf=cfr(.425,-.303,.421,-.3,.95,.093,-.41,-.216,.886,.862,.227,.454);es="Linear";ed="In";};};{tm=3.617;["Torso"]={tm=.0160;cf=cfr(-5.49,-8.853,-1.277,-.835,.549,.037,-.55,-.834,-.047,.005,-.06,.998);es="Linear";ed="In";};["Head"]={tm=.0160;cf=cfr(0,0,0,.828,.559,-.046,-.555,.805,-.209,-.079,.198,.977);es="Linear";ed="In";};["Left Leg"]={tm=.0160;cf=cfr(-1.387,.278,.239,.335,-.917,-.218,.942,.323,.092,-.014,-.236,.972);es="Linear";ed="In";};["Right Arm"]={tm=.0160;cf=cfr(0,-.772,.54,-.561,-.828,.013,.106,-.056,.993,-.821,.558,.119);es="Linear";ed="In";};["Right Leg"]={tm=.0160;cf=cfr(.622,1.024,.382,.847,-.006,-.532,.006,1,-.001,.532,-.003,.847);es="Linear";ed="In";};["Left Arm"]={tm=.0160;cf=cfr(.421,-.309,.419,-.298,.951,.084,-.412,-.208,.887,.861,.23,.454);es="Linear";ed="In";};};{tm=3.633;["Torso"]={tm=.0169;cf=cfr(-5.49,-8.856,-1.266,-.837,.545,.036,-.547,-.836,-.044,.006,-.057,.998);es="Linear";ed="In";};["Head"]={tm=.0169;cf=cfr(0,0,0,.831,.554,-.047,-.55,.808,-.21,-.079,.2,.977);es="Linear";ed="In";};["Left Leg"]={tm=.0169;cf=cfr(-1.384,.277,.232,.343,-.913,-.22,.939,.33,.093,-.012,-.239,.971);es="Linear";ed="In";};["Right Arm"]={tm=.0169;cf=cfr(-.001,-.77,.535,-.558,-.83,.017,.112,-.055,.992,-.822,.556,.124);es="Linear";ed="In";};["Right Leg"]={tm=.0169;cf=cfr(.625,1.019,.378,.847,-.011,-.532,.011,1,-.002,.532,-.005,.847);es="Linear";ed="In";};["Left Arm"]={tm=.0169;cf=cfr(.415,-.319,.416,-.297,.952,.073,-.415,-.197,.888,.86,.233,.453);es="Linear";ed="In";};};{tm=3.65;["Torso"]={tm=.0169;cf=cfr(-5.49,-8.859,-1.253,-.84,.541,.036,-.542,-.839,-.041,.008,-.054,.999);es="Linear";ed="In";};["Head"]={tm=.0169;cf=cfr(0,0,0,.835,.548,-.048,-.544,.812,-.212,-.077,.203,.976);es="Linear";ed="In";};["Left Leg"]={tm=.0169;cf=cfr(-1.381,.275,.222,.353,-.909,-.223,.936,.34,.095,-.011,-.243,.97);es="Linear";ed="In";};["Right Arm"]={tm=.0169;cf=cfr(-.002,-.768,.528,-.554,-.832,.023,.121,-.054,.991,-.824,.552,.13);es="Linear";ed="In";};["Right Leg"]={tm=.0169;cf=cfr(.629,1.012,.371,.847,-.016,-.531,.018,1,-.002,.531,-.008,.847);es="Linear";ed="In";};["Left Arm"]={tm=.0169;cf=cfr(.407,-.33,.412,-.295,.954,.058,-.418,-.183,.89,.859,.238,.453);es="Linear";ed="In";};};{tm=3.667;["Torso"]={tm=.0160;cf=cfr(-5.49,-8.863,-1.237,-.843,.536,.035,-.537,-.843,-.036,.01,-.05,.999);es="Linear";ed="In";};["Head"]={tm=.0160;cf=cfr(0,0,0,.84,.54,-.049,-.537,.816,-.214,-.076,.206,.976);es="Linear";ed="In";};["Left Leg"]={tm=.0160;cf=cfr(-1.377,.272,.21,.365,-.903,-.227,.931,.352,.098,-.008,-.247,.969);es="Linear";ed="In";};["Right Arm"]={tm=.0160;cf=cfr(-.003,-.765,.52,-.549,-.835,.029,.132,-.052,.99,-.825,.548,.138);es="Linear";ed="In";};["Right Leg"]={tm=.0160;cf=cfr(.634,1.005,.363,.847,-.024,-.531,.026,1,-.003,.531,-.011,.847);es="Linear";ed="In";};["Left Arm"]={tm=.0160;cf=cfr(.397,-.345,.407,-.292,.956,.04,-.422,-.166,.891,.858,.243,.452);es="Linear";ed="In";};};{tm=3.683;["Torso"]={tm=.0170;cf=cfr(-5.49,-8.868,-1.217,-.847,.53,.034,-.531,-.847,-.031,.013,-.045,.999);es="Linear";ed="In";};["Head"]={tm=.0170;cf=cfr(0,0,0,.846,.531,-.05,-.528,.821,-.216,-.074,.209,.975);es="Linear";ed="In";};["Left Leg"]={tm=.0170;cf=cfr(-1.372,.27,.196,.379,-.896,-.232,.925,.366,.101,-.005,-.253,.968);es="Linear";ed="In";};["Right Arm"]={tm=.0170;cf=cfr(-.005,-.762,.51,-.543,-.839,.037,.144,-.049,.988,-.827,.542,.147);es="Linear";ed="In";};["Right Leg"]={tm=.0170;cf=cfr(.639,.995,.354,.847,-.032,-.53,.035,.999,-.005,.53,-.015,.848);es="Linear";ed="In";};["Left Arm"]={tm=.0170;cf=cfr(.386,-.362,.402,-.288,.957,.018,-.427,-.146,.892,.857,.25,.451);es="Linear";ed="In";};};{tm=3.7;["Torso"]={tm=.0169;cf=cfr(-5.49,-8.874,-1.195,-.852,.523,.034,-.524,-.851,-.025,.015,-.039,.999);es="Linear";ed="In";};["Head"]={tm=.0169;cf=cfr(0,0,0,.852,.52,-.051,-.518,.827,-.219,-.072,.213,.974);es="Linear";ed="In";};["Left Leg"]={tm=.0169;cf=cfr(-1.367,.267,.179,.395,-.887,-.237,.918,.382,.104,-.002,-.259,.966);es="Linear";ed="In";};["Right Arm"]={tm=.0169;cf=cfr(-.007,-.757,.499,-.536,-.843,.047,.158,-.046,.986,-.829,.536,.158);es="Linear";ed="In";};["Right Leg"]={tm=.0169;cf=cfr(.646,.985,.344,.847,-.042,-.53,.046,.999,-.006,.529,-.019,.848);es="Linear";ed="In";};["Left Arm"]={tm=.0169;cf=cfr(.373,-.382,.396,-.285,.959,-.006,-.432,-.122,.893,.856,.257,.449);es="Linear";ed="In";};};{tm=3.717;["Torso"]={tm=.0160;cf=cfr(-5.49,-8.88,-1.17,-.857,.515,.033,-.516,-.857,-.018,.019,-.033,.999);es="Linear";ed="In";};["Head"]={tm=.0160;cf=cfr(0,0,0,.86,.508,-.052,-.506,.833,-.222,-.069,.217,.974);es="Linear";ed="In";};["Left Leg"]={tm=.0160;cf=cfr(-1.36,.263,.161,.414,-.877,-.243,.91,.399,.108,.002,-.266,.964);es="Linear";ed="In";};["Right Arm"]={tm=.0160;cf=cfr(-.009,-.753,.487,-.528,-.847,.057,.174,-.043,.984,-.831,.53,.17);es="Linear";ed="In";};["Right Leg"]={tm=.0160;cf=cfr(.653,.973,.332,.847,-.053,-.529,.058,.998,-.008,.528,-.024,.849);es="Linear";ed="In";};["Left Arm"]={tm=.0160;cf=cfr(.358,-.404,.389,-.28,.959,-.035,-.439,-.096,.894,.854,.265,.448);es="Linear";ed="In";};};{tm=3.733;["Torso"]={tm=.0169;cf=cfr(-5.49,-8.887,-1.142,-.862,.506,.032,-.506,-.862,-.011,.022,-.025,.999);es="Linear";ed="In";};["Head"]={tm=.0169;cf=cfr(0,0,0,.867,.495,-.054,-.493,.84,-.226,-.066,.222,.973);es="Linear";ed="In";};["Left Leg"]={tm=.0169;cf=cfr(-1.354,.259,.14,.434,-.866,-.249,.901,.419,.113,.006,-.273,.962);es="Linear";ed="In";};["Right Arm"]={tm=.0169;cf=cfr(-.011,-.748,.473,-.519,-.852,.068,.192,-.039,.981,-.833,.522,.184);es="Linear";ed="In";};["Right Leg"]={tm=.0169;cf=cfr(.661,.96,.318,.847,-.066,-.528,.072,.997,-.009,.527,-.03,.849);es="Linear";ed="In";};["Left Arm"]={tm=.0169;cf=cfr(.341,-.429,.381,-.274,.959,-.066,-.445,-.066,.893,.852,.274,.445);es="Linear";ed="In";};};{tm=3.75;["Torso"]={tm=.0169;cf=cfr(-5.49,-8.895,-1.111,-.868,.496,.031,-.496,-.868,-.002,.026,-.017,1);es="Linear";ed="In";};["Head"]={tm=.0169;cf=cfr(0,0,0,.876,.479,-.056,-.478,.848,-.23,-.063,.228,.972);es="Linear";ed="In";};["Left Leg"]={tm=.0169;cf=cfr(-1.346,.255,.117,.456,-.853,-.256,.89,.44,.118,.012,-.281,.959);es="Linear";ed="In";};["Right Arm"]={tm=.0169;cf=cfr(-.014,-.742,.457,-.509,-.857,.08,.212,-.034,.977,-.835,.514,.199);es="Linear";ed="In";};["Right Leg"]={tm=.0169;cf=cfr(.671,.945,.304,.846,-.08,-.527,.087,.996,-.011,.526,-.036,.85);es="Linear";ed="In";};["Left Arm"]={tm=.0169;cf=cfr(.322,-.457,.372,-.268,.958,-.101,-.452,-.033,.891,.851,.285,.442);es="Linear";ed="In";};};{tm=3.767;["Torso"]={tm=.0160;cf=cfr(-5.49,-8.903,-1.077,-.874,.485,.03,-.485,-.875,.007,.03,-.008,1);es="Linear";ed="In";};["Head"]={tm=.0160;cf=cfr(0,0,0,.885,.463,-.057,-.462,.855,-.234,-.059,.233,.971);es="Linear";ed="In";};["Left Leg"]={tm=.0160;cf=cfr(-1.337,.25,.092,.479,-.837,-.263,.877,.463,.124,.018,-.29,.957);es="Linear";ed="In";};["Right Arm"]={tm=.0160;cf=cfr(-.016,-.736,.44,-.497,-.863,.094,.233,-.029,.972,-.836,.505,.215);es="Linear";ed="In";};["Right Leg"]={tm=.0160;cf=cfr(.681,.929,.287,.845,-.095,-.526,.103,.995,-.013,.524,-.043,.85);es="Linear";ed="In";};["Left Arm"]={tm=.0160;cf=cfr(.302,-.487,.362,-.261,.955,-.139,-.46,.003,.888,.849,.296,.439);es="Linear";ed="In";};};{tm=3.783;["Torso"]={tm=.0169;cf=cfr(-5.49,-8.913,-1.04,-.881,.472,.029,-.472,-.881,.017,.034,.001,.999);es="Linear";ed="In";};["Head"]={tm=.0169;cf=cfr(0,0,0,.894,.444,-.059,-.445,.863,-.239,-.055,.24,.969);es="Linear";ed="In";};["Left Leg"]={tm=.0169;cf=cfr(-1.328,.245,.064,.505,-.82,-.271,.863,.488,.131,.025,-.3,.954);es="Linear";ed="In";};["Right Arm"]={tm=.0169;cf=cfr(-.019,-.729,.422,-.484,-.869,.108,.256,-.023,.966,-.837,.495,.233);es="Linear";ed="In";};["Right Leg"]={tm=.0169;cf=cfr(.692,.911,.27,.844,-.111,-.525,.121,.993,-.016,.522,-.05,.851);es="Linear";ed="In";};["Left Arm"]={tm=.0169;cf=cfr(.28,-.52,.352,-.253,.951,-.179,-.468,.042,.883,.847,.307,.434);es="Linear";ed="In";};};{tm=3.8;["Torso"]={tm=.0170;cf=cfr(-5.49,-8.923,-1,-.888,.459,.029,-.458,-.888,.028,.038,.012,.999);es="Linear";ed="In";};["Head"]={tm=.0170;cf=cfr(0,0,0,.904,.424,-.061,-.425,.872,-.244,-.05,.246,.968);es="Linear";ed="In";};["Left Leg"]={tm=.0170;cf=cfr(-1.318,.239,.035,.531,-.8,-.279,.847,.514,.139,.032,-.31,.95);es="Linear";ed="In";};["Right Arm"]={tm=.0170;cf=cfr(-.022,-.722,.402,-.469,-.875,.123,.28,-.016,.96,-.837,.485,.253);es="Linear";ed="In";};["Right Leg"]={tm=.0170;cf=cfr(.703,.892,.251,.842,-.129,-.523,.14,.99,-.018,.52,-.058,.852);es="Linear";ed="In";};["Left Arm"]={tm=.0170;cf=cfr(.257,-.555,.341,-.244,.944,-.223,-.476,.084,.875,.845,.32,.429);es="Linear";ed="In";};};{tm=3.817;["Torso"]={tm=.0160;cf=cfr(-5.49,-8.933,-.957,-.895,.445,.028,-.443,-.895,.04,.043,.023,.999);es="Linear";ed="In";};["Head"]={tm=.0160;cf=cfr(0,0,0,.914,.402,-.063,-.404,.88,-.25,-.045,.253,.966);es="Linear";ed="In";};["Left Leg"]={tm=.0160;cf=cfr(-1.308,.233,.003,.559,-.778,-.287,.828,.541,.147,.041,-.32,.947);es="Linear";ed="In";};["Right Arm"]={tm=.0160;cf=cfr(-.026,-.714,.38,-.453,-.881,.138,.307,-.008,.952,-.837,.473,.274);es="Linear";ed="In";};["Right Leg"]={tm=.0160;cf=cfr(.716,.871,.23,.84,-.148,-.522,.161,.987,-.02,.518,-.067,.853);es="Linear";ed="In";};["Left Arm"]={tm=.0160;cf=cfr(.231,-.593,.329,-.234,.934,-.27,-.485,.129,.865,.843,.333,.423);es="Linear";ed="In";};};{tm=3.833;["Torso"]={tm=.0169;cf=cfr(-5.49,-8.945,-.911,-.903,.429,.028,-.427,-.903,.052,.048,.036,.998);es="Linear";ed="In";};["Head"]={tm=.0169;cf=cfr(0,0,0,.923,.378,-.064,-.382,.888,-.256,-.04,.261,.965);es="Linear";ed="In";};["Left Leg"]={tm=.0169;cf=cfr(-1.296,.227,-.031,.588,-.753,-.296,.807,.569,.156,.05,-.331,.942);es="Linear";ed="In";};["Right Arm"]={tm=.0169;cf=cfr(-.029,-.706,.357,-.435,-.887,.154,.334,0,.943,-.836,.461,.296);es="Linear";ed="In";};["Right Leg"]={tm=.0169;cf=cfr(.73,.85,.209,.838,-.168,-.52,.183,.983,-.023,.515,-.076,.854);es="Linear";ed="In";};["Left Arm"]={tm=.0169;cf=cfr(.204,-.634,.316,-.222,.921,-.319,-.493,.176,.852,.841,.347,.415);es="Linear";ed="In";};};{tm=3.85;["Torso"]={tm=.0169;cf=cfr(-5.49,-8.957,-.862,-.911,.412,.028,-.41,-.91,.066,.052,.049,.997);es="Linear";ed="In";};["Head"]={tm=.0169;cf=cfr(0,0,0,.933,.353,-.066,-.357,.896,-.262,-.033,.268,.963);es="Linear";ed="In";};["Left Leg"]={tm=.0169;cf=cfr(-1.284,.22,-.067,.618,-.725,-.304,.784,.598,.167,.061,-.341,.938);es="Linear";ed="In";};["Right Arm"]={tm=.0169;cf=cfr(-.033,-.697,.333,-.415,-.894,.171,.363,.01,.932,-.834,.449,.32);es="Linear";ed="In";};["Right Leg"]={tm=.0169;cf=cfr(.744,.826,.185,.834,-.19,-.518,.206,.978,-.026,.511,-.085,.855);es="Linear";ed="In";};["Left Arm"]={tm=.0169;cf=cfr(.175,-.677,.302,-.21,.905,-.37,-.502,.226,.835,.839,.361,.407);es="Linear";ed="In";};};{tm=3.867;["Torso"]={tm=.2000;cf=cfr(-5.49,-8.97,-.81,-.918,.395,.028,-.391,-.917,.08,.057,.063,.996);es="Linear";ed="In";};["Head"]={tm=.2000;cf=cfr(0,0,0,.943,.325,-.067,-.331,.904,-.269,-.027,.276,.961);es="Linear";ed="In";};["Left Leg"]={tm=.2000;cf=cfr(-1.271,.212,-.105,.648,-.694,-.313,.758,.628,.178,.073,-.352,.933);es="Linear";ed="In";};["Right Arm"]={tm=.2000;cf=cfr(-.037,-.687,.307,-.393,-.9,.188,.393,.02,.919,-.831,.436,.346);es="Linear";ed="In";};["Right Leg"]={tm=.2000;cf=cfr(.759,.802,.161,.83,-.212,-.516,.231,.973,-.029,.508,-.095,.856);es="Linear";ed="In";};["Left Arm"]={tm=.2000;cf=cfr(.144,-.724,.287,-.196,.884,-.424,-.51,.277,.814,.838,.375,.397);es="Linear";ed="In";};};{tm=4.067;["Torso"]={tm=.1499;cf=cfr(-5.49,-9.12,-.39,-.996,-.086,.038,.079,-.984,-.158,.051,-.155,.987);es="Linear";ed="In";};["Head"]={tm=.1499;cf=cfr(0,0,0,.998,.028,.056,-.007,.94,-.341,-.062,.34,.938);es="Linear";ed="In";};["Left Leg"]={tm=.1499;cf=cfr(-.361,-.14,.102,.678,-.721,-.143,.731,.682,.024,.081,-.121,.989);es="Linear";ed="In";};["Right Arm"]={tm=.1499;cf=cfr(-.266,-.313,.383,-.289,-.882,.371,.785,.004,.62,-.548,.471,.691);es="Linear";ed="In";};["Right Leg"]={tm=.1499;cf=cfr(.61,.73,.08,.83,.045,-.557,.141,.947,.287,.54,-.317,.78);es="Linear";ed="In";};["Left Arm"]={tm=.1499;cf=cfr(-.476,-.639,-.045,.322,.926,-.196,-.432,.328,.84,.843,-.185,.506);es="Linear";ed="In";};};{tm=4.217;["Torso"]={tm=.1000;cf=cfr(-5.06,-9.08,-.09,-.816,-.578,-.003,.571,-.805,-.163,.091,-.135,.987);es="Linear";ed="In";};["Head"]={tm=.25;cf=cfr(0,0,0,.845,-.535,.006,.533,.84,-.099,.048,.086,.995);es="Linear";ed="In";};["Left Leg"]={tm=.1000;cf=cfr(-.045,-.088,.058,.755,-.649,.092,.609,.747,.267,-.242,-.145,.959);es="Linear";ed="In";};["Right Arm"]={tm=.25;cf=cfr(.46,-.17,.119,.003,-.905,-.426,.981,-.081,.178,-.195,-.418,.887);es="Linear";ed="In";};["Right Leg"]={tm=.1000;cf=cfr(.001,.067,-.021,.991,.01,-.13,.031,.952,.304,.127,-.305,.944);es="Linear";ed="In";};["Left Arm"]={tm=.1000;cf=cfr(-.411,-.875,.16,.505,.835,-.221,-.391,.449,.803,.77,-.319,.553);es="Linear";ed="In";};};{tm=4.317;["Torso"]={tm=.1499;cf=cfr(-5.07,-9,-.02,-.748,-.66,-.062,.656,-.724,-.212,.095,-.199,.975);es="Linear";ed="In";};["Left Leg"]={tm=.1499;cf=cfr(-.045,-.088,.058,.756,-.648,.092,.608,.748,.267,-.242,-.146,.959);es="Linear";ed="In";};["Right Leg"]={tm=.1499;cf=cfr(.001,.067,-.021,.985,.105,-.135,-.067,.963,.262,.157,-.249,.956);es="Linear";ed="In";};["Left Arm"]={tm=.0499;cf=cfr(-.93,-.609,.269,-.612,.784,-.105,-.174,-.004,.985,.771,.621,.139);es="Linear";ed="In";};};{tm=4.367;["Left Arm"]={tm=.0999;cf=cfr(-.92,-.73,.091,-.699,.698,-.155,-.325,-.116,.938,.637,.706,.308);es="Linear";ed="In";};};{tm=4.467;["Torso"]={tm=.0160;cf=cfr(-4.99,-9,-.09,-.694,-.718,-.052,.708,-.667,-.232,.132,-.197,.971);es="Quad";ed="Out";};["Head"]={tm=.0160;cf=cfr(0,0,0,.846,-.514,.142,.532,.834,-.15,-.042,.202,.978);es="Quad";ed="Out";};["Left Leg"]={tm=0;cf=cfr(-.045,-.088,.058,.682,-.725,.092,.685,.678,.267,-.256,-.119,.959);es="Linear";ed="In";};["Right Arm"]={tm=0;cf=cfr(.766,-.145,.288,-.14,-.847,-.513,.984,-.06,-.169,.113,-.528,.841);es="Linear";ed="In";};["Right Leg"]={tm=0;cf=cfr(.05,.065,-.014,.989,.066,-.135,-.028,.965,.262,.147,-.255,.956);es="Linear";ed="In";};["Left Arm"]={tm=0;cf=cfr(-.626,-1.018,.01,-.8,.514,-.311,-.537,-.379,.754,.269,.77,.579);es="Linear";ed="In";};};{tm=4.483;["Torso"]={tm=.0170;cf=cfr(-4.992,-9.002,-.091,-.694,-.718,-.052,.708,-.667,-.233,.132,-.199,.971);es="Linear";ed="In";};["Head"]={tm=.0170;cf=cfr(0,0,0,.846,-.513,.142,.531,.832,-.158,-.037,.209,.977);es="Linear";ed="In";};};{tm=4.5;["Torso"]={tm=.0170;cf=cfr(-4.993,-9.003,-.091,-.694,-.718,-.053,.708,-.667,-.233,.132,-.2,.971);es="Linear";ed="In";};["Head"]={tm=.0170;cf=cfr(0,0,0,.847,-.513,.142,.531,.831,-.165,-.033,.215,.976);es="Linear";ed="In";};};{tm=4.517;["Torso"]={tm=.0160;cf=cfr(-4.995,-9.005,-.091,-.694,-.718,-.054,.708,-.667,-.234,.132,-.201,.971);es="Linear";ed="In";};["Head"]={tm=.0160;cf=cfr(0,0,0,.847,-.512,.142,.531,.83,-.172,-.029,.221,.975);es="Linear";ed="In";};};{tm=4.533;["Torso"]={tm=.0169;cf=cfr(-4.996,-9.006,-.092,-.694,-.718,-.055,.708,-.666,-.235,.132,-.202,.971);es="Linear";ed="In";};["Head"]={tm=.0169;cf=cfr(0,0,0,.847,-.512,.141,.531,.829,-.179,-.026,.226,.974);es="Linear";ed="In";};};{tm=4.55;["Torso"]={tm=.0170;cf=cfr(-4.998,-9.007,-.092,-.694,-.718,-.056,.708,-.666,-.235,.132,-.203,.97);es="Linear";ed="In";};["Head"]={tm=.0170;cf=cfr(0,0,0,.848,-.512,.141,.53,.827,-.185,-.022,.232,.972);es="Linear";ed="In";};};{tm=4.567;["Torso"]={tm=.0160;cf=cfr(-4.999,-9.008,-.093,-.694,-.718,-.056,.708,-.666,-.236,.132,-.204,.97);es="Linear";ed="In";};["Head"]={tm=.0160;cf=cfr(0,0,0,.848,-.511,.141,.53,.826,-.192,-.019,.237,.971);es="Linear";ed="In";};};{tm=4.583;["Torso"]={tm=.0169;cf=cfr(-5,-9.01,-.093,-.694,-.718,-.057,.708,-.666,-.237,.132,-.204,.97);es="Linear";ed="In";};["Head"]={tm=.0169;cf=cfr(0,0,0,.848,-.511,.141,.53,.825,-.198,-.015,.242,.97);es="Linear";ed="In";};};{tm=4.6;["Torso"]={tm=.0170;cf=cfr(-5.002,-9.011,-.093,-.694,-.718,-.057,.708,-.665,-.237,.132,-.205,.97);es="Linear";ed="In";};["Head"]={tm=.0170;cf=cfr(0,0,0,.848,-.511,.141,.529,.824,-.203,-.012,.247,.969);es="Linear";ed="In";};};{tm=4.617;["Torso"]={tm=.0160;cf=cfr(-5.003,-9.012,-.094,-.694,-.718,-.058,.708,-.665,-.238,.132,-.206,.97);es="Linear";ed="In";};["Head"]={tm=.0160;cf=cfr(0,0,0,.849,-.51,.14,.529,.822,-.209,-.009,.251,.968);es="Linear";ed="In";};};{tm=4.633;["Torso"]={tm=.0170;cf=cfr(-5.004,-9.013,-.094,-.694,-.718,-.059,.708,-.665,-.238,.132,-.207,.969);es="Linear";ed="In";};["Head"]={tm=.0170;cf=cfr(0,0,0,.849,-.51,.14,.529,.821,-.214,-.006,.256,.967);es="Linear";ed="In";};};{tm=4.65;["Torso"]={tm=.0169;cf=cfr(-5.005,-9.014,-.094,-.694,-.718,-.059,.708,-.665,-.239,.132,-.208,.969);es="Linear";ed="In";};["Head"]={tm=.0169;cf=cfr(0,0,0,.849,-.51,.14,.528,.82,-.219,-.003,.26,.966);es="Linear";ed="In";};};{tm=4.667;["Torso"]={tm=.0160;cf=cfr(-5.006,-9.015,-.095,-.694,-.718,-.06,.708,-.665,-.239,.132,-.208,.969);es="Linear";ed="In";};["Head"]={tm=.0160;cf=cfr(0,0,0,.849,-.509,.14,.528,.819,-.223,-.001,.264,.965);es="Linear";ed="In";};};{tm=4.683;["Torso"]={tm=.0170;cf=cfr(-5.007,-9.015,-.095,-.694,-.717,-.06,.708,-.665,-.24,.132,-.209,.969);es="Linear";ed="In";};["Head"]={tm=.0170;cf=cfr(0,0,0,.849,-.509,.14,.528,.818,-.228,.002,.267,.964);es="Linear";ed="In";};};{tm=4.7;["Torso"]={tm=.0169;cf=cfr(-5.007,-9.016,-.095,-.694,-.717,-.06,.708,-.664,-.24,.132,-.209,.969);es="Linear";ed="In";};["Head"]={tm=.0169;cf=cfr(0,0,0,.849,-.509,.14,.528,.817,-.232,.004,.271,.963);es="Linear";ed="In";};};{tm=4.717;["Torso"]={tm=.0160;cf=cfr(-5.008,-9.017,-.095,-.694,-.717,-.061,.708,-.664,-.24,.132,-.21,.969);es="Linear";ed="In";};["Head"]={tm=.0160;cf=cfr(0,0,0,.85,-.509,.139,.527,.816,-.236,.006,.274,.962);es="Linear";ed="In";};};{tm=4.733;["Torso"]={tm=.0170;cf=cfr(-5.009,-9.017,-.096,-.694,-.717,-.061,.708,-.664,-.241,.132,-.21,.969);es="Linear";ed="In";};["Head"]={tm=.0170;cf=cfr(0,0,0,.85,-.508,.139,.527,.815,-.239,.008,.277,.961);es="Linear";ed="In";};};{tm=4.75;["Torso"]={tm=.0170;cf=cfr(-5.009,-9.018,-.096,-.694,-.717,-.061,.708,-.664,-.241,.132,-.211,.969);es="Linear";ed="In";};["Head"]={tm=.0170;cf=cfr(0,0,0,.85,-.508,.139,.527,.815,-.243,.01,.279,.96);es="Linear";ed="In";};};{tm=4.767;["Torso"]={tm=.0160;cf=cfr(-5.01,-9.018,-.096,-.694,-.717,-.062,.708,-.664,-.241,.132,-.211,.969);es="Linear";ed="In";};["Head"]={tm=.0160;cf=cfr(0,0,0,.85,-.508,.139,.527,.814,-.246,.012,.282,.959);es="Linear";ed="In";};};{tm=4.783;["Torso"]={tm=.0169;cf=cfr(-5.01,-9.019,-.096,-.694,-.717,-.062,.708,-.664,-.241,.132,-.211,.968);es="Linear";ed="In";};["Head"]={tm=.0169;cf=cfr(0,0,0,.85,-.508,.139,.526,.813,-.248,.013,.284,.959);es="Linear";ed="In";};};{tm=4.8;["Torso"]={tm=.0170;cf=cfr(-5.011,-9.019,-.096,-.694,-.717,-.062,.708,-.664,-.241,.132,-.212,.968);es="Linear";ed="In";};["Head"]={tm=.0170;cf=cfr(0,0,0,.85,-.508,.139,.526,.813,-.251,.014,.286,.958);es="Linear";ed="In";};};{tm=4.817;["Torso"]={tm=.0160;cf=cfr(-5.011,-9.019,-.096,-.694,-.717,-.062,.708,-.664,-.242,.132,-.212,.968);es="Linear";ed="In";};["Head"]={tm=.0160;cf=cfr(0,0,0,.85,-.508,.139,.526,.812,-.253,.016,.288,.957);es="Linear";ed="In";};};{tm=4.833;["Torso"]={tm=.0169;cf=cfr(-5.011,-9.02,-.096,-.694,-.717,-.062,.708,-.664,-.242,.132,-.212,.968);es="Linear";ed="In";};["Head"]={tm=.0169;cf=cfr(0,0,0,.85,-.507,.139,.526,.812,-.255,.017,.29,.957);es="Linear";ed="In";};};{tm=4.85;["Torso"]={tm=.0170;cf=cfr(-5.011,-9.02,-.096,-.694,-.717,-.062,.708,-.664,-.242,.132,-.212,.968);es="Linear";ed="In";};["Head"]={tm=.0170;cf=cfr(0,0,0,.851,-.507,.139,.526,.811,-.257,.018,.291,.956);es="Linear";ed="In";};};{tm=4.867;["Torso"]={tm=.0160;cf=cfr(-5.012,-9.02,-.096,-.694,-.717,-.062,.708,-.664,-.242,.132,-.212,.968);es="Linear";ed="In";};["Head"]={tm=.0160;cf=cfr(0,0,0,.851,-.507,.139,.526,.811,-.258,.019,.292,.956);es="Linear";ed="In";};};{tm=4.883;["Torso"]={tm=2.117;cf=cfr(-5.012,-9.02,-.096,-.694,-.717,-.063,.708,-.664,-.242,.132,-.212,.968);es="Linear";ed="In";};["Head"]={tm=.0170;cf=cfr(0,0,0,.851,-.507,.139,.525,.81,-.259,.019,.293,.956);es="Linear";ed="In";};};{tm=4.9;["Head"]={tm=.0169;cf=cfr(0,0,0,.851,-.507,.139,.525,.81,-.26,.02,.294,.956);es="Linear";ed="In";};};{tm=4.917;["Head"]={tm=.0160;cf=cfr(0,0,0,.851,-.507,.138,.525,.81,-.261,.02,.295,.955);es="Linear";ed="In";};};{tm=4.933;["Head"]={tm=.0170;cf=cfr(0,0,0,.851,-.507,.138,.525,.81,-.261,.02,.295,.955);es="Linear";ed="In";};};{tm=4.95;["Head"]={tm=0;cf=cfr(0,0,0,.851,-.507,.138,.525,.81,-.261,.02,.295,.955);es="Linear";ed="In";};};{tm=7;["Torso"]={tm=.0170;cf=cfr(-5.012,-9.02,-.096,-.694,-.717,-.063,.708,-.664,-.242,.132,-.212,.968);es="Linear";ed="In";};};{tm=7.017;["Torso"]={tm=0;cf=cfr(-5.012,-9.02,-12.09,-.694,-.717,-.063,.708,-.664,-.242,.132,-.212,.968);es="Linear";ed="In";};};}