-- // converted using mech's animoduler
local cfr = CFrame.new

return {{tm=0;["Torso"]={tm=2.25;cf=cfr(5.03,0,-8.27,1,0,0,0,1,0,0,0,1);es="Linear";ed="In";};["Head"]={tm=2.25;cf=cfr(0,0,0,1,0,0,0,1,0,0,0,1);es="Linear";ed="In";};["Left Leg"]={tm=2.25;cf=cfr(0,0,0,1,0,0,0,1,0,0,0,1);es="Linear";ed="In";};["Right Arm"]={tm=2.25;cf=cfr(0,0,0,1,0,0,0,1,0,0,0,1);es="Linear";ed="In";};["Right Leg"]={tm=2.25;cf=cfr(0,0,0,1,0,0,0,1,0,0,0,1);es="Linear";ed="In";};["Left Arm"]={tm=2.25;cf=cfr(0,0,0,1,0,0,0,1,0,0,0,1);es="Linear";ed="In";};};{tm=2.25;["Torso"]={tm=.0169;cf=cfr(0,1.64,-5.63,1,0,0,0,-.009,1,0,-1,-.009);es="Linear";ed="In";};["Head"]={tm=.0169;cf=cfr(0,0,0,1,0,0,0,.925,.381,0,-.381,.925);es="Linear";ed="In";};["Left Leg"]={tm=.0169;cf=cfr(-.724,.27,-.015,.899,.339,.276,-.409,.876,.257,-.155,-.344,.926);es="Linear";ed="In";};["Right Arm"]={tm=.0169;cf=cfr(.487,-.183,0,.239,-.762,-.602,.971,.198,.134,.017,-.616,.787);es="Linear";ed="In";};["Right Leg"]={tm=.0169;cf=cfr(1.77,.622,-.574,.837,.53,.133,-.436,.5,.748,.33,-.684,.65);es="Linear";ed="In";};["Left Arm"]={tm=.0169;cf=cfr(-.487,-.183,0,.084,.854,.513,-.995,.104,-.01,-.062,-.51,.858);es="Linear";ed="In";};};{tm=2.267;["Torso"]={tm=.75;cf=cfr(5.02,-4.65,-.18,-.931,-.365,0,.36,-.917,.171,-.063,.159,.985);es="Linear";ed="In";};["Head"]={tm=.75;cf=cfr(0,0,0,.95,-.31,-.047,.309,.951,-.015,.05,0,.999);es="Linear";ed="In";};["Left Leg"]={tm=.75;cf=cfr(-.594,.285,.266,.891,.118,.439,-.171,.982,.082,-.421,-.148,.895);es="Linear";ed="In";};["Right Arm"]={tm=.75;cf=cfr(-.364,-.2,.143,.783,-.554,.283,.496,.831,.252,-.375,-.057,.925);es="Linear";ed="In";};["Right Leg"]={tm=.75;cf=cfr(.143,.176,.08,.816,-.021,-.578,.098,.99,.103,.57,-.141,.81);es="Linear";ed="In";};["Left Arm"]={tm=.75;cf=cfr(.023,-.207,-.009,.918,.343,.199,-.395,.833,.388,-.032,-.435,.9);es="Linear";ed="In";};};{tm=3.017;["Torso"]={tm=.0500;cf=cfr(5.02,-4.65,-.18,-.931,-.365,0,.36,-.917,.171,-.063,.159,.985);es="Linear";ed="In";};["Head"]={tm=.0500;cf=cfr(0,0,0,.95,-.31,-.047,.309,.951,-.015,.05,0,.999);es="Linear";ed="In";};["Left Leg"]={tm=.1499;cf=cfr(-.594,.285,.266,.891,.118,.439,-.171,.982,.082,-.421,-.148,.895);es="Linear";ed="In";};["Right Arm"]={tm=.0160;cf=cfr(-.364,-.2,.143,.783,-.554,.283,.496,.831,.252,-.375,-.057,.925);es="Cubic";ed="Out";};["Right Leg"]={tm=.0500;cf=cfr(.143,.176,.08,.816,-.021,-.578,.098,.99,.103,.57,-.141,.81);es="Linear";ed="In";};["Left Arm"]={tm=.0160;cf=cfr(.023,-.207,-.009,.918,.343,.199,-.395,.833,.388,-.032,-.435,.9);es="Cubic";ed="Out";};};{tm=3.033;["Right Arm"]={tm=.0169;cf=cfr(-.328,-.219,.134,.746,-.612,.261,.54,.786,.299,-.389,-.082,.918);es="Linear";ed="In";};["Left Arm"]={tm=.0169;cf=cfr(.083,-.218,.023,.871,.465,.161,-.488,.78,.392,.057,-.42,.906);es="Linear";ed="In";};};{tm=3.05;["Right Arm"]={tm=.0170;cf=cfr(-.295,-.236,.126,.711,-.662,.238,.577,.743,.339,-.402,-.104,.91);es="Linear";ed="In";};["Left Arm"]={tm=.0170;cf=cfr(.137,-.227,.052,.814,.566,.127,-.565,.722,.399,.134,-.397,.908);es="Linear";ed="In";};};{tm=3.067;["Torso"]={tm=.0999;cf=cfr(5.02,-4.72,-.13,-.962,-.272,.02,.27,-.937,.22,-.042,.217,.975);es="Linear";ed="In";};["Head"]={tm=.0999;cf=cfr(0,0,0,.95,-.313,-.014,.309,.944,-.116,.05,.106,.993);es="Linear";ed="In";};["Right Arm"]={tm=.0160;cf=cfr(-.267,-.251,.118,.678,-.703,.216,.607,.701,.373,-.414,-.122,.902);es="Linear";ed="In";};["Right Leg"]={tm=.0999;cf=cfr(.144,.123,.083,.929,-.143,-.34,.196,.972,.127,.313,-.184,.932);es="Linear";ed="In";};["Left Arm"]={tm=.0160;cf=cfr(.184,-.235,.077,.754,.65,.098,-.626,.665,.408,.2,-.369,.908);es="Linear";ed="In";};};{tm=3.083;["Right Arm"]={tm=.0169;cf=cfr(-.242,-.264,.112,.648,-.736,.196,.632,.663,.402,-.426,-.137,.895);es="Linear";ed="In";};["Left Arm"]={tm=.0169;cf=cfr(.225,-.242,.099,.693,.717,.073,-.674,.609,.418,.254,-.339,.906);es="Linear";ed="In";};};{tm=3.1;["Right Arm"]={tm=.0169;cf=cfr(-.22,-.276,.107,.62,-.764,.177,.652,.628,.426,-.436,-.149,.888);es="Linear";ed="In";};["Left Arm"]={tm=.0169;cf=cfr(.261,-.248,.118,.636,.77,.053,-.711,.558,.427,.299,-.309,.903);es="Linear";ed="In";};};{tm=3.117;["Right Arm"]={tm=.0160;cf=cfr(-.201,-.286,.102,.596,-.787,.159,.668,.596,.445,-.445,-.159,.881);es="Linear";ed="In";};["Left Arm"]={tm=.0160;cf=cfr(.291,-.254,.135,.583,.812,.036,-.74,.512,.436,.336,-.281,.899);es="Linear";ed="In";};};{tm=3.133;["Right Arm"]={tm=.0169;cf=cfr(-.185,-.294,.098,.576,-.805,.144,.681,.569,.461,-.453,-.167,.876);es="Linear";ed="In";};["Left Arm"]={tm=.0169;cf=cfr(.317,-.258,.149,.536,.844,.022,-.761,.472,.445,.365,-.255,.895);es="Linear";ed="In";};};{tm=3.15;["Right Arm"]={tm=.0169;cf=cfr(-.172,-.301,.094,.558,-.819,.131,.691,.546,.474,-.46,-.174,.871);es="Linear";ed="In";};["Left Arm"]={tm=.0169;cf=cfr(.339,-.262,.16,.495,.869,.011,-.777,.437,.453,.388,-.232,.892);es="Linear";ed="In";};};{tm=3.167;["Torso"]={tm=.1000;cf=cfr(5.32,-5,-.08,-.989,-.147,-.025,.146,-.987,.064,-.034,.06,.998);es="Linear";ed="In";};["Head"]={tm=.2000;cf=cfr(0,0,0,.999,.027,-.021,-.032,.936,-.35,.011,.351,.936);es="Linear";ed="In";};["Left Leg"]={tm=.0500;cf=cfr(-.611,.275,-.094,.972,-.231,.045,.23,.973,.026,-.05,-.015,.999);es="Linear";ed="In";};["Right Arm"]={tm=.0160;cf=cfr(-.161,-.307,.092,.543,-.831,.12,.698,.527,.484,-.466,-.179,.867);es="Linear";ed="In";};["Right Leg"]={tm=.1000;cf=cfr(.144,.016,.089,.977,-.073,.202,.063,.996,.056,-.206,-.042,.978);es="Linear";ed="In";};["Left Arm"]={tm=.0160;cf=cfr(.357,-.265,.17,.461,.888,.002,-.789,.408,.459,.407,-.213,.888);es="Linear";ed="In";};};{tm=3.183;["Right Arm"]={tm=.0170;cf=cfr(-.153,-.311,.09,.532,-.84,.112,.704,.511,.492,-.47,-.183,.863);es="Linear";ed="In";};["Left Arm"]={tm=.0170;cf=cfr(.371,-.267,.177,.432,.902,-.005,-.798,.385,.464,.421,-.197,.886);es="Linear";ed="In";};};{tm=3.2;["Right Arm"]={tm=.0169;cf=cfr(-.146,-.315,.088,.522,-.846,.105,.709,.499,.498,-.474,-.186,.861);es="Linear";ed="In";};["Left Arm"]={tm=.0169;cf=cfr(.382,-.269,.183,.41,.912,-.01,-.804,.367,.469,.431,-.184,.883);es="Linear";ed="In";};};{tm=3.217;["Left Leg"]={tm=.1000;cf=cfr(-.611,.275,-.094,.77,-.636,.045,.636,.771,.026,-.051,.009,.999);es="Linear";ed="In";};["Right Arm"]={tm=.0160;cf=cfr(-.141,-.317,.087,.515,-.851,.099,.712,.49,.503,-.477,-.188,.859);es="Linear";ed="In";};["Left Arm"]={tm=.0160;cf=cfr(.39,-.271,.188,.393,.919,-.014,-.808,.353,.472,.439,-.174,.882);es="Linear";ed="In";};};{tm=3.233;["Right Arm"]={tm=.0169;cf=cfr(-.137,-.319,.086,.51,-.855,.095,.715,.483,.506,-.479,-.19,.857);es="Linear";ed="In";};["Left Arm"]={tm=.0169;cf=cfr(.396,-.272,.191,.381,.924,-.017,-.811,.343,.474,.444,-.167,.88);es="Linear";ed="In";};};{tm=3.25;["Right Arm"]={tm=.0169;cf=cfr(-.135,-.32,.085,.507,-.857,.093,.716,.479,.508,-.48,-.191,.856);es="Linear";ed="In";};["Left Arm"]={tm=.0169;cf=cfr(.4,-.273,.193,.373,.928,-.018,-.813,.336,.476,.448,-.162,.879);es="Linear";ed="In";};};{tm=3.267;["Torso"]={tm=.1000;cf=cfr(5.32,-5.28,-.08,-1,.016,-.024,-.016,-1,-.003,-.024,-.002,1);es="Linear";ed="In";};["Right Arm"]={tm=.0160;cf=cfr(-.133,-.321,.085,.505,-.858,.091,.717,.476,.509,-.481,-.192,.856);es="Linear";ed="In";};["Right Leg"]={tm=.1000;cf=cfr(.144,.016,.089,.979,-.018,.202,.007,.998,.056,-.203,-.054,.978);es="Linear";ed="In";};["Left Arm"]={tm=.0160;cf=cfr(.403,-.273,.195,.368,.93,-.02,-.814,.332,.477,.45,-.159,.879);es="Linear";ed="In";};};{tm=3.283;["Right Arm"]={tm=.0169;cf=cfr(-.133,-.322,.084,.504,-.859,.09,.717,.474,.51,-.481,-.192,.855);es="Linear";ed="In";};["Left Arm"]={tm=.0169;cf=cfr(.404,-.273,.195,.365,.931,-.02,-.814,.33,.477,.451,-.158,.879);es="Linear";ed="In";};};{tm=3.3;["Right Arm"]={tm=.0170;cf=cfr(-.132,-.322,.084,.503,-.859,.09,.718,.474,.51,-.481,-.192,.855);es="Linear";ed="In";};["Left Arm"]={tm=.0170;cf=cfr(.404,-.273,.195,.364,.931,-.02,-.815,.329,.477,.451,-.157,.878);es="Linear";ed="In";};};{tm=3.317;["Left Leg"]={tm=.0499;cf=cfr(-.234,.094,-.106,.68,-.733,-.014,.73,.676,.096,-.061,-.075,.995);es="Linear";ed="In";};["Right Arm"]={tm=1.8499;cf=cfr(-.132,-.322,.084,.503,-.859,.09,.718,.474,.51,-.481,-.192,.855);es="Linear";ed="In";};["Left Arm"]={tm=1.8499;cf=cfr(.404,-.273,.195,.364,.931,-.02,-.815,.329,.478,.451,-.157,.878);es="Linear";ed="In";};};{tm=3.367;["Torso"]={tm=.1499;cf=cfr(5.32,-5.65,-.17,-.983,.18,-.024,-.177,-.98,-.09,-.04,-.084,.996);es="Linear";ed="In";};["Head"]={tm=1.7999;cf=cfr(0,0,0,.991,.133,-.025,-.129,.87,-.477,-.042,.476,.879);es="Linear";ed="In";};["Left Leg"]={tm=.1499;cf=cfr(.143,-.088,-.118,.77,-.634,-.072,.636,.754,.166,-.051,-.173,.984);es="Linear";ed="In";};["Right Leg"]={tm=.1499;cf=cfr(.144,.016,.089,.991,-.044,.125,.036,.997,.063,-.128,-.058,.99);es="Linear";ed="In";};};{tm=3.517;["Torso"]={tm=.0160;cf=cfr(5.32,-5.96,-.21,-.973,.229,-.024,-.221,-.959,-.174,-.063,-.164,.984);es="Circ";ed="Out";};["Left Leg"]={tm=1.65;cf=cfr(-.072,.015,-.171,.77,-.625,-.128,.636,.736,.232,-.051,-.261,.964);es="Linear";ed="In";};["Right Leg"]={tm=1.65;cf=cfr(.144,.016,.089,.997,-.003,-.076,.012,.992,.127,.075,-.127,.989);es="Linear";ed="In";};};{tm=3.533;["Torso"]={tm=.0169;cf=cfr(5.32,-5.973,-.213,-.973,.229,-.024,-.221,-.959,-.179,-.064,-.169,.984);es="Linear";ed="In";};};{tm=3.55;["Torso"]={tm=.0170;cf=cfr(5.32,-5.978,-.214,-.973,.229,-.024,-.221,-.958,-.181,-.064,-.171,.983);es="Linear";ed="In";};};{tm=3.567;["Torso"]={tm=.0160;cf=cfr(5.32,-5.982,-.215,-.973,.229,-.024,-.221,-.958,-.182,-.065,-.172,.983);es="Linear";ed="In";};};{tm=3.583;["Torso"]={tm=.0169;cf=cfr(5.32,-5.985,-.216,-.973,.229,-.024,-.221,-.958,-.183,-.065,-.173,.983);es="Linear";ed="In";};};{tm=3.6;["Torso"]={tm=.0169;cf=cfr(5.32,-5.987,-.217,-.973,.229,-.024,-.221,-.958,-.184,-.065,-.174,.983);es="Linear";ed="In";};};{tm=3.617;["Torso"]={tm=.0160;cf=cfr(5.32,-5.989,-.217,-.973,.229,-.024,-.221,-.958,-.185,-.065,-.175,.982);es="Linear";ed="In";};};{tm=3.633;["Torso"]={tm=.0169;cf=cfr(5.32,-5.991,-.218,-.973,.229,-.024,-.221,-.958,-.186,-.065,-.175,.982);es="Linear";ed="In";};};{tm=3.65;["Torso"]={tm=.0169;cf=cfr(5.32,-5.993,-.218,-.973,.229,-.024,-.221,-.957,-.186,-.066,-.176,.982);es="Linear";ed="In";};};{tm=3.667;["Torso"]={tm=.0160;cf=cfr(5.32,-5.994,-.219,-.973,.229,-.024,-.221,-.957,-.187,-.066,-.177,.982);es="Linear";ed="In";};};{tm=3.683;["Torso"]={tm=.0170;cf=cfr(5.32,-5.995,-.219,-.973,.229,-.024,-.221,-.957,-.187,-.066,-.177,.982);es="Linear";ed="In";};};{tm=3.7;["Torso"]={tm=.0169;cf=cfr(5.32,-5.996,-.219,-.973,.229,-.024,-.22,-.957,-.188,-.066,-.177,.982);es="Linear";ed="In";};};{tm=3.717;["Torso"]={tm=.0160;cf=cfr(5.32,-5.997,-.219,-.973,.229,-.024,-.22,-.957,-.188,-.066,-.178,.982);es="Linear";ed="In";};};{tm=3.733;["Torso"]={tm=.0169;cf=cfr(5.32,-5.998,-.219,-.973,.229,-.024,-.22,-.957,-.188,-.066,-.178,.982);es="Linear";ed="In";};};{tm=3.75;["Torso"]={tm=.0169;cf=cfr(5.32,-5.999,-.22,-.973,.229,-.024,-.22,-.957,-.188,-.066,-.178,.982);es="Linear";ed="In";};};{tm=3.767;["Torso"]={tm=.0160;cf=cfr(5.32,-5.999,-.22,-.973,.229,-.024,-.22,-.957,-.189,-.066,-.178,.982);es="Linear";ed="In";};};{tm=3.783;["Torso"]={tm=.0169;cf=cfr(5.32,-5.999,-.22,-.973,.229,-.024,-.22,-.957,-.189,-.066,-.178,.982);es="Linear";ed="In";};};{tm=3.8;["Torso"]={tm=.0170;cf=cfr(5.32,-6,-.22,-.973,.229,-.024,-.22,-.957,-.189,-.066,-.179,.982);es="Linear";ed="In";};};{tm=3.817;["Torso"]={tm=.0160;cf=cfr(5.32,-6,-.22,-.973,.229,-.024,-.22,-.957,-.189,-.066,-.179,.982);es="Linear";ed="In";};};{tm=3.833;["Torso"]={tm=1.3339;cf=cfr(5.32,-6,-.22,-.973,.229,-.024,-.22,-.957,-.189,-.066,-.179,.982);es="Linear";ed="In";};};{tm=5.167;["Torso"]={tm=.0160;cf=cfr(5.32,-6,-.22,-.973,.229,-.024,-.22,-.957,-.189,-.066,-.179,.982);es="Linear";ed="In";};["Head"]={tm=.0160;cf=cfr(0,0,0,.991,.133,-.025,-.129,.87,-.477,-.042,.476,.879);es="Linear";ed="In";};["Left Leg"]={tm=.4000;cf=cfr(-.072,.015,-.171,.77,-.625,-.128,.636,.736,.232,-.051,-.261,.964);es="Linear";ed="In";};["Right Arm"]={tm=.0160;cf=cfr(-.132,-.322,.084,.503,-.859,.09,.718,.474,.51,-.481,-.192,.855);es="Linear";ed="In";};["Right Leg"]={tm=.0160;cf=cfr(.144,.016,.089,.997,-.003,-.076,.012,.992,.127,.075,-.127,.989);es="Linear";ed="In";};["Left Arm"]={tm=.0160;cf=cfr(.404,-.273,.195,.364,.931,-.02,-.815,.329,.478,.451,-.157,.878);es="Linear";ed="In";};};{tm=5.183;["Torso"]={tm=.3840;cf=cfr(5.37,-6.207,-.302,-.973,.229,-.024,-.23,-.973,.031,-.016,.036,.999);es="Linear";ed="In";};["Head"]={tm=.3840;cf=cfr(0,0,0,.988,.154,.026,-.151,.986,-.075,-.037,.07,.997);es="Linear";ed="In";};["Right Arm"]={tm=.3840;cf=cfr(.145,-1.05,.162,-.446,-.613,.652,.789,.073,.609,-.421,.786,.452);es="Linear";ed="In";};["Right Leg"]={tm=.3840;cf=cfr(.733,.435,.238,.997,-.018,-.076,.027,.992,.127,.073,-.129,.989);es="Linear";ed="In";};["Left Arm"]={tm=.3840;cf=cfr(-.852,-.729,-.01,-.776,.12,-.62,-.631,-.113,.768,.022,.986,.163);es="Linear";ed="In";};};{tm=5.567;["Torso"]={tm=.0160;cf=cfr(5.37,-6.207,-.302,-.973,.229,-.024,-.23,-.973,.031,-.016,.036,.999);es="Linear";ed="In";};["Head"]={tm=.0160;cf=cfr(0,0,0,.988,.154,.026,-.151,.986,-.075,-.037,.07,.997);es="Linear";ed="In";};["Left Leg"]={tm=.0160;cf=cfr(-.072,.015,-.171,.77,-.625,-.128,.636,.736,.232,-.051,-.261,.964);es="Linear";ed="In";};["Right Arm"]={tm=.0160;cf=cfr(.145,-1.05,.162,-.446,-.613,.652,.789,.073,.609,-.421,.786,.452);es="Linear";ed="In";};["Right Leg"]={tm=.0160;cf=cfr(.733,.435,.238,.997,-.018,-.076,.027,.992,.127,.073,-.129,.989);es="Linear";ed="In";};["Left Arm"]={tm=.0160;cf=cfr(-.852,-.729,-.01,-.776,.12,-.62,-.631,-.113,.768,.022,.986,.163);es="Linear";ed="In";};};{tm=5.583;["Torso"]={tm=.0169;cf=cfr(5.13,-6.537,.638,-.787,-.613,.072,.509,-.71,-.487,.35,-.346,.87);es="Linear";ed="In";};["Head"]={tm=0;cf=cfr(0,0,0,.988,.14,-.068,-.151,.76,-.632,-.037,.635,.772);es="Linear";ed="In";};["Left Leg"]={tm=0;cf=cfr(-.309,-.005,-.043,.877,-.169,.45,.075,.973,.218,-.475,-.157,.866);es="Linear";ed="In";};["Right Arm"]={tm=0;cf=cfr(.393,-.37,.186,.534,-.841,.082,.293,.276,.916,-.793,-.465,.394);es="Linear";ed="In";};["Right Leg"]={tm=0;cf=cfr(.785,.338,-.069,.969,.124,-.215,.055,.736,.675,.242,-.666,.706);es="Linear";ed="In";};["Left Arm"]={tm=0;cf=cfr(.327,-.607,.115,.617,-.298,.728,-.697,.222,.682,-.365,-.928,-.071);es="Linear";ed="In";};};{tm=5.6;["Torso"]={tm=.0170;cf=cfr(5.152,-6.369,.633,-.787,-.613,.072,.509,-.71,-.487,.35,-.346,.87);es="Linear";ed="In";};};{tm=5.617;["Torso"]={tm=.0160;cf=cfr(5.035,-6.741,.746,-.787,-.613,.072,.509,-.71,-.487,.35,-.346,.87);es="Linear";ed="In";};};{tm=5.633;["Torso"]={tm=.0170;cf=cfr(5.182,-6.642,.443,-.787,-.613,.072,.509,-.71,-.487,.35,-.346,.87);es="Linear";ed="In";};};{tm=5.65;["Torso"]={tm=.0169;cf=cfr(5.355,-6.542,.822,-.787,-.613,.072,.509,-.71,-.487,.35,-.346,.87);es="Linear";ed="In";};};{tm=5.667;["Torso"]={tm=.0160;cf=cfr(5.289,-6.639,.612,-.787,-.613,.072,.509,-.71,-.487,.35,-.346,.87);es="Linear";ed="In";};};{tm=5.683;["Torso"]={tm=.0170;cf=cfr(5.178,-6.594,.456,-.787,-.613,.072,.509,-.71,-.487,.35,-.346,.87);es="Linear";ed="In";};};{tm=5.7;["Torso"]={tm=.0169;cf=cfr(4.943,-6.456,.668,-.787,-.613,.072,.509,-.71,-.487,.35,-.346,.87);es="Linear";ed="In";};};{tm=5.717;["Torso"]={tm=.0160;cf=cfr(4.971,-6.631,.729,-.787,-.613,.072,.509,-.71,-.487,.35,-.346,.87);es="Linear";ed="In";};};{tm=5.733;["Torso"]={tm=.0170;cf=cfr(4.947,-6.578,.473,-.787,-.613,.072,.509,-.71,-.487,.35,-.346,.87);es="Linear";ed="In";};};{tm=5.75;["Torso"]={tm=.0170;cf=cfr(5.007,-6.621,.631,-.787,-.613,.072,.509,-.71,-.487,.35,-.346,.87);es="Linear";ed="In";};};{tm=5.767;["Torso"]={tm=.0160;cf=cfr(5.175,-6.796,.661,-.787,-.613,.072,.509,-.71,-.487,.35,-.346,.87);es="Linear";ed="In";};};{tm=5.783;["Torso"]={tm=.0169;cf=cfr(5.14,-6.288,.616,-.787,-.613,.072,.509,-.71,-.487,.35,-.346,.87);es="Linear";ed="In";};};{tm=5.8;["Torso"]={tm=.0170;cf=cfr(5.234,-6.48,.557,-.787,-.613,.072,.509,-.71,-.487,.35,-.346,.87);es="Linear";ed="In";};};{tm=5.817;["Torso"]={tm=.0160;cf=cfr(4.986,-6.69,.686,-.787,-.613,.072,.509,-.71,-.487,.35,-.346,.87);es="Linear";ed="In";};};{tm=5.833;["Torso"]={tm=.0169;cf=cfr(5.065,-6.363,.589,-.787,-.613,.072,.509,-.71,-.487,.35,-.346,.87);es="Linear";ed="In";};};{tm=5.85;["Torso"]={tm=.0170;cf=cfr(5.106,-6.515,.598,-.787,-.613,.072,.509,-.71,-.487,.35,-.346,.87);es="Linear";ed="In";};};{tm=5.867;["Torso"]={tm=.0160;cf=cfr(5.143,-6.594,.789,-.787,-.613,.072,.509,-.71,-.487,.35,-.346,.87);es="Linear";ed="In";};};{tm=5.883;["Torso"]={tm=.0170;cf=cfr(4.961,-6.523,.609,-.787,-.613,.072,.509,-.71,-.487,.35,-.346,.87);es="Linear";ed="In";};};{tm=5.9;["Torso"]={tm=.0169;cf=cfr(5.24,-6.488,.715,-.787,-.613,.072,.509,-.71,-.487,.35,-.346,.87);es="Linear";ed="In";};};{tm=5.917;["Torso"]={tm=.0160;cf=cfr(5.041,-6.372,.572,-.787,-.613,.072,.509,-.71,-.487,.35,-.346,.87);es="Linear";ed="In";};};{tm=5.933;["Torso"]={tm=.0170;cf=cfr(4.908,-6.408,.5,-.787,-.613,.072,.509,-.71,-.487,.35,-.346,.87);es="Linear";ed="In";};};{tm=5.95;["Torso"]={tm=.0169;cf=cfr(5.234,-6.454,.835,-.787,-.613,.072,.509,-.71,-.487,.35,-.346,.87);es="Linear";ed="In";};};{tm=5.967;["Torso"]={tm=.0160;cf=cfr(5.256,-6.565,.425,-.787,-.613,.072,.509,-.71,-.487,.35,-.346,.87);es="Linear";ed="In";};};{tm=5.983;["Torso"]={tm=.0170;cf=cfr(5.033,-6.483,.825,-.787,-.613,.072,.509,-.71,-.487,.35,-.346,.87);es="Linear";ed="In";};};{tm=6;["Torso"]={tm=.0170;cf=cfr(5.37,-6.591,.729,-.787,-.613,.072,.509,-.71,-.487,.35,-.346,.87);es="Linear";ed="In";};};{tm=6.017;["Torso"]={tm=.0160;cf=cfr(5.156,-6.454,.506,-.787,-.613,.072,.509,-.71,-.487,.35,-.346,.87);es="Linear";ed="In";};};{tm=6.033;["Torso"]={tm=.0169;cf=cfr(5.046,-6.698,.676,-.787,-.613,.072,.509,-.71,-.487,.35,-.346,.87);es="Linear";ed="In";};};{tm=6.05;["Torso"]={tm=.0170;cf=cfr(5.138,-6.567,.767,-.787,-.613,.072,.509,-.71,-.487,.35,-.346,.87);es="Linear";ed="In";};};{tm=6.067;["Torso"]={tm=.0160;cf=cfr(5.072,-6.51,.814,-.787,-.613,.072,.509,-.71,-.487,.35,-.346,.87);es="Linear";ed="In";};};{tm=6.083;["Torso"]={tm=.0169;cf=cfr(5.244,-6.542,.518,-.787,-.613,.072,.509,-.71,-.487,.35,-.346,.87);es="Linear";ed="In";};};{tm=6.1;["Torso"]={tm=.0170;cf=cfr(5.254,-6.716,.686,-.787,-.613,.072,.509,-.71,-.487,.35,-.346,.87);es="Linear";ed="In";};};{tm=6.117;["Torso"]={tm=.0160;cf=cfr(5.241,-6.664,.701,-.787,-.613,.072,.509,-.71,-.487,.35,-.346,.87);es="Linear";ed="In";};};{tm=6.133;["Torso"]={tm=.0170;cf=cfr(5.18,-6.401,.847,-.787,-.613,.072,.509,-.71,-.487,.35,-.346,.87);es="Linear";ed="In";};};{tm=6.15;["Torso"]={tm=.0169;cf=cfr(5.102,-6.626,.67,-.787,-.613,.072,.509,-.71,-.487,.35,-.346,.87);es="Linear";ed="In";};};{tm=6.167;["Torso"]={tm=.0160;cf=cfr(5.261,-6.605,.506,-.787,-.613,.072,.509,-.71,-.487,.35,-.346,.87);es="Linear";ed="In";};};{tm=6.183;["Torso"]={tm=.0170;cf=cfr(5.289,-6.439,.646,-.787,-.613,.072,.509,-.71,-.487,.35,-.346,.87);es="Linear";ed="In";};};{tm=6.2;["Torso"]={tm=.0169;cf=cfr(5.288,-6.383,.491,-.787,-.613,.072,.509,-.71,-.487,.35,-.346,.87);es="Linear";ed="In";};};{tm=6.217;["Torso"]={tm=.0160;cf=cfr(5.128,-6.652,.524,-.787,-.613,.072,.509,-.71,-.487,.35,-.346,.87);es="Linear";ed="In";};};{tm=6.233;["Torso"]={tm=.0170;cf=cfr(5.369,-6.419,.522,-.787,-.613,.072,.509,-.71,-.487,.35,-.346,.87);es="Linear";ed="In";};};{tm=6.25;["Torso"]={tm=.0170;cf=cfr(4.915,-6.649,.732,-.787,-.613,.072,.509,-.71,-.487,.35,-.346,.87);es="Linear";ed="In";};};{tm=6.267;["Torso"]={tm=.0160;cf=cfr(4.994,-6.509,.584,-.787,-.613,.072,.509,-.71,-.487,.35,-.346,.87);es="Linear";ed="In";};};{tm=6.283;["Torso"]={tm=.0169;cf=cfr(5.327,-6.58,.655,-.787,-.613,.072,.509,-.71,-.487,.35,-.346,.87);es="Linear";ed="In";};};{tm=6.3;["Torso"]={tm=.0170;cf=cfr(5.095,-6.413,.86,-.787,-.613,.072,.509,-.71,-.487,.35,-.346,.87);es="Linear";ed="In";};};{tm=6.317;["Torso"]={tm=.0160;cf=cfr(4.951,-6.555,.47,-.787,-.613,.072,.509,-.71,-.487,.35,-.346,.87);es="Linear";ed="In";};};{tm=6.333;["Torso"]={tm=.0169;cf=cfr(5.176,-6.51,.637,-.787,-.613,.072,.509,-.71,-.487,.35,-.346,.87);es="Linear";ed="In";};};{tm=6.35;["Torso"]={tm=.0170;cf=cfr(5.053,-6.399,.745,-.787,-.613,.072,.509,-.71,-.487,.35,-.346,.87);es="Linear";ed="In";};};{tm=6.367;["Torso"]={tm=.0160;cf=cfr(5.098,-6.761,.712,-.787,-.613,.072,.509,-.71,-.487,.35,-.346,.87);es="Linear";ed="In";};};{tm=6.383;["Torso"]={tm=.0170;cf=cfr(5.202,-6.629,.731,-.787,-.613,.072,.509,-.71,-.487,.35,-.346,.87);es="Linear";ed="In";};};{tm=6.4;["Torso"]={tm=.0169;cf=cfr(5.104,-6.652,.672,-.787,-.613,.072,.509,-.71,-.487,.35,-.346,.87);es="Linear";ed="In";};};{tm=6.417;["Torso"]={tm=.0160;cf=cfr(5.066,-6.458,.63,-.787,-.613,.072,.509,-.71,-.487,.35,-.346,.87);es="Linear";ed="In";};};{tm=6.433;["Torso"]={tm=.0170;cf=cfr(5.299,-6.513,.516,-.787,-.613,.072,.509,-.71,-.487,.35,-.346,.87);es="Linear";ed="In";};};{tm=6.45;["Torso"]={tm=.0169;cf=cfr(5.206,-6.483,.576,-.787,-.613,.072,.509,-.71,-.487,.35,-.346,.87);es="Linear";ed="In";};};{tm=6.467;["Torso"]={tm=.0160;cf=cfr(5.337,-6.492,.739,-.787,-.613,.072,.509,-.71,-.487,.35,-.346,.87);es="Linear";ed="In";};};{tm=6.483;["Torso"]={tm=.0170;cf=cfr(5.233,-6.694,.675,-.787,-.613,.072,.509,-.71,-.487,.35,-.346,.87);es="Linear";ed="In";};};{tm=6.5;["Torso"]={tm=.0170;cf=cfr(5.13,-6.537,.638,-.787,-.613,.072,.509,-.71,-.487,.35,-.346,.87);es="Linear";ed="In";};};{tm=6.517;["Torso"]={tm=0;cf=cfr(5.13,-6.537,-6.912,-.787,-.613,.072,.509,-.71,-.487,.35,-.346,.87);es="Linear";ed="In";};};}