-- // converted using mech's animoduler
local cfr = CFrame.new

return {{tm=0;["Stand Torso"]={tm=.067;cf=cfr(-.812,0,-1.906,.92,0,.392,0,1,0,-.392,0,.92);es="Linear";ed="In";};["Stand Left Arm"]={tm=.167;cf=cfr(0,0,0,.912,0,-.41,0,1,0,.41,0,.912);es="Linear";ed="In";};["Stand Left Leg"]={tm=.117;cf=cfr(-.264,.076,-.113,.99,-.137,-.005,.138,.99,.034,0,-.034,.999);es="Linear";ed="In";};["Stand Right Leg"]={tm=.117;cf=cfr(.438,.079,.187,.984,.17,.042,-.175,.956,.235,0,-.239,.971);es="Linear";ed="In";};["Stand Head"]={tm=.067;cf=cfr(0,0,0,.901,.431,-.054,-.435,.894,-.112,0,.125,.992);es="Linear";ed="In";};["Stand Right Arm"]={tm=.133;cf=cfr(0,0,0,.987,0,.159,0,1,0,-.159,0,.987);es="Linear";ed="In";};};{tm=.067;["Stand Torso"]={tm=.0829;cf=cfr(-.496,-.199,-2.063,.927,.022,.374,.01,.996,-.083,-.375,.081,.924);es="Linear";ed="In";};["Stand Head"]={tm=.05;cf=cfr(0,0,0,.901,.433,-.036,-.435,.897,-.075,0,.083,.997);es="Linear";ed="In";};};{tm=.117;["Stand Left Leg"]={tm=.1659;cf=cfr(-1.038,.237,-.202,.837,-.547,-.005,.547,.836,.034,-.015,-.031,.999);es="Linear";ed="In";};["Stand Right Leg"]={tm=.0999;cf=cfr(.996,.856,-.13,.908,-.416,.042,.396,.888,.235,-.135,-.197,.971);es="Linear";ed="In";};["Stand Head"]={tm=.1500;cf=cfr(0,0,0,.985,.164,.05,-.168,.98,.105,-.032,-.111,.993);es="Linear";ed="In";};};{tm=.133;["Stand Right Arm"]={tm=.1669;cf=cfr(.369,-.26,-.004,.951,-.265,.159,.268,.963,0,-.153,.043,.987);es="Linear";ed="In";};};{tm=.15;["Stand Torso"]={tm=.033;cf=cfr(-.126,-.419,-2.245,.986,-.123,-.11,.156,.91,.384,.053,-.396,.917);es="Linear";ed="In";};};{tm=.167;["Stand Left Arm"]={tm=.066;cf=cfr(.021,-.384,.037,.824,.437,-.359,-.172,.798,.578,.539,-.415,.733);es="Linear";ed="In";};};{tm=.183;["Stand Torso"]={tm=.067;cf=cfr(.054,-.421,-2.148,.976,-.084,-.203,.153,.922,.355,.157,-.377,.913);es="Linear";ed="In";};};{tm=.217;["Stand Right Leg"]={tm=.1160;cf=cfr(.7,.236,-.001,.794,-.607,.042,.582,.778,.235,-.175,-.162,.971);es="Linear";ed="In";};};{tm=.233;["Stand Left Arm"]={tm=.1;cf=cfr(-.393,-.306,.098,.763,.537,-.359,-.27,.77,.578,.587,-.344,.733);es="Linear";ed="In";};};{tm=.25;["Stand Torso"]={tm=.0830;cf=cfr(.295,.114,-2.019,.937,-.097,-.335,.236,.883,.405,.256,-.459,.851);es="Linear";ed="In";};};{tm=.267;["Stand Head"]={tm=.1659;cf=cfr(0,0,0,.989,-.006,.147,.067,.908,-.414,-.131,.42,.898);es="Linear";ed="In";};};{tm=.283;["Stand Left Leg"]={tm=.1500;cf=cfr(-1.038,.237,-.202,.999,-.048,-.005,.048,.998,.034,.003,-.034,.999);es="Linear";ed="In";};};{tm=.3;["Stand Right Arm"]={tm=.133;cf=cfr(-.041,-.187,.21,-.103,-.982,.159,.995,-.105,0,.017,.158,.987);es="Linear";ed="In";};};{tm=.333;["Stand Torso"]={tm=.0839;cf=cfr(.506,.611,-1.906,.836,-.337,-.434,.223,.93,-.292,.502,.147,.852);es="Linear";ed="In";};["Stand Left Arm"]={tm=.1499;cf=cfr(-.256,-.51,.102,.329,.873,-.359,-.657,.485,.578,.679,.046,.733);es="Linear";ed="In";};["Stand Right Leg"]={tm=.0999;cf=cfr(.339,-.213,.082,.751,.659,.042,-.649,.724,.235,.125,-.204,.971);es="Linear";ed="In";};};{tm=.417;["Stand Torso"]={tm=.0830;cf=cfr(.493,.679,-2.185,.695,-.492,-.524,.208,.835,-.509,.688,.245,.683);es="Linear";ed="In";};};{tm=.433;["Stand Left Leg"]={tm=.067;cf=cfr(-.441,.317,-.215,.985,-.142,-.094,.162,.949,.269,.051,-.28,.959);es="Linear";ed="In";};["Stand Right Leg"]={tm=.0840;cf=cfr(.315,-.285,.066,.249,.968,.042,-.944,.233,.235,.218,-.098,.971);es="Linear";ed="In";};["Stand Head"]={tm=.067;cf=cfr(0,0,0,.769,-.631,.102,.639,.762,-.101,-.014,.143,.99);es="Linear";ed="In";};["Stand Right Arm"]={tm=.0499;cf=cfr(.11,.426,.285,-.953,.025,.302,.015,-.992,.127,.303,.125,.945);es="Linear";ed="In";};};{tm=.483;["Stand Left Arm"]={tm=.0670;cf=cfr(-.199,-.801,.203,-.495,.791,-.359,-.784,-.228,.578,.375,.567,.733);es="Linear";ed="In";};["Stand Right Arm"]={tm=.0340;cf=cfr(.226,.489,.216,-.878,.476,-.051,-.477,-.879,.022,-.034,.044,.998);es="Linear";ed="In";};};{tm=.5;["Stand Torso"]={tm=.0330;cf=cfr(.368,-.147,-2.939,.81,-.361,-.461,.343,.931,-.127,.475,-.056,.878);es="Linear";ed="In";};["Stand Left Leg"]={tm=.0999;cf=cfr(-.627,.56,-.326,.962,.258,-.094,-.225,.937,.269,.157,-.237,.959);es="Linear";ed="In";};["Stand Head"]={tm=.0330;cf=cfr(0,0,0,.85,-.426,-.31,.439,.898,-.032,.293,-.109,.95);es="Linear";ed="In";};};{tm=.517;["Stand Right Leg"]={tm=.0829;cf=cfr(.844,-.507,.336,.183,.982,-.04,-.931,.186,.314,.316,-.02,.949);es="Linear";ed="In";};["Stand Right Arm"]={tm=.0330;cf=cfr(.303,.532,.171,-.617,.722,-.314,-.701,-.685,-.198,-.358,.097,.929);es="Linear";ed="In";};};{tm=.533;["Stand Torso"]={tm=.0170;cf=cfr(.243,-.34,-3.664,.879,-.412,.242,.309,.876,.369,-.364,-.25,.897);es="Linear";ed="In";};["Stand Head"]={tm=.0170;cf=cfr(0,0,0,.836,.384,-.392,-.351,.923,.155,.422,.008,.907);es="Linear";ed="In";};};{tm=.55;["Stand Torso"]={tm=.0499;cf=cfr(-.143,-.646,-3.402,.701,-.382,.602,-.025,.831,.556,-.713,-.405,.572);es="Linear";ed="In";};["Stand Left Arm"]={tm=.0829;cf=cfr(.541,-1.11,-.203,-.116,.89,.441,-.963,-.21,.17,.244,-.405,.881);es="Linear";ed="In";};["Stand Head"]={tm=.0999;cf=cfr(0,0,0,.614,.752,-.24,-.689,.659,.301,.384,-.02,.923);es="Linear";ed="In";};["Stand Right Arm"]={tm=.0169;cf=cfr(.409,.304,.187,-.423,-.345,-.838,.814,-.551,-.184,-.398,-.76,.513);es="Linear";ed="In";};};{tm=.567;["Stand Right Arm"]={tm=.0160;cf=cfr(.435,.247,.191,-.498,-.618,-.609,.8,-.056,-.598,.335,-.785,.522);es="Linear";ed="In";};};{tm=.583;["Stand Right Arm"]={tm=.0670;cf=cfr(.461,.19,.195,-.255,-.838,-.483,.467,.33,-.82,.847,-.435,.307);es="Linear";ed="In";};};{tm=.6;["Stand Torso"]={tm=.0330;cf=cfr(-.262,-.746,-3.149,.183,-.713,.677,-.447,.552,.704,-.876,-.431,-.218);es="Linear";ed="In";};["Stand Left Leg"]={tm=.0500;cf=cfr(-.873,.126,-.208,.396,-.913,-.094,.894,.36,.269,-.212,-.19,.959);es="Linear";ed="In";};["Stand Right Leg"]={tm=.0500;cf=cfr(.602,.087,.304,.809,.57,-.145,-.495,.793,.357,.318,-.217,.923);es="Linear";ed="In";};};{tm=.633;["Stand Torso"]={tm=.0340;cf=cfr(-.184,-.846,-3.089,.165,-.645,.746,-.441,.628,.641,-.882,-.435,-.181);es="Linear";ed="In";};["Stand Left Arm"]={tm=.0839;cf=cfr(.414,-.597,-.424,.177,.739,.65,-.961,.272,-.047,-.212,-.616,.758);es="Linear";ed="In";};};{tm=.65;["Stand Left Leg"]={tm=.0829;cf=cfr(-.801,-.044,-.116,.469,-.878,-.094,.861,.431,.269,-.195,-.207,.959);es="Linear";ed="In";};["Stand Right Leg"]={tm=.0829;cf=cfr(.743,.252,.262,.728,.671,-.145,-.594,.721,.357,.343,-.173,.923);es="Linear";ed="In";};["Stand Head"]={tm=.0829;cf=cfr(0,0,0,.443,.865,-.237,-.896,.433,-.095,.02,.254,.967);es="Linear";ed="In";};["Stand Right Arm"]={tm=.0829;cf=cfr(-.384,-.464,-.067,.483,-.351,-.802,.393,.906,-.16,.783,-.238,.575);es="Linear";ed="In";};};{tm=.667;["Stand Torso"]={tm=.0499;cf=cfr(-.084,-.544,-2.985,.376,-.536,.756,-.199,.75,.631,-.905,-.387,.176);es="Linear";ed="In";};};{tm=.717;["Stand Torso"]={tm=.0660;cf=cfr(.005,-.453,-2.916,.521,-.402,.753,-.08,.855,.512,-.85,-.327,.413);es="Linear";ed="In";};["Stand Left Arm"]={tm=.0660;cf=cfr(.199,-.305,.027,.63,.151,.762,-.342,.934,.098,-.697,-.323,.64);es="Linear";ed="In";};};{tm=.733;["Stand Left Leg"]={tm=.134;cf=cfr(-.495,.197,-.137,.926,-.366,-.094,.377,.886,.269,-.015,-.284,.959);es="Linear";ed="In";};["Stand Right Leg"]={tm=.134;cf=cfr(.6,.491,.146,.982,-.079,-.173,.126,.952,.278,.143,-.295,.945);es="Linear";ed="In";};["Stand Head"]={tm=.134;cf=cfr(0,0,0,.603,.792,-.096,-.793,.583,-.175,-.083,.181,.98);es="Linear";ed="In";};["Stand Right Arm"]={tm=.134;cf=cfr(-.231,-.276,.079,.839,-.079,-.539,.169,.978,.12,.517,-.192,.834);es="Linear";ed="In";};};{tm=.783;["Stand Torso"]={tm=.0839;cf=cfr(.132,-.258,-2.814,.608,-.283,.741,.028,.941,.337,-.793,-.185,.58);es="Linear";ed="In";};["Stand Left Arm"]={tm=.0839;cf=cfr(.256,-.201,.118,.702,-.096,.706,-.028,.986,.162,-.711,-.134,.69);es="Linear";ed="In";};};{tm=.867;["Stand Torso"]={tm=0;cf=cfr(.183,-.129,-2.771,.72,-.236,.653,.121,.969,.217,-.684,-.077,.726);es="Linear";ed="In";};["Stand Left Arm"]={tm=0;cf=cfr(.612,-.232,-.105,.845,.078,.53,-.166,.979,.122,-.509,-.191,.839);es="Linear";ed="In";};["Stand Left Leg"]={tm=0;cf=cfr(-.211,.297,-.124,.981,-.17,-.094,.189,.945,.269,.043,-.281,.959);es="Linear";ed="In";};["Stand Right Leg"]={tm=0;cf=cfr(.513,.365,.152,.964,-.209,-.163,.242,.947,.213,.11,-.244,.963);es="Linear";ed="In";};["Stand Head"]={tm=0;cf=cfr(0,0,0,.865,.498,-.064,-.502,.86,-.088,.011,.108,.994);es="Linear";ed="In";};["Stand Right Arm"]={tm=0;cf=cfr(.088,-.313,-.052,.909,-.006,-.418,.084,.982,.168,.409,-.188,.893);es="Linear";ed="In";};};}