-- // converted using mech's animoduler
local cfr = CFrame.new

return {{tm=0;["Torso"]={tm=.067;cf=cfr(-.545,2.773,-1.993,.995,.014,-.102,.078,-.752,.655,-.068,-.659,-.749);es="Linear";ed="In";};["Head"]={tm=.05;cf=cfr(0,0,0,1,0,0,0,1,0,0,0,1);es="Linear";ed="In";};["Left Leg"]={tm=.133;cf=cfr(.021,.019,.04,.694,-.654,.301,.641,.752,.154,-.327,.086,.941);es="Linear";ed="In";};["Right Arm"]={tm=.133;cf=cfr(.271,.111,.591,-.379,.13,-.916,.732,.648,-.211,.566,-.75,-.341);es="Linear";ed="In";};["Right Leg"]={tm=.133;cf=cfr(.053,.005,-.006,.304,.944,-.131,-.905,.329,.269,.296,.036,.954);es="Linear";ed="In";};};{tm=.05;["Head"]={tm=.117;cf=cfr(0,0,0,.985,-.071,.16,.165,.678,-.716,-.057,.732,.679);es="Linear";ed="In";};};{tm=.067;["Torso"]={tm=.05;cf=cfr(-.544,2.105,-1.008,.995,.007,.103,.078,.607,-.791,-.068,.794,.604);es="Linear";ed="In";};};{tm=.117;["Torso"]={tm=.0999;cf=cfr(-.544,2.105,-1.008,.995,-.097,-.033,.078,.495,.865,-.068,-.863,.5);es="Linear";ed="In";};};{tm=.133;["Left Leg"]={tm=.2339;cf=cfr(.021,.019,.04,.405,-.863,.301,.873,.463,.154,-.273,.2,.941);es="Linear";ed="In";};["Right Arm"]={tm=.2339;cf=cfr(.271,.111,.591,-.379,.491,-.784,.732,.678,.071,.566,-.547,-.616);es="Linear";ed="In";};["Right Leg"]={tm=.2339;cf=cfr(.554,-.495,.066,.047,.99,-.131,-.96,.081,.269,.277,.113,.954);es="Linear";ed="In";};};{tm=.167;["Head"]={tm=.1999;cf=cfr(0,0,0,.985,-.052,.167,.165,.588,-.792,-.057,.807,.588);es="Linear";ed="In";};};{tm=.217;["Torso"]={tm=.15;cf=cfr(-.544,2.105,-1.008,.995,.09,-.049,.078,-.973,-.216,-.068,.211,-.975);es="Linear";ed="In";};};{tm=.367;["Torso"]={tm=.1000;cf=cfr(-.544,2.105,-1.008,.995,.054,.088,.078,.166,-.983,-.068,.985,.161);es="Linear";ed="In";};["Head"]={tm=.1000;cf=cfr(0,0,0,.985,-.111,.135,.165,.842,-.513,-.057,.528,.847);es="Linear";ed="In";};["Left Leg"]={tm=.1000;cf=cfr(-.077,.699,-.04,.907,-.294,.301,.258,.954,.154,-.333,-.062,.941);es="Linear";ed="In";};["Right Arm"]={tm=.1000;cf=cfr(.503,.348,.616,-.379,-.29,-.879,.732,.487,-.476,.566,-.824,.027);es="Linear";ed="In";};["Right Leg"]={tm=.1000;cf=cfr(.85,.516,-.177,.876,.464,-.131,-.419,.867,.269,.238,-.18,.954);es="Linear";ed="In";};};{tm=.467;["Torso"]={tm=.0999;cf=cfr(-.544,2.105,-1.008,.995,.021,.101,.078,.491,-.868,-.068,.871,.486);es="Linear";ed="In";};["Head"]={tm=.0999;cf=cfr(0,0,0,.985,-.118,.129,.165,.869,-.466,-.057,.48,.875);es="Linear";ed="In";};["Left Leg"]={tm=.0999;cf=cfr(-.088,.777,-.049,.931,-.208,.301,.168,.974,.154,-.325,-.093,.941);es="Linear";ed="In";};["Right Arm"]={tm=.0999;cf=cfr(.529,.375,.619,-.379,-.376,-.845,.732,.437,-.523,.566,-.817,.109);es="Linear";ed="In";};["Right Leg"]={tm=.0999;cf=cfr(.884,.632,-.205,.925,.357,-.131,-.314,.911,.269,.215,-.207,.954);es="Linear";ed="In";};};{tm=.567;["Torso"]={tm=0;cf=cfr(-.544,2.105,-1.008,.995,-.006,.103,.078,.698,-.712,-.068,.717,.694);es="Linear";ed="In";};["Head"]={tm=0;cf=cfr(0,0,0,.985,-.123,.124,.165,.887,-.43,-.057,.444,.894);es="Linear";ed="In";};["Left Leg"]={tm=0;cf=cfr(-.097,.835,-.056,.943,-.142,.301,.099,.983,.154,-.318,-.115,.941);es="Linear";ed="In";};["Right Arm"]={tm=0;cf=cfr(.549,.395,.621,-.379,-.439,-.815,.732,.397,-.554,.566,-.806,.17);es="Linear";ed="In";};["Right Leg"]={tm=0;cf=cfr(.909,.718,-.226,.953,.274,-.131,-.232,.935,.269,.196,-.226,.954);es="Linear";ed="In";};};}