-- // converted using mech's animoduler
local cfr = CFrame.new

return {{tm=0;["Torso"]={tm=.033;cf=cfr(-.162,0,.022,.976,.016,.217,.011,.993,-.121,-.217,.12,.969);es="Linear";ed="In";};["Head"]={tm=.05;cf=cfr(0,0,0,.979,.086,.186,0,.907,-.421,-.205,.412,.888);es="Linear";ed="In";};["Left Leg"]={tm=.033;cf=cfr(-.248,.131,-.025,.988,.154,-.005,-.148,.959,.243,.042,-.24,.97);es="Linear";ed="In";};["Right Arm"]={tm=.133;cf=cfr(0,0,0,.909,0,.417,0,1,0,-.417,0,.909);es="Linear";ed="In";};["Right Leg"]={tm=.033;cf=cfr(.449,.117,.019,.972,-.23,-.051,.23,.973,-.01,.052,-.002,.999);es="Linear";ed="In";};["Left Arm"]={tm=.133;cf=cfr(-.057,-.17,0,.881,.321,-.347,-.298,.947,.117,.366,0,.931);es="Linear";ed="In";};};{tm=.033;["Torso"]={tm=.05;cf=cfr(-.162,0,-.457,.89,.188,.416,.041,.875,-.482,-.454,.446,.771);es="Linear";ed="In";};["Left Leg"]={tm=.05;cf=cfr(-.174,.72,-.097,.843,.537,.044,-.471,.696,.542,.261,-.478,.839);es="Linear";ed="In";};["Right Leg"]={tm=.1;cf=cfr(.255,.01,.01,.766,-.606,-.211,.587,.795,-.154,.261,-.006,.965);es="Linear";ed="In";};};{tm=.05;["Head"]={tm=.0999;cf=cfr(0,0,0,.995,-.019,.099,.01,.996,.093,-.1,-.092,.991);es="Linear";ed="In";};};{tm=.083;["Torso"]={tm=.0669;cf=cfr(-.162,.101,-.872,.95,.161,.269,.046,.778,-.627,-.31,.607,.731);es="Linear";ed="In";};["Left Leg"]={tm=.0669;cf=cfr(.064,1.006,-.218,.631,.776,.032,-.706,.555,.44,.323,-.3,.897);es="Linear";ed="In";};};{tm=.133;["Right Arm"]={tm=.1499;cf=cfr(.327,-.278,-.279,.372,-.665,.648,.656,.682,.323,-.656,.305,.69);es="Linear";ed="In";};["Right Leg"]={tm=.0839;cf=cfr(.798,.131,-.005,.88,.472,.051,-.474,.879,.057,-.018,-.075,.997);es="Linear";ed="In";};["Left Arm"]={tm=0;cf=cfr(-.057,-.17,0,.787,.518,-.334,-.284,.785,.55,.548,-.338,.765);es="Linear";ed="In";};};{tm=.15;["Torso"]={tm=.067;cf=cfr(-.162,.151,-.632,.97,.055,.235,.059,.891,-.45,-.234,.451,.861);es="Linear";ed="In";};["Head"]={tm=.0830;cf=cfr(0,0,0,.849,.173,.499,.233,.725,-.648,-.474,.667,.576);es="Linear";ed="In";};["Left Leg"]={tm=.067;cf=cfr(-.344,.917,-.174,.787,.616,-.017,-.551,.715,.43,.277,-.33,.902);es="Linear";ed="In";};};{tm=.217;["Torso"]={tm=.1;cf=cfr(-.162,.201,-.327,.989,-.025,.144,.057,.972,-.226,-.134,.232,.963);es="Linear";ed="In";};["Left Leg"]={tm=.1;cf=cfr(-.856,.586,-.138,.989,.125,-.074,-.118,.988,.095,.085,-.086,.993);es="Linear";ed="In";};["Right Leg"]={tm=.1;cf=cfr(.574,.183,-.003,.99,.142,-.028,-.14,.988,.061,.036,-.056,.998);es="Linear";ed="In";};};{tm=.233;["Head"]={tm=.1;cf=cfr(0,0,0,.958,.087,.272,.116,.75,-.651,-.261,.655,.709);es="Linear";ed="In";};};{tm=.283;["Right Arm"]={tm=.2340;cf=cfr(-.043,-.178,.021,-.281,-.76,.586,.751,.207,.628,-.598,.617,.512);es="Linear";ed="In";};};{tm=.317;["Torso"]={tm=.0999;cf=cfr(-.162,.632,-.301,.995,-.019,.099,.007,.993,.118,-.101,-.116,.988);es="Linear";ed="In";};["Left Leg"]={tm=.0830;cf=cfr(-.818,.266,-.106,.988,-.137,-.068,.141,.988,.056,.06,-.065,.996);es="Linear";ed="In";};["Right Leg"]={tm=.0999;cf=cfr(.56,.062,-.015,.931,.365,.015,-.365,.925,.107,.025,-.105,.994);es="Linear";ed="In";};};{tm=.333;["Head"]={tm=.1169;cf=cfr(0,0,0,.996,-.075,-.044,.07,.992,-.102,.051,.099,.994);es="Linear";ed="In";};};{tm=.4;["Left Leg"]={tm=.1829;cf=cfr(-.818,.266,-.106,.95,.302,-.077,-.291,.948,.13,.112,-.101,.989);es="Linear";ed="In";};};{tm=.417;["Torso"]={tm=.1659;cf=cfr(-.163,1.093,-.247,.987,.114,.115,-.136,.969,.208,-.087,-.221,.971);es="Linear";ed="In";};["Right Leg"]={tm=.183;cf=cfr(.56,.062,-.015,.98,.199,-.022,-.197,.977,.086,.039,-.08,.996);es="Linear";ed="In";};};{tm=.45;["Head"]={tm=.1329;cf=cfr(0,0,0,.972,-.047,-.229,.085,.983,.16,.217,-.175,.96);es="Linear";ed="In";};};{tm=.517;["Right Arm"]={tm=.1159;cf=cfr(.44,-.149,.137,.082,-.971,-.224,.83,-.057,.555,-.551,-.231,.801);es="Linear";ed="In";};};{tm=.583;["Torso"]={tm=.0500;cf=cfr(-.163,1.619,-.571,.988,.138,-.068,-.093,.89,.446,.122,-.434,.892);es="Linear";ed="In";};["Head"]={tm=.0340;cf=cfr(0,0,0,.972,.012,-.233,.085,.911,.403,.217,-.411,.885);es="Linear";ed="In";};["Left Leg"]={tm=.0670;cf=cfr(-.606,.17,-.142,.811,.585,-.003,-.574,.797,.188,.112,-.151,.982);es="Linear";ed="In";};};{tm=.6;["Right Leg"]={tm=.0500;cf=cfr(.5,.092,-.009,.999,.025,-.023,-.023,.998,.058,.024,-.057,.998);es="Linear";ed="In";};};{tm=.617;["Head"]={tm=.0330;cf=cfr(0,0,0,.972,.046,-.229,.085,.844,.53,.217,-.535,.817);es="Linear";ed="In";};};{tm=.633;["Torso"]={tm=.0500;cf=cfr(.168,2.039,-2.554,.991,.127,.028,-.056,.224,.973,.117,-.966,.23);es="Linear";ed="In";};["Right Arm"]={tm=.0999;cf=cfr(.44,-.149,.137,.082,-.936,.342,.83,.254,.496,-.551,.243,.798);es="Linear";ed="In";};};{tm=.65;["Head"]={tm=.0330;cf=cfr(0,0,0,.972,-.141,-.186,.085,.957,-.279,.217,.255,.942);es="Linear";ed="In";};["Left Leg"]={tm=.0999;cf=cfr(-.478,.932,-.185,.129,.98,.151,-.969,.092,.231,.212,-.176,.961);es="Linear";ed="In";};["Right Leg"]={tm=.0669;cf=cfr(.434,.377,.007,.249,-.96,-.132,.941,.272,-.201,.229,-.074,.971);es="Linear";ed="In";};};{tm=.683;["Torso"]={tm=.0499;cf=cfr(-.163,2.181,-2.652,.991,.121,.048,-.056,.069,.996,.117,-.99,.076);es="Linear";ed="In";};["Head"]={tm=.0499;cf=cfr(0,0,0,.919,-.07,-.389,.094,.995,.045,.384,-.078,.92);es="Linear";ed="In";};};{tm=.717;["Right Leg"]={tm=.0830;cf=cfr(.37,.021,-.009,.043,-.994,-.096,.973,.063,-.222,.227,-.084,.97);es="Linear";ed="In";};};{tm=.733;["Torso"]={tm=.0670;cf=cfr(-.162,2.112,-2.377,.999,-.038,.038,-.046,-.24,.97,-.028,-.97,-.242);es="Linear";ed="In";};["Head"]={tm=.0500;cf=cfr(0,0,0,.917,-.082,-.391,.117,.991,.068,.382,-.108,.918);es="Linear";ed="In";};["Right Arm"]={tm=.1169;cf=cfr(.395,-.021,.531,.734,-.152,-.662,.498,-.541,.677,-.461,-.827,-.322);es="Linear";ed="In";};};{tm=.75;["Left Leg"]={tm=.1830;cf=cfr(-.539,.778,-.218,.242,.964,.114,-.933,.198,.299,.266,-.179,.947);es="Linear";ed="In";};};{tm=.783;["Head"]={tm=.0999;cf=cfr(0,0,0,.942,-.102,-.318,.116,.993,.024,.314,-.06,.948);es="Linear";ed="In";};};{tm=.8;["Torso"]={tm=.0829;cf=cfr(-.159,2.042,-2.447,.996,-.083,.032,-.048,-.19,.981,-.075,-.978,-.193);es="Linear";ed="In";};["Right Leg"]={tm=.1169;cf=cfr(.355,.018,-.01,.03,-.995,-.092,.976,.049,-.212,.216,-.084,.973);es="Linear";ed="In";};};{tm=.85;["Right Arm"]={tm=.0500;cf=cfr(.521,-.224,.519,.789,-.042,-.613,.551,-.391,.737,-.27,-.92,-.285);es="Linear";ed="In";};};{tm=.883;["Torso"]={tm=.0839;cf=cfr(-.165,2.261,-2.515,.999,.02,.048,-.046,-.075,.996,.023,-.997,-.074);es="Linear";ed="In";};["Head"]={tm=.0839;cf=cfr(0,0,0,.912,.137,-.386,-.088,.986,.143,.4,-.096,.911);es="Linear";ed="In";};};{tm=.9;["Right Arm"]={tm=.0330;cf=cfr(.575,-.311,.513,.802,-.025,-.597,.487,-.551,.678,-.345,-.834,-.43);es="Linear";ed="In";};};{tm=.917;["Right Leg"]={tm=.0659;cf=cfr(-.011,-.403,-.002,.156,-.971,-.181,.953,.196,-.23,.258,-.136,.956);es="Linear";ed="In";};};{tm=.933;["Left Leg"]={tm=.0999;cf=cfr(-.127,-.035,-.169,.736,.676,-.019,-.641,.706,.302,.218,-.21,.953);es="Linear";ed="In";};["Right Arm"]={tm=.0839;cf=cfr(.578,-.271,.521,.679,-.15,-.719,.589,-.473,.655,-.438,-.868,-.233);es="Linear";ed="In";};};{tm=.967;["Torso"]={tm=.1159;cf=cfr(-.163,2.254,-2.659,.999,.02,.048,-.046,-.07,.996,.023,-.997,-.069);es="Linear";ed="In";};["Head"]={tm=.0659;cf=cfr(0,0,0,.913,.14,-.384,-.154,.988,-.005,.379,.063,.923);es="Linear";ed="In";};};{tm=.983;["Right Leg"]={tm=.0670;cf=cfr(-.015,-.16,.043,.54,-.775,-.329,.777,.609,-.158,.323,-.17,.931);es="Linear";ed="In";};};{tm=1.017;["Right Arm"]={tm=.0500;cf=cfr(.583,-.171,.54,.521,-.139,-.842,.788,-.302,.537,-.329,-.943,-.048);es="Linear";ed="In";};};{tm=1.033;["Head"]={tm=.1169;cf=cfr(0,0,0,.944,.093,-.316,-.104,.994,-.016,.313,.048,.949);es="Linear";ed="In";};["Left Leg"]={tm=.1169;cf=cfr(-.419,-.07,-.036,.905,-.426,.002,.422,.897,.129,-.057,-.116,.992);es="Linear";ed="In";};};{tm=1.05;["Right Leg"]={tm=.0669;cf=cfr(.263,.018,.121,.873,.054,-.485,.007,.992,.123,.488,-.11,.866);es="Linear";ed="In";};};{tm=1.067;["Right Arm"]={tm=.0829;cf=cfr(.561,-.169,.541,.524,-.131,-.842,.788,-.302,.537,-.325,-.944,-.055);es="Linear";ed="In";};};{tm=1.083;["Torso"]={tm=.0669;cf=cfr(-.162,2.252,-2.687,.999,.022,.047,-.046,-.033,.998,.023,-.999,-.032);es="Linear";ed="In";};};{tm=1.117;["Right Leg"]={tm=.1000;cf=cfr(.263,.018,.121,.851,.311,-.424,-.221,.943,.249,.477,-.118,.871);es="Linear";ed="In";};};{tm=1.15;["Torso"]={tm=.1000;cf=cfr(-.162,2.251,-2.703,.999,.021,.048,-.046,-.061,.997,.023,-.998,-.06);es="Linear";ed="In";};["Head"]={tm=.1000;cf=cfr(0,0,0,.942,.114,-.316,-.126,.992,-.016,.311,.055,.949);es="Linear";ed="In";};["Left Leg"]={tm=.1169;cf=cfr(-.422,-.076,-.157,.929,-.361,-.073,.369,.907,.202,-.007,-.215,.977);es="Linear";ed="In";};["Right Arm"]={tm=.1000;cf=cfr(.525,-.167,.541,.497,-.197,-.845,.791,-.299,.534,-.358,-.934,.007);es="Linear";ed="In";};};{tm=1.217;["Right Leg"]={tm=.0499;cf=cfr(.263,.018,.121,.853,.298,-.428,-.209,.947,.243,.478,-.118,.871);es="Linear";ed="In";};};{tm=1.25;["Torso"]={tm=.0500;cf=cfr(-.162,2.251,-2.703,.999,.021,.048,-.046,-.094,.994,.025,-.995,-.093);es="Linear";ed="In";};["Head"]={tm=.0500;cf=cfr(0,0,0,.941,.117,-.317,-.112,.993,.034,.319,.004,.948);es="Linear";ed="In";};["Right Arm"]={tm=.0500;cf=cfr(.525,-.167,.541,.498,-.196,-.845,.807,-.253,.534,-.318,-.947,.032);es="Linear";ed="In";};};{tm=1.267;["Left Leg"]={tm=.1500;cf=cfr(-.341,-.069,-.159,.958,-.28,-.059,.286,.935,.21,-.003,-.218,.976);es="Linear";ed="In";};["Right Leg"]={tm=.1500;cf=cfr(.154,.027,.124,.87,.17,-.462,-.095,.979,.181,.483,-.113,.868);es="Linear";ed="In";};};{tm=1.3;["Torso"]={tm=.0999;cf=cfr(-.162,2.788,-2.703,.999,.021,.048,-.046,-.058,.997,.023,-.998,-.057);es="Linear";ed="In";};["Head"]={tm=.0999;cf=cfr(0,0,0,.946,.102,-.309,-.193,.94,-.28,.261,.325,.909);es="Linear";ed="In";};["Right Arm"]={tm=.0999;cf=cfr(.525,-.167,.541,.503,-.188,-.844,.836,-.142,.53,-.22,-.972,.086);es="Linear";ed="In";};};{tm=1.4;["Torso"]={tm=.0670;cf=cfr(-.162,3.546,-1.986,.999,.021,.048,-.052,.281,.958,.006,-.959,.282);es="Linear";ed="In";};["Head"]={tm=.0670;cf=cfr(0,0,0,.949,.095,-.301,-.234,.851,-.47,.211,.516,.83);es="Linear";ed="In";};["Right Arm"]={tm=.1169;cf=cfr(.285,-.237,.543,.46,.253,-.851,.835,.202,.512,.301,-.946,-.118);es="Linear";ed="In";};};{tm=1.417;["Left Leg"]={tm=.0999;cf=cfr(.177,.024,-.198,.994,.104,.02,-.106,.964,.245,.007,-.246,.969);es="Linear";ed="In";};["Right Leg"]={tm=.0999;cf=cfr(-.279,-.157,.149,.871,-.009,-.491,.057,.995,.083,.488,-.1,.867);es="Linear";ed="In";};};{tm=1.467;["Torso"]={tm=.0659;cf=cfr(-.059,4.169,-.82,.978,.201,-.049,-.101,.673,.733,.181,-.712,.678);es="Linear";ed="In";};["Head"]={tm=.0829;cf=cfr(0,0,0,.953,.129,-.273,-.289,.651,-.702,.087,.748,.658);es="Linear";ed="In";};};{tm=1.517;["Left Leg"]={tm=.1000;cf=cfr(-.299,-.017,.15,.675,-.592,.439,.645,.763,.038,-.358,.257,.898);es="Linear";ed="In";};["Right Arm"]={tm=.0660;cf=cfr(.285,-.237,.543,.09,-.58,-.809,.968,.242,-.066,.234,-.778,.583);es="Linear";ed="In";};["Right Leg"]={tm=.1000;cf=cfr(-.226,.246,.032,.838,.24,-.49,-.094,.948,.305,.538,-.209,.817);es="Linear";ed="In";};};{tm=1.533;["Torso"]={tm=.0500;cf=cfr(.235,3.359,-.381,.835,.495,-.239,-.062,.517,.854,.546,-.699,.462);es="Linear";ed="In";};};{tm=1.55;["Head"]={tm=.0329;cf=cfr(0,0,0,.948,.082,-.308,-.209,.89,-.406,.241,.449,.86);es="Linear";ed="In";};};{tm=1.583;["Torso"]={tm=.0170;cf=cfr(-.003,2.769,-.475,.98,.192,-.056,.031,.129,.991,.198,-.973,.121);es="Linear";ed="In";};["Head"]={tm=.0340;cf=cfr(0,0,0,.914,.005,-.405,-.045,.995,-.089,.402,.1,.91);es="Linear";ed="In";};["Right Arm"]={tm=.0840;cf=cfr(.285,-.238,.543,-.265,.408,-.874,.923,.369,-.108,.278,-.835,-.474);es="Linear";ed="In";};};{tm=1.6;["Torso"]={tm=.0169;cf=cfr(-.243,2.552,-.191,.978,.201,-.063,.12,-.283,.952,.173,-.938,-.3);es="Linear";ed="In";};};{tm=1.617;["Torso"]={tm=.0329;cf=cfr(-.483,2.831,-1.467,.975,.211,-.067,.166,-.499,.851,.146,-.841,-.521);es="Linear";ed="In";};["Head"]={tm=.0329;cf=cfr(0,0,0,.994,-.057,.093,.089,.912,-.4,-.062,.406,.912);es="Linear";ed="In";};["Left Leg"]={tm=.0500;cf=cfr(-.299,-.017,.15,.641,-.633,.434,.683,.728,.052,-.349,.263,.899);es="Linear";ed="In";};["Right Leg"]={tm=.0500;cf=cfr(-.226,.246,.032,.688,.665,-.29,-.421,.692,.587,.591,-.281,.756);es="Linear";ed="In";};};{tm=1.65;["Torso"]={tm=.0500;cf=cfr(-.657,2.892,-1.979,.97,.233,-.067,.223,-.753,.619,.094,-.616,-.782);es="Linear";ed="In";};["Head"]={tm=.0830;cf=cfr(0,0,0,.988,.02,.153,.098,.685,-.722,-.119,.728,.675);es="Linear";ed="In";};};{tm=1.667;["Left Leg"]={tm=.0829;cf=cfr(-.43,.136,.191,.796,.492,.352,-.502,.862,-.071,-.338,-.12,.933);es="Linear";ed="In";};["Right Arm"]={tm=.1159;cf=cfr(.191,-.264,.15,.761,-.605,-.232,.641,.756,.131,.096,-.249,.964);es="Linear";ed="In";};["Right Leg"]={tm=.0829;cf=cfr(.334,.184,-.091,.896,-.376,-.235,.43,.867,.251,.109,-.326,.939);es="Linear";ed="In";};};{tm=1.7;["Torso"]={tm=.0669;cf=cfr(-.657,2.794,-1.979,.97,.233,-.067,.234,-.834,.5,.061,-.501,-.864);es="Linear";ed="In";};};{tm=1.733;["Head"]={tm=.0999;cf=cfr(0,0,0,.978,.107,.178,.126,.376,-.918,-.165,.92,.354);es="Linear";ed="In";};};{tm=1.75;["Left Leg"]={tm=.133;cf=cfr(-.647,.238,.241,.886,.304,.349,-.31,.95,-.04,-.344,-.073,.936);es="Linear";ed="In";};["Right Leg"]={tm=.133;cf=cfr(.683,.356,-.177,.794,-.548,-.263,.595,.788,.155,.122,-.279,.952);es="Linear";ed="In";};};{tm=1.767;["Torso"]={tm=.0500;cf=cfr(-.657,2.733,-2.049,.977,.199,-.075,.211,-.858,.469,.029,-.474,-.88);es="Linear";ed="In";};};{tm=1.783;["Right Arm"]={tm=.1169;cf=cfr(.801,-.283,.072,.7,-.685,.201,.707,.626,-.33,.1,.373,.922);es="Linear";ed="In";};};{tm=1.817;["Torso"]={tm=.0500;cf=cfr(-.657,2.74,-2.155,.985,.148,-.084,.169,-.819,.549,.012,-.555,-.832);es="Linear";ed="In";};};{tm=1.833;["Head"]={tm=.1340;cf=cfr(0,0,0,.98,.081,.182,.113,.527,-.843,-.164,.846,.507);es="Linear";ed="In";};};{tm=1.867;["Torso"]={tm=.0660;cf=cfr(-.657,2.648,-2.27,.99,.114,-.086,.142,-.742,.656,.011,-.661,-.75);es="Linear";ed="In";};};{tm=1.883;["Left Leg"]={tm=.0669;cf=cfr(-.108,-.036,.102,.656,.67,.348,-.677,.726,-.122,-.334,-.156,.93);es="Linear";ed="In";};["Right Leg"]={tm=.0669;cf=cfr(.083,.051,-.022,.636,-.723,-.27,.762,.644,.068,.125,-.248,.961);es="Linear";ed="In";};};{tm=1.9;["Right Arm"]={tm=.2000;cf=cfr(.204,.085,.18,.27,-.886,.377,.956,.202,-.211,.11,.418,.902);es="Linear";ed="In";};};{tm=1.933;["Torso"]={tm=.0669;cf=cfr(-.657,2.458,-2.43,.994,.081,-.079,.112,-.593,.797,.018,-.801,-.599);es="Linear";ed="In";};};{tm=1.95;["Left Leg"]={tm=.0669;cf=cfr(.329,-.36,.023,.626,.691,.36,-.706,.699,-.113,-.33,-.184,.926);es="Linear";ed="In";};["Right Leg"]={tm=.0669;cf=cfr(-.438,-.237,.045,.561,-.788,-.253,.817,.576,.018,.131,-.217,.967);es="Linear";ed="In";};};{tm=1.967;["Head"]={tm=.1000;cf=cfr(0,0,0,.918,-.219,.329,.394,.574,-.718,-.032,.789,.613);es="Linear";ed="In";};};{tm=2;["Torso"]={tm=.0670;cf=cfr(-.657,2.362,-2.621,.997,.035,-.064,.071,-.317,.946,.013,-.948,-.319);es="Linear";ed="In";};};{tm=2.017;["Left Leg"]={tm=.0830;cf=cfr(-.279,-.027,.071,.835,.41,.367,-.445,.896,.011,-.324,-.172,.93);es="Linear";ed="In";};["Right Leg"]={tm=.0830;cf=cfr(.212,.057,-.018,.802,-.547,-.243,.583,.805,.112,.134,-.231,.964);es="Linear";ed="In";};};{tm=2.067;["Torso"]={tm=.0499;cf=cfr(-.657,2.358,-2.843,1,-.018,-.025,.026,.102,.994,-.016,-.995,.102);es="Linear";ed="In";};["Head"]={tm=.0829;cf=cfr(0,0,0,.852,-.363,.376,.417,.907,-.068,-.316,.215,.924);es="Linear";ed="In";};};{tm=2.1;["Left Leg"]={tm=.133;cf=cfr(-.387,-.022,.053,.948,-.146,.282,.087,.974,.21,-.305,-.174,.936);es="Linear";ed="In";};["Right Arm"]={tm=.1000;cf=cfr(.384,.103,.519,-.47,-.085,-.879,.883,-.024,-.469,.018,-.996,.086);es="Linear";ed="In";};["Right Leg"]={tm=.133;cf=cfr(.292,.061,-.016,.988,.018,-.155,.019,.972,.234,.155,-.234,.96);es="Linear";ed="In";};};{tm=2.117;["Torso"]={tm=.0659;cf=cfr(-.657,2.406,-2.749,.999,.017,-.027,.027,.019,.999,.018,-1,.019);es="Linear";ed="In";};};{tm=2.15;["Head"]={tm=.0830;cf=cfr(0,0,0,.846,-.368,.385,.35,.929,.119,-.402,.034,.915);es="Linear";ed="In";};};{tm=2.183;["Torso"]={tm=.0500;cf=cfr(-.657,2.438,-2.686,.999,.038,-.025,.028,-.061,.998,.037,-.997,-.062);es="Linear";ed="In";};};{tm=2.2;["Right Arm"]={tm=.1169;cf=cfr(.495,.094,.52,-.469,.034,-.882,.883,.008,-.469,-.01,-.999,-.034);es="Linear";ed="In";};};{tm=2.233;["Torso"]={tm=.0840;cf=cfr(-.657,2.438,-2.686,.999,.034,-.023,.026,-.099,.995,.032,-.995,-.1);es="Linear";ed="In";};["Head"]={tm=.0840;cf=cfr(0,0,0,.918,-.166,.359,.192,.981,-.038,-.346,.104,.932);es="Linear";ed="In";};["Left Leg"]={tm=.0840;cf=cfr(.021,.019,.04,.941,-.206,.267,.147,.963,.225,-.303,-.172,.937);es="Linear";ed="In";};["Right Leg"]={tm=.0840;cf=cfr(.053,.005,-.006,.971,.212,-.109,-.177,.947,.268,.16,-.241,.957);es="Linear";ed="In";};};{tm=2.317;["Torso"]={tm=.0160;cf=cfr(-.657,2.438,-2.686,.991,-.137,-.013,0,-.095,.995,-.137,-.986,-.094);es="Linear";ed="In";};["Head"]={tm=.0659;cf=cfr(0,0,0,.972,-.163,.17,.18,.98,-.091,-.151,.118,.981);es="Linear";ed="In";};["Left Leg"]={tm=.0999;cf=cfr(.021,.019,.04,.953,-.04,.301,-.007,.988,.154,-.304,-.149,.941);es="Linear";ed="In";};["Right Arm"]={tm=.0160;cf=cfr(.366,.107,.597,-.453,.257,-.854,.881,-.014,-.472,-.133,-.966,-.22);es="Linear";ed="In";};["Right Leg"]={tm=.0999;cf=cfr(.053,.005,-.006,.982,.134,-.13,-.095,.959,.269,.161,-.251,.954);es="Linear";ed="In";};};{tm=2.333;["Torso"]={tm=.0499;cf=cfr(-.659,2.44,-2.707,.997,-.083,.007,-.003,.049,.999,-.083,-.995,.048);es="Linear";ed="In";};["Right Arm"]={tm=.0999;cf=cfr(.366,.107,.597,-.453,-.145,-.88,.881,-.22,-.418,-.133,-.965,.227);es="Linear";ed="In";};};{tm=2.383;["Torso"]={tm=.0339;cf=cfr(-.591,2.438,-2.609,.998,-.05,-.048,.056,.183,.981,-.041,-.982,.186);es="Linear";ed="In";};["Head"]={tm=.1339;cf=cfr(0,0,0,.972,-.089,.217,.18,.879,-.442,-.151,.468,.87);es="Linear";ed="In";};};{tm=2.417;["Torso"]={tm=.0500;cf=cfr(-.593,2.444,-2.671,.998,-.045,-.048,.056,.218,.974,-.034,-.975,.22);es="Linear";ed="In";};["Left Leg"]={tm=.0830;cf=cfr(.021,.019,.04,.659,.689,.301,-.747,.647,.154,-.089,-.327,.941);es="Linear";ed="In";};["Right Leg"]={tm=.0830;cf=cfr(.053,.005,-.006,.809,-.573,-.13,.585,.765,.269,-.054,-.293,.954);es="Linear";ed="In";};};{tm=2.433;["Right Arm"]={tm=.2170;cf=cfr(.342,.102,.596,-.453,-.368,-.812,.881,-.321,-.346,-.133,-.873,.47);es="Linear";ed="In";};};{tm=2.467;["Torso"]={tm=.0329;cf=cfr(-.592,2.435,-2.659,.998,-.029,-.054,.057,.116,.992,-.022,-.993,.117);es="Linear";ed="In";};};{tm=2.5;["Torso"]={tm=.1000;cf=cfr(-.556,2.406,-2.72,.99,-.072,-.122,.133,.19,.973,-.047,-.979,.198);es="Linear";ed="In";};["Left Leg"]={tm=.1499;cf=cfr(.021,.019,.04,.632,.714,.301,-.772,.617,.154,-.076,-.33,.941);es="Linear";ed="In";};["Right Leg"]={tm=.1499;cf=cfr(.053,.005,-.006,.762,-.635,-.13,.643,.717,.269,-.077,-.288,.954);es="Linear";ed="In";};};{tm=2.517;["Head"]={tm=.3000;cf=cfr(0,0,0,.972,-.072,.224,.18,.84,-.511,-.151,.537,.83);es="Linear";ed="In";};};{tm=2.6;["Torso"]={tm=.0669;cf=cfr(-.55,2.388,-2.69,.996,-.063,-.065,.071,.111,.991,-.055,-.992,.115);es="Linear";ed="In";};};{tm=2.65;["Left Leg"]={tm=.2330;cf=cfr(.021,.019,.04,.693,.655,.301,-.713,.684,.154,-.105,-.322,.941);es="Linear";ed="In";};["Right Arm"]={tm=.0830;cf=cfr(.39,.11,.599,-.453,-.396,-.799,.881,-.333,-.335,-.133,-.856,.5);es="Linear";ed="In";};["Right Leg"]={tm=.2330;cf=cfr(.053,.005,-.006,.838,-.529,-.13,.544,.795,.269,-.039,-.296,.954);es="Linear";ed="In";};};{tm=2.667;["Torso"]={tm=.0500;cf=cfr(-.543,2.364,-2.682,.997,-.065,-.051,.048,-.04,.998,-.067,-.997,-.037);es="Linear";ed="In";};};{tm=2.717;["Torso"]={tm=.133;cf=cfr(-.544,2.364,-2.686,.996,-.068,-.057,.056,-.004,.998,-.068,-.998,-.001);es="Linear";ed="In";};};{tm=2.733;["Right Arm"]={tm=.1339;cf=cfr(.271,.111,.591,-.453,-.012,-.891,.881,-.156,-.446,-.133,-.988,.082);es="Linear";ed="In";};};{tm=2.817;["Head"]={tm=.383;cf=cfr(0,0,0,.985,-.154,.083,.165,.974,-.157,-.057,.168,.984);es="Linear";ed="In";};};{tm=2.85;["Torso"]={tm=.1669;cf=cfr(-.544,2.364,-2.696,.995,-.065,-.08,.078,-.032,.996,-.068,-.997,-.027);es="Linear";ed="In";};};{tm=2.867;["Right Arm"]={tm=.3330;cf=cfr(.271,.111,.591,-.453,.077,-.888,.881,-.11,-.459,-.133,-.991,-.018);es="Linear";ed="In";};};{tm=2.883;["Left Leg"]={tm=.3170;cf=cfr(.021,.019,.04,.953,-.022,.301,-.026,.988,.154,-.301,-.155,.941);es="Linear";ed="In";};["Right Leg"]={tm=.3170;cf=cfr(.053,.005,-.006,.98,.148,-.13,-.109,.957,.269,.164,-.249,.954);es="Linear";ed="In";};};{tm=3.017;["Torso"]={tm=.1830;cf=cfr(-.544,2.364,-2.696,.995,-.065,-.08,.078,-.037,.996,-.068,-.997,-.032);es="Linear";ed="In";};};{tm=3.2;["Torso"]={tm=0;cf=cfr(-.544,2.364,-2.696,.995,-.067,-.078,.078,-.007,.997,-.068,-.998,-.002);es="Linear";ed="In";};["Head"]={tm=0;cf=cfr(0,0,0,.985,-.152,.087,.165,.969,-.181,-.057,.193,.98);es="Linear";ed="In";};["Left Leg"]={tm=0;cf=cfr(.021,.019,.04,.954,0,.301,-.048,.987,.154,-.297,-.162,.941);es="Linear";ed="In";};["Right Arm"]={tm=0;cf=cfr(.271,.111,.591,-.453,.065,-.889,.881,-.117,-.458,-.133,-.991,-.004);es="Linear";ed="In";};["Right Leg"]={tm=0;cf=cfr(.053,.005,-.006,.988,.084,-.131,-.047,.962,.269,.148,-.259,.954);es="Linear";ed="In";};};}