-- // converted using mech's animoduler
local cfr = CFrame.new

return {{tm=0;["Stand Torso"]={tm=.033;cf=cfr(-.183,-.679,-3.317,.539,-.491,.684,-.15,.743,.652,-.829,-.454,.327);es="Linear";ed="In";};["Stand Right Leg"]={tm=.033;cf=cfr(.699,-.151,.317,.6,.794,-.099,-.726,.592,.35,.336,-.138,.932);es="Linear";ed="In";};["Stand Left Leg"]={tm=.033;cf=cfr(-.791,.271,-.247,.77,-.632,-.094,.63,.728,.269,-.101,-.266,.959);es="Linear";ed="In";};["Stand Head"]={tm=.183;cf=cfr(0,0,0,.613,.749,-.252,-.691,.663,.29,.384,-.003,.923);es="Linear";ed="In";};["Stand Left Arm"]={tm=.25;cf=cfr(.529,-1.093,-.204,-.106,.897,.429,-.965,-.198,.174,.241,-.395,.886);es="Linear";ed="In";};["Stand Right Arm"]={tm=.017;cf=cfr(.435,.247,.191,-.498,-.618,-.609,.8,-.056,-.598,.335,-.785,.522);es="Linear";ed="In";};};{tm=.017;["Stand Right Arm"]={tm=.25;cf=cfr(.461,.19,.195,-.255,-.838,-.483,.467,.33,-.82,.847,-.435,.307);es="Linear";ed="In";};};{tm=.033;["Stand Torso"]={tm=.084;cf=cfr(-.262,-.746,-3.149,.183,-.713,.677,-.447,.552,.704,-.876,-.431,-.218);es="Linear";ed="In";};["Stand Right Leg"]={tm=.184;cf=cfr(.602,.087,.304,.809,.57,-.145,-.495,.793,.357,.318,-.217,.923);es="Linear";ed="In";};["Stand Left Leg"]={tm=.184;cf=cfr(-.873,.126,-.208,.396,-.913,-.094,.894,.36,.269,-.212,-.19,.959);es="Linear";ed="In";};};{tm=.117;["Stand Torso"]={tm=.0659;cf=cfr(-.262,-.911,-3.149,-.32,-.927,.197,-.749,.375,.547,-.581,.028,-.814);es="Linear";ed="In";};};{tm=.183;["Stand Torso"]={tm=.1500;cf=cfr(-.262,-1.044,-3.149,-.48,-.877,.037,-.751,.432,.5,-.455,.212,-.865);es="Linear";ed="In";};["Stand Head"]={tm=.134;cf=cfr(0,0,0,.597,.704,-.385,-.707,.688,.163,.38,.175,.908);es="Linear";ed="In";};};{tm=.217;["Stand Right Leg"]={tm=.166;cf=cfr(.602,.087,.304,.401,.905,-.145,-.832,.426,.357,.384,-.023,.923);es="Linear";ed="In";};["Stand Left Leg"]={tm=.25;cf=cfr(-.873,.126,-.208,.985,.143,-.094,-.114,.957,.269,.128,-.254,.959);es="Linear";ed="In";};};{tm=.25;["Stand Left Arm"]={tm=.25;cf=cfr(.343,-.839,-.23,.047,.971,.236,-.978,-.004,.209,.204,-.241,.949);es="Linear";ed="In";};};{tm=.267;["Stand Right Arm"]={tm=.183;cf=cfr(-.704,-.633,.018,.034,-.999,.034,.705,.048,.707,-.708,0,.706);es="Linear";ed="In";};};{tm=.317;["Stand Head"]={tm=.0999;cf=cfr(0,0,0,.605,-.763,-.229,.775,.498,.389,-.183,-.413,.892);es="Linear";ed="In";};};{tm=.333;["Stand Torso"]={tm=.0999;cf=cfr(-.65,1.05,-3.993,-.58,-.159,-.799,.339,.844,-.415,.741,-.512,-.436);es="Linear";ed="In";};};{tm=.383;["Stand Right Leg"]={tm=.1999;cf=cfr(.125,.071,.43,.863,-.484,-.145,.501,.788,.357,-.058,-.38,.923);es="Linear";ed="In";};};{tm=.417;["Stand Head"]={tm=.0830;cf=cfr(0,0,0,.676,-.737,.023,.717,.664,.212,-.172,-.127,.977);es="Linear";ed="In";};};{tm=.433;["Stand Torso"]={tm=.067;cf=cfr(-.94,1.623,-4.944,.406,-.093,-.909,.671,.706,.227,.621,-.702,.349);es="Linear";ed="In";};};{tm=.45;["Stand Right Arm"]={tm=.1329;cf=cfr(-.919,-.082,-.639,-.104,.001,-.995,.637,-.768,-.067,-.764,-.64,.079);es="Linear";ed="In";};};{tm=.467;["Stand Left Leg"]={tm=.1499;cf=cfr(-.435,.112,-.324,.874,.477,-.094,-.44,.857,.269,.209,-.193,.959);es="Linear";ed="In";};};{tm=.5;["Stand Torso"]={tm=.0500;cf=cfr(-.984,2.194,-5.879,.837,-.137,-.53,.522,.487,.7,.163,-.862,.479);es="Linear";ed="In";};["Stand Head"]={tm=.0500;cf=cfr(0,0,0,.979,-.2,.023,.191,.958,.212,-.065,-.204,.977);es="Linear";ed="In";};["Stand Left Arm"]={tm=.0829;cf=cfr(-.517,-.638,-.274,-.526,.667,-.527,-.703,.007,.711,.478,.745,.465);es="Linear";ed="In";};};{tm=.55;["Stand Torso"]={tm=.0329;cf=cfr(-.926,2.248,-7.316,.967,-.006,-.256,.256,-.031,.966,-.013,-1,-.029);es="Linear";ed="In";};["Stand Head"]={tm=.0329;cf=cfr(0,0,0,.994,.098,.036,-.105,.934,.341,-.001,-.343,.94);es="Linear";ed="In";};};{tm=.583;["Stand Torso"]={tm=.0170;cf=cfr(-.754,1.607,-8.274,.918,.303,.257,-.261,-.028,.965,.3,-.953,.053);es="Linear";ed="In";};["Stand Right Leg"]={tm=.1169;cf=cfr(.136,-.027,.189,.795,.605,.043,-.548,.686,.478,.259,-.403,.877);es="Linear";ed="In";};["Stand Head"]={tm=.1169;cf=cfr(0,0,0,.975,.221,.036,-.22,.914,.341,.042,-.34,.94);es="Linear";ed="In";};["Stand Left Arm"]={tm=.0670;cf=cfr(.475,-.579,-.174,.027,.955,-.296,-.998,.045,.053,.064,.294,.954);es="Linear";ed="In";};["Stand Right Arm"]={tm=.0170;cf=cfr(.433,-.006,.13,-.104,-.989,.105,.637,.015,.771,-.764,.147,.628);es="Linear";ed="In";};};{tm=.6;["Stand Torso"]={tm=.0500;cf=cfr(-.754,.999,-8.544,.774,.203,.601,-.548,-.261,.794,.318,-.944,-.091);es="Linear";ed="In";};["Stand Right Arm"]={tm=.0170;cf=cfr(.766,-.039,-.063,-.104,-.635,-.765,.637,-.634,.44,-.764,-.442,.47);es="Linear";ed="In";};};{tm=.617;["Stand Left Leg"]={tm=.133;cf=cfr(-.428,.326,-.371,.963,.231,-.137,-.186,.942,.279,.194,-.243,.95);es="Linear";ed="In";};["Stand Right Arm"]={tm=.0330;cf=cfr(.792,.169,.251,-.069,-.627,-.776,.669,-.606,.43,-.74,-.489,.461);es="Linear";ed="In";};};{tm=.65;["Slam"]="Slam";["Stand Torso"]={tm=.0829;cf=cfr(-.754,.263,-8.814,.449,.063,.891,-.823,-.36,.44,.348,-.931,-.11);es="Linear";ed="In";};["Stand Left Arm"]={tm=.1500;cf=cfr(.445,-.508,-.317,.171,.85,.498,-.844,.388,-.372,-.509,-.356,.784);es="Linear";ed="In";};["Stand Right Arm"]={tm=.0829;cf=cfr(-.144,.155,-.056,-.002,-.605,-.796,.729,-.546,.413,-.685,-.579,.442);es="Linear";ed="In";};};{tm=.7;["Stand Right Leg"]={tm=.0830;cf=cfr(.769,.438,-.007,.91,.415,-.016,-.367,.82,.439,.196,-.393,.898);es="Linear";ed="In";};["Stand Head"]={tm=.133;cf=cfr(0,0,0,.63,.776,-.04,-.738,.613,.282,.243,-.148,.959);es="Linear";ed="In";};};{tm=.733;["Stand Torso"]={tm=.0500;cf=cfr(-.754,-.26,-9.415,.438,.115,.891,-.774,-.455,.44,.457,-.883,-.11);es="Linear";ed="In";};["Stand Right Arm"]={tm=.0500;cf=cfr(-.483,-.049,-.324,.113,-.69,-.715,.819,-.342,.46,-.562,-.638,.526);es="Linear";ed="In";};};{tm=.75;["Stand Left Leg"]={tm=.0669;cf=cfr(-.708,.763,-.386,.837,-.501,-.22,.545,.8,.25,.051,-.329,.943);es="Linear";ed="In";};};{tm=.783;["Stand Torso"]={tm=.0999;cf=cfr(-.774,.206,-9.614,.489,.091,.868,-.735,-.493,.466,.47,-.865,-.174);es="Linear";ed="In";};["Stand Right Leg"]={tm=.1169;cf=cfr(.5,.399,.019,.988,-.15,-.04,.154,.903,.402,-.024,-.403,.915);es="Linear";ed="In";};["Stand Right Arm"]={tm=.0999;cf=cfr(-.141,.137,-.028,.202,-.57,-.796,.87,-.268,.413,-.449,-.777,.442);es="Linear";ed="In";};};{tm=.8;["Stand Left Arm"]={tm=.1999;cf=cfr(.476,-.349,-.236,.28,.7,.657,-.765,.576,-.287,-.58,-.423,.697);es="Linear";ed="In";};};{tm=.817;["Stand Left Leg"]={tm=.1500;cf=cfr(-.681,.725,-.358,.825,-.5,-.264,.564,.76,.323,.039,-.415,.909);es="Linear";ed="In";};};{tm=.833;["Stand Head"]={tm=.2170;cf=cfr(0,0,0,.63,.759,-.168,-.738,.651,.176,.243,.013,.97);es="Linear";ed="In";};};{tm=.883;["Stand Torso"]={tm=.0669;cf=cfr(-.801,.407,-9.419,.552,.053,.832,-.773,-.342,.534,.313,-.938,-.148);es="Linear";ed="In";};["Stand Right Arm"]={tm=.0669;cf=cfr(-.027,.244,.148,.207,-.712,-.671,.866,-.185,.464,-.455,-.677,.578);es="Linear";ed="In";};};{tm=.9;["Stand Right Leg"]={tm=.0499;cf=cfr(.374,.275,.077,.926,-.375,-.042,.362,.853,.376,-.105,-.363,.926);es="Linear";ed="In";};};{tm=.95;["Stand Torso"]={tm=.0829;cf=cfr(-.801,.373,-9.368,.552,.053,.832,-.807,-.219,.549,.211,-.974,-.078);es="Linear";ed="In";};["Stand Right Leg"]={tm=.133;cf=cfr(.4,.199,.109,.955,-.293,-.042,.287,.881,.376,-.073,-.371,.926);es="Linear";ed="In";};["Stand Right Arm"]={tm=.0829;cf=cfr(-.027,.244,.148,.338,-.66,-.671,.886,-.019,.464,-.319,-.751,.578);es="Linear";ed="In";};};{tm=.967;["Stand Left Leg"]={tm=.0830;cf=cfr(-.709,.643,-.33,.839,-.441,-.318,.541,.735,.409,.053,-.515,.856);es="Linear";ed="In";};};{tm=1;["Stand Left Arm"]={tm=.2330;cf=cfr(.476,-.349,-.236,-.049,.901,.431,-.884,.162,-.439,-.466,-.402,.788);es="Linear";ed="In";};};{tm=1.033;["Stand Torso"]={tm=.0670;cf=cfr(-.801,.331,-9.303,.552,.053,.832,-.8,-.248,.546,.235,-.967,-.095);es="Linear";ed="In";};["Stand Right Arm"]={tm=.0670;cf=cfr(-.027,.244,.148,.304,-.676,-.671,.884,-.063,.464,-.356,-.734,.578);es="Linear";ed="In";};};{tm=1.05;["Stand Left Leg"]={tm=.0829;cf=cfr(-.786,.6,-.338,.87,-.376,-.318,.484,.774,.409,.092,-.509,.856);es="Linear";ed="In";};["Stand Head"]={tm=.1830;cf=cfr(0,0,0,.478,.871,.111,-.876,.465,.129,.061,-.159,.985);es="Linear";ed="In";};};{tm=1.083;["Stand Right Leg"]={tm=.0340;cf=cfr(.502,.191,.117,.972,-.229,-.042,.228,.898,.376,-.048,-.375,.926);es="Linear";ed="In";};};{tm=1.1;["Stand Torso"]={tm=.133;cf=cfr(-.801,.354,-9.327,.542,.032,.84,-.801,-.282,.528,.254,-.959,-.127);es="Linear";ed="In";};["Stand Right Arm"]={tm=.133;cf=cfr(.063,.241,.09,.296,-.607,-.738,.883,-.121,.454,-.364,-.786,.5);es="Linear";ed="In";};};{tm=1.117;["Stand Right Leg"]={tm=.0500;cf=cfr(.532,.219,.107,.971,-.237,-.042,.235,.896,.376,-.051,-.375,.926);es="Linear";ed="In";};};{tm=1.133;["Stand Left Leg"]={tm=.1000;cf=cfr(-.848,.559,-.341,.888,-.333,-.318,.445,.797,.409,.117,-.504,.856);es="Linear";ed="In";};};{tm=1.167;["Stand Right Leg"]={tm=.0660;cf=cfr(.54,.263,.09,.958,-.284,-.042,.279,.884,.376,-.069,-.372,.926);es="Linear";ed="In";};};{tm=1.233;["Stand Torso"]={tm=.0499;cf=cfr(-.801,.404,-9.388,.52,-.021,.854,-.82,-.29,.493,.238,-.957,-.168);es="Linear";ed="In";};["Stand Right Leg"]={tm=.1499;cf=cfr(.527,.324,.064,.928,-.369,-.042,.357,.855,.376,-.103,-.364,.926);es="Linear";ed="In";};["Stand Left Leg"]={tm=.1499;cf=cfr(-.923,.51,-.346,.835,-.449,-.318,.548,.73,.409,.049,-.515,.856);es="Linear";ed="In";};["Stand Head"]={tm=.1839;cf=cfr(0,0,0,.478,.877,.039,-.876,.474,.09,.061,-.077,.995);es="Linear";ed="In";};["Stand Left Arm"]={tm=.0499;cf=cfr(.476,-.349,-.236,-.049,.867,.495,-.884,.193,-.426,-.466,-.459,.757);es="Linear";ed="In";};["Stand Right Arm"]={tm=.0499;cf=cfr(.091,.247,.076,.338,-.545,-.767,.886,-.091,.455,-.318,-.833,.452);es="Linear";ed="In";};};{tm=1.283;["Stand Torso"]={tm=.1340;cf=cfr(-1.068,.32,-9.556,.531,.039,.846,-.842,-.081,.533,.089,-.996,-.01);es="Linear";ed="In";};["Stand Left Arm"]={tm=.1340;cf=cfr(.375,-.354,-.173,.388,.63,.673,-.583,.733,-.349,-.713,-.257,.652);es="Linear";ed="In";};["Stand Right Arm"]={tm=.1000;cf=cfr(.048,.241,.009,.338,-.639,-.691,.886,-.032,.463,-.318,-.768,.555);es="Linear";ed="In";};};{tm=1.383;["Stand Right Leg"]={tm=.3340;cf=cfr(.293,.403,.024,.896,-.443,-.042,.425,.824,.376,-.131,-.355,.926);es="Linear";ed="In";};["Stand Left Leg"]={tm=.1499;cf=cfr(-.812,.548,-.327,.947,.047,-.318,.092,.908,.409,.308,-.416,.856);es="Linear";ed="In";};["Stand Right Arm"]={tm=.0500;cf=cfr(-.115,-.111,-.068,.338,-.94,.042,.886,.333,.324,-.318,-.072,.945);es="Linear";ed="In";};};{tm=1.417;["Stand Torso"]={tm=.1159;cf=cfr(-1.498,.123,-9.972,.972,-.232,-.043,.134,.394,.909,-.194,-.89,.414);es="Linear";ed="In";};["Stand Head"]={tm=.1159;cf=cfr(0,0,0,.862,.407,-.304,-.403,.912,.077,.308,.056,.95);es="Linear";ed="In";};["Stand Left Arm"]={tm=.1659;cf=cfr(.375,-.354,-.173,-.044,.452,.891,-.768,.555,-.32,-.639,-.698,.323);es="Linear";ed="In";};};{tm=1.433;["Stand Right Arm"]={tm=.1339;cf=cfr(-.512,.017,-.121,.338,-.941,.028,.886,.328,.329,-.318,-.086,.944);es="Linear";ed="In";};};{tm=1.533;["Stand Torso"]={tm=.0340;cf=cfr(-2.062,-.215,-9.972,.747,-.232,-.623,.658,.394,.642,.097,-.89,.447);es="Linear";ed="In";};["Stand Left Leg"]={tm=.1840;cf=cfr(-.6,.536,-.243,.67,-.671,-.318,.735,.541,.409,-.102,-.508,.856);es="Linear";ed="In";};["Stand Head"]={tm=.0670;cf=cfr(0,0,0,.912,.374,-.171,-.393,.915,-.095,.12,.153,.981);es="Linear";ed="In";};};{tm=1.567;["Stand Torso"]={tm=.0330;cf=cfr(-2.107,-.209,-9.775,.835,-.081,-.545,.532,.374,.76,.142,-.924,.356);es="Linear";ed="In";};["Stand Right Arm"]={tm=.0160;cf=cfr(-.42,.002,-.269,.321,-.897,-.303,.916,.212,.342,-.242,-.387,.89);es="Linear";ed="In";};};{tm=1.583;["Stand Left Arm"]={tm=.1169;cf=cfr(.009,-.471,-.369,-.03,.933,-.359,-.852,-.212,-.479,-.523,.292,.801);es="Linear";ed="In";};["Stand Right Arm"]={tm=.0340;cf=cfr(-.692,.043,-.722,.361,-.622,-.695,.902,.045,.429,-.236,-.782,.577);es="Linear";ed="In";};};{tm=1.6;["Stand Torso"]={tm=.0669;cf=cfr(-2.444,-.528,-9.48,.807,.057,.588,-.586,.2,.785,-.073,-.978,.194);es="Linear";ed="In";};["Stand Head"]={tm=.0999;cf=cfr(0,0,0,.633,.728,.264,-.76,.519,.39,.147,-.448,.882);es="Linear";ed="In";};};{tm=1.617;["Stand Right Arm"]={tm=.0660;cf=cfr(.043,-.096,.04,.44,-.583,-.683,.883,.141,.448,-.165,-.8,.577);es="Linear";ed="In";};};{tm=1.667;["Stand Torso"]={tm=.0829;cf=cfr(-2.472,-.394,-9.284,.603,.146,.784,-.797,.087,.597,.019,-.986,.169);es="Linear";ed="In";};};{tm=1.683;["Blood"]="Blood";["Stand Right Arm"]={tm=.0669;cf=cfr(.061,-.099,.064,.44,-.411,-.799,.883,.034,.469,-.165,-.911,.378);es="Linear";ed="In";};};{tm=1.7;["Stand Head"]={tm=.1000;cf=cfr(0,0,0,.459,.874,-.158,-.884,.467,.014,.086,.133,.987);es="Linear";ed="In";};["Stand Left Arm"]={tm=.1169;cf=cfr(.895,-.248,-.286,.982,.085,-.166,.04,.773,.633,.182,-.629,.756);es="Linear";ed="In";};};{tm=1.717;["Stand Right Leg"]={tm=.2829;cf=cfr(.462,.709,-.092,.946,-.321,-.042,.313,.872,.376,-.084,-.369,.926);es="Linear";ed="In";};["Stand Left Leg"]={tm=.0829;cf=cfr(-.873,.054,-.113,.479,-.819,-.318,.848,.337,.409,-.227,-.465,.856);es="Linear";ed="In";};};{tm=1.75;["Stand Torso"]={tm=.0829;cf=cfr(-2.407,-.469,-9.031,.631,.335,.7,-.771,.167,.615,.089,-.927,.364);es="Linear";ed="In";};["Stand Right Arm"]={tm=.133;cf=cfr(.068,-.101,.072,.481,-.695,-.534,.785,.071,.615,-.39,-.715,.58);es="Linear";ed="In";};};{tm=1.8;["Stand Left Leg"]={tm=.1670;cf=cfr(-1.409,-.148,-.216,.424,-.848,-.318,.868,.281,.409,-.257,-.449,.856);es="Linear";ed="In";};["Stand Head"]={tm=.0999;cf=cfr(0,0,0,.585,.753,-.301,-.809,.515,-.283,-.058,.409,.911);es="Linear";ed="In";};};{tm=1.817;["Stand Left Arm"]={tm=.1500;cf=cfr(.549,-.188,-.368,.939,.166,.3,-.303,.809,.504,-.159,-.564,.81);es="Linear";ed="In";};};{tm=1.833;["Stand Torso"]={tm=.1169;cf=cfr(-2.024,.78,-8.642,.759,.44,.481,-.633,.321,.705,.156,-.839,.521);es="Linear";ed="In";};};{tm=1.883;["Stand Right Arm"]={tm=.25;cf=cfr(.061,-.099,.064,.047,-.835,.548,.694,.422,.583,-.719,.353,.599);es="Linear";ed="In";};};{tm=1.9;["Stand Head"]={tm=.0670;cf=cfr(0,0,0,.92,.307,.245,-.196,.899,-.391,-.34,.311,.887);es="Linear";ed="In";};};{tm=1.95;["Stand Torso"]={tm=.0999;cf=cfr(-1.668,1.947,-8.279,.505,.378,-.776,.589,.506,.63,.631,-.775,.033);es="Linear";ed="In";};};{tm=1.967;["Stand Left Leg"]={tm=.133;cf=cfr(-.924,.715,-.448,.946,-.068,-.318,.202,.89,.409,.255,-.451,.856);es="Linear";ed="In";};["Stand Head"]={tm=.1000;cf=cfr(0,0,0,.762,-.567,.314,.648,.682,-.34,-.021,.463,.886);es="Linear";ed="In";};["Stand Left Arm"]={tm=.1160;cf=cfr(-.205,-.55,.178,.701,.334,.63,-.702,.478,.528,-.125,-.812,.57);es="Linear";ed="In";};};{tm=2;["Stand Right Leg"]={tm=.2999;cf=cfr(.685,.556,-.02,.913,.406,-.042,-.362,.853,.376,.189,-.328,.926);es="Linear";ed="In";};};{tm=2.05;["Stand Torso"]={tm=.1000;cf=cfr(-1.518,2.205,-8.098,-.155,.337,-.929,.913,.407,-.005,.377,-.849,-.371);es="Linear";ed="In";};};{tm=2.067;["Stand Head"]={tm=.0999;cf=cfr(0,0,0,.365,-.926,-.095,.931,.365,.021,.016,-.096,.995);es="Linear";ed="In";};};{tm=2.083;["Stand Left Arm"]={tm=.1499;cf=cfr(-.205,-.55,.178,.444,.835,.326,-.755,.152,.639,.483,-.53,.697);es="Linear";ed="In";};};{tm=2.1;["Stand Left Leg"]={tm=.1999;cf=cfr(-.887,.577,-.369,.903,.296,-.31,-.171,.912,.372,.393,-.283,.875);es="Linear";ed="In";};};{tm=2.133;["Stand Right Arm"]={tm=.0840;cf=cfr(-.318,-.004,.208,.047,-.959,-.279,.694,-.169,.7,-.719,-.227,.658);es="Linear";ed="In";};};{tm=2.15;["Stand Torso"]={tm=.0830;cf=cfr(-1.525,1.723,-8.048,-.315,.467,-.826,.949,.148,-.278,-.007,-.872,-.489);es="Linear";ed="In";};};{tm=2.167;["Stand Head"]={tm=.0660;cf=cfr(0,0,0,-.012,-.991,-.13,1,-.011,-.007,.006,-.13,.992);es="Linear";ed="In";};};{tm=2.217;["Stand Right Arm"]={tm=.0329;cf=cfr(-.318,-.004,.208,-.19,-.847,-.496,.979,-.126,-.159,.072,-.516,.854);es="Linear";ed="In";};};{tm=2.233;["Stand Torso"]={tm=.0339;cf=cfr(-1.538,.937,-7.954,.292,.387,-.874,.9,-.42,.114,-.323,-.821,-.471);es="Linear";ed="In";};["Stand Head"]={tm=.0339;cf=cfr(0,0,0,.194,-.972,-.13,.981,.196,-.007,.032,-.126,.992);es="Linear";ed="In";};["Stand Left Arm"]={tm=.0499;cf=cfr(.46,-1.022,-.048,.324,.946,.008,-.583,.194,.789,.745,-.261,.614);es="Linear";ed="In";};};{tm=2.25;["Stand Right Arm"]={tm=.0499;cf=cfr(-.884,-.535,.008,.069,-.847,-.527,.729,-.318,.606,-.681,-.427,.596);es="Linear";ed="In";};};{tm=2.267;["Stand Torso"]={tm=.0500;cf=cfr(-1.546,.767,-8.42,.955,.05,.292,-.217,-.553,.804,.202,-.832,-.517);es="Linear";ed="In";};["Stand Head"]={tm=.0660;cf=cfr(0,0,0,.991,.023,-.13,-.024,1,-.007,.129,.01,.992);es="Linear";ed="In";};};{tm=2.283;["Stand Left Arm"]={tm=.0500;cf=cfr(.572,-1.012,-.377,.657,.751,.072,-.428,.293,.855,.621,-.592,.514);es="Linear";ed="In";};};{tm=2.3;["Stand Right Leg"]={tm=.133;cf=cfr(.921,.395,.056,.658,.752,-.042,-.687,.622,.376,.309,-.218,.926);es="Linear";ed="In";};["Stand Left Leg"]={tm=.133;cf=cfr(-.832,.37,-.249,.868,-.41,-.28,.488,.81,.326,.093,-.42,.903);es="Linear";ed="In";};["Stand Right Arm"]={tm=.0830;cf=cfr(.215,.079,.258,.672,-.361,-.646,.431,-.52,.738,-.602,-.774,-.194);es="Linear";ed="In";};};{tm=2.317;["Stand Torso"]={tm=.0659;cf=cfr(-.768,.275,-8.451,.338,.014,.941,-.83,-.467,.305,.443,-.884,-.146);es="Linear";ed="In";};};{tm=2.333;["Stand Head"]={tm=.0839;cf=cfr(0,0,0,.176,.976,-.13,-.984,.177,-.007,.016,.129,.992);es="Linear";ed="In";};["Stand Left Arm"]={tm=.0839;cf=cfr(.155,-1.027,.056,.961,-.021,.274,-.204,.616,.761,-.185,-.787,.588);es="Linear";ed="In";};};{tm=2.383;["Slam"]="Slam";["Stand Torso"]={tm=.0670;cf=cfr(-.824,.113,-8.442,.189,-.021,.982,-.855,-.495,.154,.483,-.869,-.111);es="Linear";ed="In";};["Stand Right Arm"]={tm=.0670;cf=cfr(-.082,-.11,.24,.672,-.28,-.685,.431,-.605,.67,-.602,-.745,-.286);es="Linear";ed="In";};};{tm=2.417;["Stand Head"]={tm=.1500;cf=cfr(0,0,0,-.007,.977,-.211,-.942,-.078,-.327,-.336,.197,.921);es="Linear";ed="In";};["Stand Left Arm"]={tm=.1500;cf=cfr(.015,-1.033,.092,.807,-.485,.337,.03,.604,.797,-.589,-.633,.502);es="Linear";ed="In";};};{tm=2.433;["Stand Right Leg"]={tm=.2000;cf=cfr(1.026,.323,.09,.797,.602,-.042,-.546,.749,.376,.258,-.276,.926);es="Linear";ed="In";};["Stand Left Leg"]={tm=.2000;cf=cfr(-.795,.232,-.17,.921,-.269,-.282,.348,.895,.281,.176,-.357,.917);es="Linear";ed="In";};};{tm=2.45;["Stand Torso"]={tm=.1169;cf=cfr(-.768,-.05,-8.432,.216,.047,.975,-.827,-.523,.208,.519,-.851,-.074);es="Linear";ed="In";};["Stand Right Arm"]={tm=.1169;cf=cfr(-.288,-.011,.153,.672,-.299,-.678,.412,-.609,.677,-.615,-.734,-.287);es="Linear";ed="In";};};{tm=2.567;["Stand Torso"]={tm=.0659;cf=cfr(-.809,-.05,-8.432,.311,.107,.944,-.753,-.579,.313,.58,-.808,-.099);es="Linear";ed="In";};["Stand Head"]={tm=.133;cf=cfr(0,0,0,-.007,.939,-.343,-.942,-.122,-.313,-.336,.321,.886);es="Linear";ed="In";};["Stand Left Arm"]={tm=.1159;cf=cfr(-.075,-.98,.015,.867,-.373,.33,-.03,.622,.782,-.497,-.688,.529);es="Linear";ed="In";};["Stand Right Arm"]={tm=.0659;cf=cfr(-.169,.084,.1,.624,-.399,-.672,.323,-.652,.686,-.712,-.645,-.278);es="Linear";ed="In";};};{tm=2.633;["Stand Torso"]={tm=.0499;cf=cfr(-.809,-.05,-8.088,.229,.045,.972,-.847,-.483,.222,.48,-.874,-.073);es="Linear";ed="In";};["Stand Right Leg"]={tm=.25;cf=cfr(1.026,.323,.09,.688,.724,-.042,-.661,.65,.376,.3,-.231,.926);es="Linear";ed="In";};["Stand Left Leg"]={tm=.25;cf=cfr(-.795,.232,-.17,.889,-.362,-.282,.437,.854,.281,.139,-.373,.917);es="Linear";ed="In";};["Stand Right Arm"]={tm=.1339;cf=cfr(-.107,.12,.038,.656,-.344,-.672,.378,-.621,.686,-.654,-.704,-.278);es="Linear";ed="In";};};{tm=2.683;["Stand Torso"]={tm=.0840;cf=cfr(-.853,-.033,-7.883,.41,.023,.912,-.854,-.341,.393,.32,-.94,-.121);es="Linear";ed="In";};["Stand Left Arm"]={tm=.1000;cf=cfr(-.351,-.877,-.118,.944,.206,.256,-.329,.61,.721,-.007,-.765,.644);es="Linear";ed="In";};};{tm=2.7;["Stand Head"]={tm=.1669;cf=cfr(0,0,0,.079,.878,-.473,-.954,-.071,-.293,-.29,.474,.831);es="Linear";ed="In";};};{tm=2.767;["Stand Torso"]={tm=.0830;cf=cfr(-.887,-.021,-7.556,.545,.101,.832,-.816,-.164,.555,.193,-.981,-.007);es="Linear";ed="In";};["Stand Right Arm"]={tm=.0160;cf=cfr(-.351,-.116,-.272,.267,-.528,-.806,.61,-.555,.566,-.746,-.642,.174);es="Linear";ed="In";};};{tm=2.783;["Stand Left Arm"]={tm=.1169;cf=cfr(-.504,-.853,-.135,.07,.996,-.049,-.694,.084,.715,.716,-.016,.697);es="Linear";ed="In";};["Stand Right Arm"]={tm=.1840;cf=cfr(-.387,-.162,-.283,.22,-.547,-.808,.632,-.551,.545,-.743,-.63,.225);es="Linear";ed="In";};};{tm=2.85;["Stand Torso"]={tm=.1000;cf=cfr(-.658,-.07,-6.884,.851,.322,.414,-.436,-.005,.9,.292,-.947,.136);es="Linear";ed="In";};};{tm=2.867;["Stand Head"]={tm=.2160;cf=cfr(0,0,0,.849,.238,-.473,-.406,.866,-.293,.34,.44,.831);es="Linear";ed="In";};};{tm=2.883;["Stand Right Leg"]={tm=.1840;cf=cfr(1.026,.323,.09,.996,.083,-.042,-.061,.925,.376,.07,-.372,.926);es="Linear";ed="In";};["Stand Left Leg"]={tm=.1840;cf=cfr(-.666,.52,-.218,.87,.404,-.282,-.328,.902,.281,.367,-.152,.917);es="Linear";ed="In";};};{tm=2.9;["Stand Left Arm"]={tm=.0830;cf=cfr(-.192,-.869,-.154,-.235,.965,-.112,-.664,-.075,.744,.71,.25,.658);es="Linear";ed="In";};};{tm=2.95;["Stand Torso"]={tm=.0999;cf=cfr(.091,-.243,-5.453,.387,.503,-.773,.63,.468,.62,.673,-.727,-.136);es="Linear";ed="In";};};{tm=2.967;["Stand Right Arm"]={tm=.2159;cf=cfr(-.387,-.162,-.283,-.546,-.786,-.29,.772,-.337,-.539,.326,-.518,.79);es="Linear";ed="In";};};{tm=2.983;["Stand Left Arm"]={tm=.1169;cf=cfr(-.01,-.861,-.194,-.009,.998,-.067,-.691,.042,.722,.723,.052,.689);es="Linear";ed="In";};};{tm=3.05;["Stand Torso"]={tm=.0670;cf=cfr(.091,-.401,-5.453,-.441,.453,-.775,.662,.747,.06,.606,-.487,-.63);es="Linear";ed="In";};};{tm=3.067;["Stand Right Leg"]={tm=.0999;cf=cfr(.437,.136,.139,.95,-.309,-.042,.301,.876,.376,-.079,-.37,.926);es="Linear";ed="In";};["Stand Left Leg"]={tm=.1829;cf=cfr(-1.6,.416,-.473,.636,-.718,-.282,.77,.572,.281,-.041,-.396,.917);es="Linear";ed="In";};};{tm=3.083;["Stand Head"]={tm=.1839;cf=cfr(0,0,0,.564,.594,-.574,-.809,.536,-.24,.166,.6,.783);es="Linear";ed="In";};};{tm=3.1;["Stand Left Arm"]={tm=.1999;cf=cfr(.306,-.754,-.275,.384,.921,-.067,-.619,.31,.722,.685,-.236,.689);es="Linear";ed="In";};};{tm=3.117;["Stand Torso"]={tm=.0499;cf=cfr(.091,-.507,-5.453,-.972,.23,.046,.183,.865,-.467,-.147,-.446,-.883);es="Linear";ed="In";};};{tm=3.167;["Stand Torso"]={tm=.0330;cf=cfr(.091,-.37,-5.625,-.695,-.03,.718,-.07,.997,-.026,-.715,-.069,-.695);es="Linear";ed="In";};["Stand Right Leg"]={tm=.1000;cf=cfr(.344,.233,0,.813,-.582,0,.582,.813,0,0,0,1);es="Linear";ed="In";};};{tm=3.183;["Stand Right Arm"]={tm=.1840;cf=cfr(.094,.137,-.186,-.546,-.837,.038,.772,-.52,-.366,.326,-.17,.93);es="Linear";ed="In";};};{tm=3.2;["Stand Torso"]={tm=.0499;cf=cfr(.091,-.279,-5.74,-.334,-.211,.918,.508,.78,.365,-.794,.589,-.154);es="Linear";ed="In";};};{tm=3.25;["Stand Torso"]={tm=.0670;cf=cfr(.091,-.307,-5.836,.107,-.023,.994,.311,.95,-.011,-.944,.31,.109);es="Linear";ed="In";};["Stand Left Leg"]={tm=.2330;cf=cfr(-1.357,.56,-.443,.856,-.434,-.282,.506,.815,.281,.107,-.383,.917);es="Linear";ed="In";};};{tm=3.267;["Stand Right Leg"]={tm=.2160;cf=cfr(.988,.157,.003,.759,.385,.525,-.651,.427,.628,.018,-.818,.574);es="Linear";ed="In";};["Stand Head"]={tm=.0830;cf=cfr(0,0,0,.45,.684,-.574,-.891,.385,-.24,.057,.62,.783);es="Linear";ed="In";};};{tm=3.3;["Stand Left Arm"]={tm=.1830;cf=cfr(.101,-.441,.123,.384,.684,-.62,-.619,.689,.377,.685,.239,.688);es="Linear";ed="In";};};{tm=3.317;["Stand Torso"]={tm=.0160;cf=cfr(.091,-.338,-5.917,.467,.29,.836,-.1,.956,-.276,-.879,.045,.475);es="Linear";ed="In";};};{tm=3.333;["Stand Torso"]={tm=.0669;cf=cfr(.091,-.342,-5.901,.477,.3,.826,-.148,.954,-.261,-.866,.003,.499);es="Linear";ed="In";};};{tm=3.35;["Stand Head"]={tm=.133;cf=cfr(0,0,0,.642,.637,-.427,-.762,.469,-.445,-.083,.611,.787);es="Linear";ed="In";};};{tm=3.367;["Stand Right Arm"]={tm=.1160;cf=cfr(-.49,-.047,.177,.025,-.885,-.465,.953,.162,-.257,.303,-.437,.847);es="Linear";ed="In";};};{tm=3.4;["Stand Torso"]={tm=.0830;cf=cfr(.091,-.359,-5.838,.498,.295,.816,-.218,.953,-.211,-.839,-.073,.539);es="Linear";ed="In";};};{tm=3.483;["Stand Torso"]={tm=0;cf=cfr(.091,-.38,-5.759,.501,.229,.835,-.164,.972,-.169,-.85,-.052,.524);es="Linear";ed="In";};["Stand Right Leg"]={tm=0;cf=cfr(.777,.282,.201,.713,.696,.079,-.472,.394,.788,.518,-.6,.61);es="Linear";ed="In";};["Stand Left Leg"]={tm=0;cf=cfr(-1.357,.56,-.443,.814,-.507,-.282,.576,.768,.281,.074,-.391,.917);es="Linear";ed="In";};["Stand Head"]={tm=0;cf=cfr(0,0,0,.591,.684,-.427,-.796,.409,-.445,-.13,.603,.787);es="Linear";ed="In";};["Stand Left Arm"]={tm=0;cf=cfr(.101,-.441,.123,.464,.633,-.62,-.531,.759,.377,.709,.154,.688);es="Linear";ed="In";};["Stand Right Arm"]={tm=0;cf=cfr(-.293,-.101,.059,.475,-.747,-.465,.734,.628,-.257,.484,-.22,.847);es="Linear";ed="In";};};}