-- // converted using mech's animoduler
local cfr = CFrame.new

return {{tm=0;["Torso"]={tm=.05;cf=cfr(0,0,0,.967,.255,-.013,-.256,.965,-.05,0,.051,.999);es="Linear";ed="In";};["Left Leg"]={tm=.217;cf=cfr(0,0,0,1,0,0,0,1,0,0,0,1);es="Linear";ed="In";};["Head"]={tm=.05;cf=cfr(0,0,0,.954,-.299,0,.299,.954,0,0,0,1);es="Linear";ed="In";};["Left Arm"]={tm=.05;cf=cfr(0,0,0,.972,0,-.234,0,1,0,.234,0,.972);es="Linear";ed="In";};["Right Arm"]={tm=.1;cf=cfr(0,0,0,.959,-.112,.261,.068,.983,.171,-.276,-.146,.95);es="Linear";ed="In";};["Right Leg"]={tm=.217;cf=cfr(0,0,0,1,0,0,0,1,0,0,0,1);es="Linear";ed="In";};};{tm=.05;["Torso"]={tm=.05;cf=cfr(0,0,0,.961,.278,.001,-.278,.96,.025,.006,-.024,1);es="Linear";ed="In";};["Head"]={tm=.05;cf=cfr(0,0,0,.95,-.311,.021,.311,.949,-.054,-.003,.058,.998);es="Linear";ed="In";};["Left Arm"]={tm=.05;cf=cfr(0,0,0,.877,.041,-.479,-.023,.999,.044,.481,-.028,.876);es="Linear";ed="In";};};{tm=.1;["Torso"]={tm=.0499;cf=cfr(0,0,0,.904,.428,.006,-.426,.899,.103,.039,-.096,.995);es="Linear";ed="In";};["Head"]={tm=.0499;cf=cfr(0,0,0,.928,-.37,.043,.373,.922,-.108,0,.116,.993);es="Linear";ed="In";};["Left Arm"]={tm=.0499;cf=cfr(0,0,0,.72,.23,-.655,0,.943,.332,.694,-.239,.679);es="Linear";ed="In";};["Right Arm"]={tm=.0499;cf=cfr(-.172,-.044,.079,.886,-.35,.304,.226,.899,.376,-.405,-.264,.875);es="Linear";ed="In";};};{tm=.15;["Torso"]={tm=.0500;cf=cfr(0,0,0,.644,.764,.048,-.76,.63,.157,.09,-.138,.986);es="Linear";ed="In";};["Head"]={tm=.067;cf=cfr(0,0,0,.742,-.647,.174,.67,.71,-.219,.018,.279,.96);es="Linear";ed="In";};["Left Arm"]={tm=.0500;cf=cfr(-.475,-.31,.586,.715,.698,.037,-.085,.035,.996,.694,-.715,.085);es="Linear";ed="In";};["Right Arm"]={tm=.067;cf=cfr(-.466,-.237,.224,.372,-.902,.221,.489,.393,.779,-.789,-.181,.587);es="Linear";ed="In";};["Stand Torso"]={tm=.0500;cf=cfr(0,0,0,.504,-.182,-.844,-.123,.952,-.279,.855,.245,.458);es="Linear";ed="In";};["Stand Left Arm"]={tm=.1;cf=cfr(-.274,-.553,.535,.89,.456,-.029,0,.064,.998,.456,-.888,.057);es="Linear";ed="In";};["Stand Left Leg"]={tm=.1170;cf=cfr(0,0,0,.991,-.102,.082,.079,.964,.254,-.105,-.245,.964);es="Linear";ed="In";};["Stand Right Leg"]={tm=.15;cf=cfr(0,0,0,1,0,0,0,.996,.085,0,-.085,.996);es="Linear";ed="In";};["Stand Head"]={tm=.1;cf=cfr(0,0,0,.905,-.344,.249,.402,.884,-.239,-.138,.317,.938);es="Linear";ed="In";};["Stand Right Arm"]={tm=.1;cf=cfr(-.149,-.3,.049,.637,-.771,.026,.317,.292,.903,-.703,-.567,.43);es="Linear";ed="In";};};{tm=.2;["Torso"]={tm=.0169;cf=cfr(0,0,0,.591,.804,.072,-.803,.576,.156,.084,-.15,.985);es="Linear";ed="In";};["Left Arm"]={tm=.0169;cf=cfr(-.404,-.767,.543,.731,.651,.204,-.276,.009,.961,.624,-.759,.186);es="Linear";ed="In";};["Stand Torso"]={tm=.0499;cf=cfr(0,.074,-.42,.499,-.124,-.858,-.078,.979,-.187,.863,.161,.479);es="Linear";ed="In";};};{tm=.217;["Torso"]={tm=.033;cf=cfr(0,0,0,.598,.797,.079,-.797,.583,.155,.077,-.156,.985);es="Linear";ed="In";};["Left Leg"]={tm=0;cf=cfr(0,0,0,1,0,0,0,1,0,0,0,1);es="Linear";ed="In";};["Head"]={tm=0;cf=cfr(0,0,0,.742,-.647,.174,.67,.71,-.219,.018,.279,.96);es="Linear";ed="In";};["Left Arm"]={tm=.033;cf=cfr(-.412,-.712,.546,.741,.653,.159,-.256,.056,.965,.621,-.755,.208);es="Linear";ed="In";};["Right Arm"]={tm=.1329;cf=cfr(-.466,-.237,.224,.416,-.882,.221,.469,.416,.779,-.779,-.22,.587);es="Linear";ed="In";};["Right Leg"]={tm=.0500;cf=cfr(0,0,0,1,0,0,0,1,0,0,0,1);es="Linear";ed="In";};};{tm=.25;["Torso"]={tm=.0999;cf=cfr(0,0,0,.613,.784,.095,-.787,.597,.154,.064,-.169,.984);es="Linear";ed="In";};["Left Arm"]={tm=.0499;cf=cfr(-.429,-.604,.553,.756,.651,.069,-.216,.148,.965,.618,-.745,.252);es="Linear";ed="In";};["Stand Torso"]={tm=.0499;cf=cfr(0,.515,-.964,.504,-.064,-.861,.222,.973,.057,.835,-.219,.505);es="Linear";ed="In";};["Stand Left Arm"]={tm=.0999;cf=cfr(.412,-.337,.742,.866,.198,-.459,.462,.032,.886,.19,-.98,-.063);es="Linear";ed="In";};["Stand Head"]={tm=.0999;cf=cfr(0,0,0,.763,-.621,.177,.643,.704,-.302,.063,.344,.937);es="Linear";ed="In";};["Stand Right Arm"]={tm=.0499;cf=cfr(-.149,-.3,.049,.056,-.912,-.407,.64,-.28,.715,-.766,-.3,.568);es="Linear";ed="In";};};{tm=.267;["Stand Left Leg"]={tm=.0829;cf=cfr(0,0,0,.973,-.199,.115,.202,.979,-.014,-.109,.037,.993);es="Linear";ed="In";};["Right Leg"]={tm=0;cf=cfr(0,0,0,.999,.037,0,-.037,.989,.143,.005,-.143,.99);es="Linear";ed="In";};};{tm=.3;["Stand Torso"]={tm=.0499;cf=cfr(0,1.54,-2.276,.786,-.24,-.57,.483,.814,.323,.387,-.529,.755);es="Linear";ed="In";};["Stand Right Leg"]={tm=.0499;cf=cfr(1.391,.361,-.225,.921,.372,.112,-.382,.92,.084,-.072,-.12,.99);es="Linear";ed="In";};["Stand Right Arm"]={tm=.0499;cf=cfr(-.443,.112,.026,-.873,.426,.238,-.457,-.885,-.091,.172,-.188,.967);es="Linear";ed="In";};["Left Arm"]={tm=.0499;cf=cfr(-.432,-.57,.555,.777,.627,.059,-.154,.098,.983,.611,-.773,.173);es="Linear";ed="In";};};{tm=.35;["Torso"]={tm=0;cf=cfr(0,0,0,.627,.775,.078,-.776,.612,.155,.073,-.158,.985);es="Linear";ed="In";};["Left Arm"]={tm=0;cf=cfr(-.432,-.57,.555,.779,.627,.014,-.097,.098,.99,.62,-.773,.137);es="Linear";ed="In";};["Right Arm"]={tm=0;cf=cfr(-.466,-.237,.224,.501,-.837,.221,.426,.461,.779,-.753,-.296,.587);es="Linear";ed="In";};["Stand Torso"]={tm=.0500;cf=cfr(0,1.606,-3.589,.849,-.485,-.209,.518,.689,.507,-.102,-.539,.836);es="Linear";ed="In";};["Stand Left Arm"]={tm=.0500;cf=cfr(.692,-.299,.565,.84,-.527,-.132,.115,-.065,.991,-.531,-.848,.006);es="Linear";ed="In";};["Stand Left Leg"]={tm=.0500;cf=cfr(0,0,0,.95,-.311,-.021,.287,.847,.448,-.121,-.432,.894);es="Linear";ed="In";};["Stand Right Leg"]={tm=.0500;cf=cfr(1.271,.979,-.276,.989,.017,.149,-.03,.996,.084,-.147,-.087,.985);es="Linear";ed="In";};["Stand Head"]={tm=.0500;cf=cfr(0,0,0,.971,-.151,-.184,.062,.907,-.416,.23,.393,.89);es="Linear";ed="In";};["Stand Right Arm"]={tm=.0500;cf=cfr(-.736,.525,.004,-.747,.664,-.038,-.621,-.717,-.316,-.236,-.212,.948);es="Linear";ed="In";};};{tm=.4;["Stand Torso"]={tm=.0499;cf=cfr(-.158,1.348,-4.308,.849,-.517,.111,.333,.686,.647,-.41,-.512,.754);es="Linear";ed="In";};["Stand Left Arm"]={tm=.0499;cf=cfr(.692,-.299,.565,.84,-.527,-.132,.115,-.065,.991,-.531,-.848,.006);es="Linear";ed="In";};["Stand Left Leg"]={tm=.0499;cf=cfr(0,0,0,.921,-.388,-.036,.358,.805,.473,-.154,-.449,.88);es="Linear";ed="In";};["Stand Right Leg"]={tm=.0499;cf=cfr(1.271,.979,-.276,.973,.178,.149,-.192,.978,.084,-.131,-.11,.985);es="Linear";ed="In";};["Stand Head"]={tm=.0499;cf=cfr(0,0,0,.977,.11,-.184,-.179,.891,-.416,.119,.44,.89);es="Linear";ed="In";};["Stand Right Arm"]={tm=.0499;cf=cfr(-.457,.615,.134,-.23,.955,-.189,-.789,-.296,-.538,-.569,.026,.822);es="Linear";ed="In";};};{tm=.45;["Stand Torso"]={tm=.0499;cf=cfr(-.158,.356,-5.212,.418,-.706,.571,-.109,.585,.804,-.902,-.398,.168);es="Linear";ed="In";};["Stand Left Arm"]={tm=.1000;cf=cfr(.692,-.299,.565,.989,-.071,-.132,.132,-.003,.991,-.071,-.997,.006);es="Linear";ed="In";};["Stand Left Leg"]={tm=.1000;cf=cfr(-.255,.032,-.028,.725,-.688,-.036,.619,.627,.473,-.303,-.365,.88);es="Linear";ed="In";};["Stand Right Leg"]={tm=.1000;cf=cfr(1.271,.979,-.276,.982,.056,.183,-.107,.953,.282,-.158,-.296,.942);es="Linear";ed="In";};["Stand Head"]={tm=0;cf=cfr(0,0,0,.588,.788,-.184,-.773,.479,-.416,-.24,.387,.89);es="Linear";ed="In";};["Stand Right Arm"]={tm=.0499;cf=cfr(.852,.012,.307,-.649,-.567,-.507,.605,.02,-.796,.462,-.824,.33);es="Linear";ed="In";};};{tm=.5;["Stand Torso"]={tm=.0500;cf=cfr(-.158,-.368,-5.013,.132,-.548,.826,-.356,.751,.556,-.925,-.367,-.096);es="Linear";ed="In";};["Stand Right Arm"]={tm=.0500;cf=cfr(1.559,-.337,-.159,.194,-.877,-.44,.785,.408,-.467,.589,-.255,.767);es="Linear";ed="In";};};{tm=.55;["Stand Torso"]={tm=0;cf=cfr(-.158,-.195,-4.814,-.216,-.342,.915,-.484,.851,.204,-.848,-.398,-.349);es="Linear";ed="In";};["Stand Left Arm"]={tm=0;cf=cfr(.783,-.36,.238,.847,.321,.425,-.429,-.061,.901,.315,-.945,.087);es="Linear";ed="In";};["Stand Left Leg"]={tm=0;cf=cfr(-.624,-.024,-.013,.476,-.879,-.036,.783,.405,.473,-.401,-.254,.88);es="Linear";ed="In";};["Stand Right Leg"]={tm=0;cf=cfr(1.271,.979,-.276,.898,.401,.183,-.439,.853,.282,-.043,-.333,.942);es="Linear";ed="In";};["Stand Right Arm"]={tm=0;cf=cfr(.852,.012,.307,.286,-.919,-.273,.787,.387,-.48,.546,-.077,.834);es="Linear";ed="In";};};}