-- // converted using mech's animoduler
local cfr = CFrame.new

return {{tm=0;["Torso"]={tm=.05;cf=cfr(0,0,0,.967,.255,-.013,-.256,.965,-.05,0,.051,.999);es="Linear";ed="In";};["Left Leg"]={tm=.217;cf=cfr(0,0,0,1,0,0,0,1,0,0,0,1);es="Linear";ed="In";};["Head"]={tm=.05;cf=cfr(0,0,0,.954,-.299,0,.299,.954,0,0,0,1);es="Linear";ed="In";};["Left Arm"]={tm=.05;cf=cfr(0,0,0,.972,0,-.234,0,1,0,.234,0,.972);es="Linear";ed="In";};["Right Arm"]={tm=.1;cf=cfr(0,0,0,.959,-.112,.261,.068,.983,.171,-.276,-.146,.95);es="Linear";ed="In";};["Right Leg"]={tm=.217;cf=cfr(0,0,0,1,0,0,0,1,0,0,0,1);es="Linear";ed="In";};["Stand Torso"]={tm=.05;cf=cfr(2.908,.567,-.179,.612,-.279,.74,-.248,.821,.514,-.751,-.498,.433);es="Linear";ed="In";};["Stand Left Arm"]={tm=.25;cf=cfr(0,0,0,.953,.06,-.298,0,.98,.198,.304,-.189,.934);es="Linear";ed="In";};["Stand Left Leg"]={tm=.25;cf=cfr(-.693,.419,-.085,.944,-.307,-.121,.309,.951,0,.115,-.037,.993);es="Linear";ed="In";};["Stand Right Leg"]={tm=.25;cf=cfr(0,0,0,.986,0,-.166,0,1,0,.166,0,.986);es="Linear";ed="In";};["Stand Head"]={tm=.25;cf=cfr(0,0,0,.872,.49,0,-.49,.872,0,0,0,1);es="Linear";ed="In";};["Stand Right Arm"]={tm=.15;cf=cfr(.013,.113,.106,.88,-.451,.149,.093,.47,.878,-.466,-.758,.456);es="Linear";ed="In";};};{tm=.05;["Torso"]={tm=.05;cf=cfr(0,0,0,.961,.278,.001,-.278,.96,.025,.006,-.024,1);es="Linear";ed="In";};["Head"]={tm=.05;cf=cfr(0,0,0,.95,-.311,.021,.311,.949,-.054,-.003,.058,.998);es="Linear";ed="In";};["Left Arm"]={tm=.05;cf=cfr(0,0,0,.877,.041,-.479,-.023,.999,.044,.481,-.028,.876);es="Linear";ed="In";};["Stand Torso"]={tm=.05;cf=cfr(2.672,.567,-2.375,.531,-.507,.679,-.305,.633,.711,-.79,-.585,.182);es="Linear";ed="In";};};{tm=.1;["Torso"]={tm=.0499;cf=cfr(0,0,0,.904,.428,.006,-.426,.899,.103,.039,-.096,.995);es="Linear";ed="In";};["Head"]={tm=.0499;cf=cfr(0,0,0,.928,-.37,.043,.373,.922,-.108,0,.116,.993);es="Linear";ed="In";};["Left Arm"]={tm=.0499;cf=cfr(0,0,0,.72,.23,-.655,0,.943,.332,.694,-.239,.679);es="Linear";ed="In";};["Right Arm"]={tm=.0499;cf=cfr(-.172,-.044,.079,.886,-.35,.304,.226,.899,.376,-.405,-.264,.875);es="Linear";ed="In";};["Stand Torso"]={tm=.0499;cf=cfr(1.97,.673,-3.313,.4,-.542,.739,-.167,.75,.64,-.901,-.38,.21);es="Linear";ed="In";};};{tm=.15;["Torso"]={tm=.0500;cf=cfr(0,0,0,.644,.764,.048,-.76,.63,.157,.09,-.138,.986);es="Linear";ed="In";};["Head"]={tm=.067;cf=cfr(0,0,0,.742,-.647,.174,.67,.71,-.219,.018,.279,.96);es="Linear";ed="In";};["Left Arm"]={tm=.0500;cf=cfr(-.475,-.31,.586,.715,.698,.037,-.085,.035,.996,.694,-.715,.085);es="Linear";ed="In";};["Right Arm"]={tm=.067;cf=cfr(-.466,-.237,.224,.372,-.902,.221,.489,.393,.779,-.789,-.181,.587);es="Linear";ed="In";};["Stand Torso"]={tm=.067;cf=cfr(.977,.967,-4.077,.337,-.391,.856,-.043,.902,.429,-.94,-.181,.288);es="Linear";ed="In";};["Stand Right Arm"]={tm=.0500;cf=cfr(.473,.486,.406,-.051,-.996,-.079,.061,-.082,.995,-.997,.046,.065);es="Linear";ed="In";};};{tm=.2;["Torso"]={tm=.0169;cf=cfr(0,0,0,.591,.804,.072,-.803,.576,.156,.084,-.15,.985);es="Linear";ed="In";};["Left Arm"]={tm=.0169;cf=cfr(-.404,-.767,.543,.731,.651,.204,-.276,.009,.961,.624,-.759,.186);es="Linear";ed="In";};["Stand Right Arm"]={tm=.0499;cf=cfr(-.033,.678,.627,-.044,-.908,-.416,.133,-.418,.899,-.99,-.016,.139);es="Linear";ed="In";};};{tm=.217;["Torso"]={tm=.033;cf=cfr(0,0,0,.598,.797,.079,-.797,.583,.155,.077,-.156,.985);es="Linear";ed="In";};["Left Leg"]={tm=0;cf=cfr(0,0,0,1,0,0,0,1,0,0,0,1);es="Linear";ed="In";};["Head"]={tm=0;cf=cfr(0,0,0,.742,-.647,.174,.67,.71,-.219,.018,.279,.96);es="Linear";ed="In";};["Left Arm"]={tm=.033;cf=cfr(-.412,-.712,.546,.741,.653,.159,-.256,.056,.965,.621,-.755,.208);es="Linear";ed="In";};["Right Arm"]={tm=.1329;cf=cfr(-.466,-.237,.224,.416,-.882,.221,.469,.416,.779,-.779,-.22,.587);es="Linear";ed="In";};["Right Leg"]={tm=.0500;cf=cfr(0,0,0,1,0,0,0,1,0,0,0,1);es="Linear";ed="In";};["Stand Torso"]={tm=.033;cf=cfr(-.348,1.357,-4.019,.293,-.144,.945,.144,.984,.105,-.945,.106,.309);es="Linear";ed="In";};};{tm=.25;["Torso"]={tm=.0999;cf=cfr(0,0,0,.613,.784,.095,-.787,.597,.154,.064,-.169,.984);es="Linear";ed="In";};["Left Arm"]={tm=.0499;cf=cfr(-.429,-.604,.553,.756,.651,.069,-.216,.148,.965,.618,-.745,.252);es="Linear";ed="In";};["Stand Torso"]={tm=.0170;cf=cfr(-.128,1.468,-3.721,.33,.067,.942,.208,.968,-.141,-.921,.243,.305);es="Linear";ed="In";};["Stand Left Arm"]={tm=.133;cf=cfr(.067,-.15,.432,-.564,.826,-.003,-.302,-.203,.931,.769,.526,.364);es="Linear";ed="In";};["Stand Left Leg"]={tm=.183;cf=cfr(.148,.265,.145,.972,-.229,-.061,.232,.863,.449,-.051,-.45,.892);es="Linear";ed="In";};["Stand Right Leg"]={tm=.0999;cf=cfr(1.052,.544,.437,.793,.473,-.384,-.512,.859,0,.329,.196,.924);es="Linear";ed="In";};["Stand Head"]={tm=.0999;cf=cfr(0,0,0,.735,.644,-.212,-.669,.64,-.378,-.108,.42,.901);es="Linear";ed="In";};["Stand Right Arm"]={tm=.0499;cf=cfr(.076,.676,.638,-.084,-.14,-.987,.192,-.974,.122,-.978,-.179,.108);es="Linear";ed="In";};};{tm=.267;["Stand Torso"]={tm=.0159;cf=cfr(-.128,1.455,-3.748,.287,.075,.955,.162,.979,-.126,-.944,.191,.269);es="Linear";ed="In";};["Right Leg"]={tm=0;cf=cfr(0,0,0,.999,.037,0,-.037,.989,.143,.005,-.143,.99);es="Linear";ed="In";};};{tm=.283;["Stand Torso"]={tm=.0170;cf=cfr(-.128,1.448,-3.847,.291,.072,.954,.115,.987,-.11,-.95,.142,.279);es="Linear";ed="In";};};{tm=.3;["Stand Torso"]={tm=.0499;cf=cfr(-.128,1.359,-3.946,.258,.073,.963,.068,.993,-.094,-.964,.09,.251);es="Linear";ed="In";};["Stand Right Arm"]={tm=.0499;cf=cfr(.112,1.121,.469,-.128,-.101,-.987,-.166,-.979,.122,-.978,.18,.108);es="Linear";ed="In";};["Left Arm"]={tm=.0499;cf=cfr(-.432,-.57,.555,.777,.627,.059,-.154,.098,.983,.611,-.773,.173);es="Linear";ed="In";};};{tm=.35;["Torso"]={tm=0;cf=cfr(0,0,0,.627,.775,.078,-.776,.612,.155,.073,-.158,.985);es="Linear";ed="In";};["Left Arm"]={tm=0;cf=cfr(-.432,-.57,.555,.779,.627,.014,-.097,.098,.99,.62,-.773,.137);es="Linear";ed="In";};["Right Arm"]={tm=0;cf=cfr(-.466,-.237,.224,.501,-.837,.221,.426,.461,.779,-.753,-.296,.587);es="Linear";ed="In";};["Stand Torso"]={tm=.0330;cf=cfr(-.364,.729,-4.86,.326,.033,.945,-.379,.92,.099,-.866,-.39,.313);es="Linear";ed="In";};["Stand Right Leg"]={tm=.0830;cf=cfr(1.081,1.198,.237,.92,-.053,-.388,.174,.943,.285,.35,-.329,.877);es="Linear";ed="In";};["Stand Head"]={tm=.0330;cf=cfr(0,0,0,.503,.858,.105,-.833,.514,-.206,-.231,.016,.973);es="Linear";ed="In";};["Stand Right Arm"]={tm=.0330;cf=cfr(.444,.871,.468,-.233,.403,-.885,-.526,-.817,-.234,-.818,.412,.402);es="Linear";ed="In";};};{tm=.383;["Stand Torso"]={tm=.0499;cf=cfr(-.364,.729,-4.86,.121,-.531,.839,-.46,.718,.521,-.879,-.449,-.158);es="Linear";ed="In";};["Stand Left Arm"]={tm=.1500;cf=cfr(.067,-.15,.432,.233,.816,.529,-.76,-.187,.622,.606,-.547,.577);es="Linear";ed="In";};["Stand Head"]={tm=.0499;cf=cfr(0,0,0,.36,.933,-.029,-.922,.36,.142,.143,-.025,.989);es="Linear";ed="In";};["Stand Right Arm"]={tm=.0499;cf=cfr(.625,.215,.554,-.557,-.426,-.713,.592,.398,-.701,.582,-.813,.03);es="Linear";ed="In";};};{tm=.433;["Stand Torso"]={tm=.0499;cf=cfr(-.364,.368,-4.643,-.464,-.7,.544,-.777,.616,.129,-.425,-.362,-.829);es="Linear";ed="In";};["Stand Left Leg"]={tm=.1000;cf=cfr(-1.297,.547,-.095,.77,-.635,-.061,.59,.671,.449,-.245,-.381,.892);es="Linear";ed="In";};["Stand Right Leg"]={tm=.1000;cf=cfr(.386,.197,-.041,.887,-.462,0,.453,.869,.202,-.093,-.179,.979);es="Linear";ed="In";};["Stand Head"]={tm=.1000;cf=cfr(0,0,0,.008,1,-.029,-.99,.012,.142,.143,.028,.989);es="Linear";ed="In";};["Stand Right Arm"]={tm=.0499;cf=cfr(.936,-.343,.143,-.143,-.737,-.66,.087,.655,-.75,.986,-.165,-.03);es="Linear";ed="In";};};{tm=.483;["Stand Torso"]={tm=.0999;cf=cfr(-.258,.396,-4.527,-.718,-.498,.486,-.548,.835,.047,-.429,-.232,-.873);es="Linear";ed="In";};["Stand Right Arm"]={tm=.0500;cf=cfr(.566,-.327,.345,.148,-.756,-.638,-.275,.588,-.761,.95,.288,-.121);es="Linear";ed="In";};};{tm=.533;["Stand Left Arm"]={tm=0;cf=cfr(.067,-.15,.432,.685,.601,.412,-.63,.205,.749,.365,-.772,.52);es="Linear";ed="In";};["Stand Left Leg"]={tm=0;cf=cfr(-1.297,.547,-.095,.773,-.633,-.038,.627,.754,.196,-.096,-.175,.98);es="Linear";ed="In";};["Stand Right Leg"]={tm=0;cf=cfr(.386,.197,-.041,.78,-.449,-.436,.571,.795,.204,.255,-.408,.877);es="Linear";ed="In";};["Stand Head"]={tm=0;cf=cfr(0,0,0,.112,.993,-.022,-.99,.113,.079,.081,.013,.997);es="Linear";ed="In";};["Stand Right Arm"]={tm=.0499;cf=cfr(.584,-.356,.344,.398,-.757,-.518,-.396,.368,-.841,.827,.54,-.153);es="Linear";ed="In";};};{tm=.583;["Stand Torso"]={tm=0;cf=cfr(.167,.425,-4.069,-.631,-.465,.621,-.482,.862,.155,-.607,-.202,-.768);es="Linear";ed="In";};["Stand Right Arm"]={tm=0;cf=cfr(.385,-.27,.444,.361,-.847,-.391,-.349,.266,-.899,.865,.461,-.199);es="Linear";ed="In";};};}