-- // converted using mech's animoduler
local cfr = CFrame.new

return {{tm=0;["Torso"]={tm=.017;cf=cfr(0,0,0,1,0,0,0,1,0,0,0,1);es="Linear";ed="In";};["Left Leg"]={tm=.017;cf=cfr(0,0,0,1,0,0,0,1,0,0,0,1);es="Linear";ed="In";};["Left Arm"]={tm=.017;cf=cfr(0,0,0,1,0,0,0,1,0,0,0,1);es="Linear";ed="In";};["Cube"]={tm=.183;cf=cfr(-.589,-.03,0,-.05,-.999,0,.999,-.05,0,0,0,1);es="Linear";ed="In";};["Bone"]={tm=.183;cf=cfr(0,0,0,1,0,0,0,1,0,0,0,1);es="Linear";ed="In";};["Bone.001"]={tm=.183;cf=cfr(0,0,0,1,0,0,0,1,0,0,0,1);es="Linear";ed="In";};["Bone.002"]={tm=.183;cf=cfr(0,0,0,.686,.727,0,-.727,.686,0,0,0,1);es="Linear";ed="In";};["Bone.003"]={tm=.183;cf=cfr(0,0,0,.922,.388,0,-.388,.922,0,0,0,1);es="Linear";ed="In";};["Bone.004"]={tm=.183;cf=cfr(0,0,0,1,0,0,0,1,0,0,0,1);es="Linear";ed="In";};["Bone.005"]={tm=.183;cf=cfr(0,0,0,1,0,0,0,1,0,0,0,1);es="Linear";ed="In";};["Bone.006"]={tm=.183;cf=cfr(0,0,0,.942,.335,0,-.335,.942,0,0,0,1);es="Linear";ed="In";};["Bone.007"]={tm=.433;cf=cfr(0,0,0,.882,.47,0,-.47,.882,0,0,0,1);es="Linear";ed="In";};["Bone.008"]={tm=.433;cf=cfr(0,0,0,1,0,0,0,1,0,0,0,1);es="Linear";ed="In";};["Bone.009"]={tm=.433;cf=cfr(0,0,0,.66,.751,0,-.751,.66,0,0,0,1);es="Linear";ed="In";};["Bone.010"]={tm=.433;cf=cfr(0,0,0,1,0,0,0,1,0,0,0,1);es="Linear";ed="In";};["Bone.011"]={tm=.433;cf=cfr(0,0,0,1,0,0,0,1,0,0,0,1);es="Linear";ed="In";};["Bone.012"]={tm=.433;cf=cfr(0,0,0,1,0,0,0,1,0,0,0,1);es="Linear";ed="In";};["Bone.013"]={tm=.933;cf=cfr(0,0,0,1,0,0,0,1,0,0,0,1);es="Linear";ed="In";};["Right Leg"]={tm=.017;cf=cfr(0,0,0,1,0,0,0,1,0,0,0,1);es="Linear";ed="In";};["Head"]={tm=.017;cf=cfr(0,0,0,1,0,0,0,1,0,0,0,1);es="Linear";ed="In";};["Right Arm"]={tm=.017;cf=cfr(0,0,0,1,0,0,0,1,0,0,0,1);es="Linear";ed="In";};};{tm=.017;["Torso"]={tm=.016;cf=cfr(0,.002,-.019,1,.021,-.004,-.021,1,-.007,.004,.007,1);es="Linear";ed="In";};["Left Leg"]={tm=.016;cf=cfr(.003,.03,-.001,1,-.001,.029,.001,1,.005,-.029,-.005,1);es="Linear";ed="In";};["Right Leg"]={tm=.016;cf=cfr(.011,.031,-.005,1,-.007,0,.007,1,-.002,0,.002,1);es="Linear";ed="In";};["Head"]={tm=.016;cf=cfr(0,0,0,1,0,0,0,1,0,0,0,1);es="Linear";ed="In";};["Right Arm"]={tm=.016;cf=cfr(0,0,0,1,-.026,.011,.026,.999,-.019,-.01,.019,1);es="Linear";ed="In";};["Left Arm"]={tm=.016;cf=cfr(0,0,0,.999,-.012,.042,.013,1,-.015,-.041,.016,.999);es="Linear";ed="In";};};{tm=.033;["Torso"]={tm=.017;cf=cfr(0,.006,-.073,.997,.078,-.015,-.078,.997,-.027,.013,.028,1);es="Linear";ed="In";};["Left Leg"]={tm=.017;cf=cfr(.012,.112,-.003,.994,-.003,.108,.001,1,.018,-.108,-.017,.994);es="Linear";ed="In";};["Right Leg"]={tm=.017;cf=cfr(.041,.113,-.019,1,-.029,.002,.029,1,-.006,-.002,.006,1);es="Linear";ed="In";};["Head"]={tm=.017;cf=cfr(-.001,0,-.002,1,0,0,0,1,0,0,0,1);es="Linear";ed="In";};["Right Arm"]={tm=.017;cf=cfr(0,0,0,.995,-.092,.038,.094,.993,-.064,-.032,.068,.997);es="Linear";ed="In";};["Left Arm"]={tm=.017;cf=cfr(0,0,0,.989,-.038,.141,.045,.998,-.049,-.139,.055,.989);es="Linear";ed="In";};};{tm=.05;["Torso"]={tm=.017;cf=cfr(0,.012,-.152,.986,.164,-.033,-.166,.985,-.057,.023,.061,.998);es="Linear";ed="In";};["Left Leg"]={tm=.017;cf=cfr(.026,.232,-.007,.974,-.003,.226,-.005,.999,.038,-.226,-.038,.973);es="Linear";ed="In";};["Right Leg"]={tm=.017;cf=cfr(.088,.232,-.04,.998,-.061,.004,.061,.998,-.013,-.003,.014,1);es="Linear";ed="In";};["Head"]={tm=.017;cf=cfr(-.002,0,-.004,1,0,0,0,1,0,0,0,1);es="Linear";ed="In";};["Right Arm"]={tm=.017;cf=cfr(0,0,0,.981,-.18,.075,.188,.975,-.121,-.051,.132,.99);es="Linear";ed="In";};["Left Arm"]={tm=.017;cf=cfr(0,0,0,.964,-.063,.258,.088,.992,-.086,-.251,.105,.962);es="Linear";ed="In";};};{tm=.067;["Torso"]={tm=.016;cf=cfr(0,.017,-.251,.961,.27,-.056,-.275,.957,-.094,.029,.105,.994);es="Linear";ed="In";};["Left Leg"]={tm=.016;cf=cfr(.042,.376,-.011,.93,.001,.367,-.025,.998,.061,-.366,-.066,.928);es="Linear";ed="In";};["Right Leg"]={tm=.016;cf=cfr(.146,.373,-.064,.995,-.104,.008,.104,.994,-.023,-.005,.023,1);es="Linear";ed="In";};["Head"]={tm=.016;cf=cfr(-.004,0,-.007,1,0,0,0,1,0,0,0,1);es="Linear";ed="In";};["Right Arm"]={tm=.016;cf=cfr(0,0,0,.956,-.271,.109,.287,.942,-.174,-.055,.197,.979);es="Linear";ed="In";};["Left Arm"]={tm=.016;cf=cfr(0,0,0,.932,-.079,.355,.127,.986,-.112,-.341,.149,.928);es="Linear";ed="In";};};{tm=.083;["Torso"]={tm=.017;cf=cfr(0,.021,-.361,.919,.386,-.084,-.394,.909,-.135,.025,.157,.987);es="Linear";ed="In";};["Left Leg"]={tm=.017;cf=cfr(.059,.53,-.015,.858,.012,.514,-.063,.995,.082,-.51,-.103,.854);es="Linear";ed="In";};["Right Leg"]={tm=.017;cf=cfr(.214,.522,-.089,.988,-.155,.012,.155,.987,-.033,-.007,.035,.999);es="Linear";ed="In";};["Head"]={tm=.017;cf=cfr(-.006,-.001,-.011,1,0,0,0,1,0,0,0,1);es="Linear";ed="In";};["Right Arm"]={tm=.017;cf=cfr(0,0,0,.927,-.353,.127,.373,.903,-.213,-.039,.245,.969);es="Linear";ed="In";};["Left Arm"]={tm=.017;cf=cfr(0,0,0,.914,-.085,.398,.145,.982,-.122,-.38,.169,.909);es="Linear";ed="In";};};{tm=.1;["Torso"]={tm=.017;cf=cfr(0,.023,-.475,.859,.499,-.114,-.512,.841,-.177,.007,.211,.978);es="Linear";ed="In";};["Left Leg"]={tm=.017;cf=cfr(.077,.682,-.02,.761,.032,.648,-.121,.988,.094,-.637,-.15,.756);es="Linear";ed="In";};["Right Leg"]={tm=.017;cf=cfr(.286,.663,-.113,.977,-.211,.018,.212,.976,-.045,-.008,.048,.999);es="Linear";ed="In";};["Head"]={tm=.017;cf=cfr(-.009,-.001,-.016,1,0,0,0,1,0,0,0,1);es="Linear";ed="In";};["Right Arm"]={tm=.017;cf=cfr(0,0,0,.903,-.415,.111,.43,.872,-.233,-.001,.258,.966);es="Linear";ed="In";};["Left Arm"]={tm=.017;cf=cfr(-.01,-.005,-.003,.927,-.07,.367,.123,.985,-.123,-.353,.159,.922);es="Linear";ed="In";};};{tm=.117;["Torso"]={tm=.016;cf=cfr(0,.021,-.587,.788,.599,-.141,-.615,.757,-.22,-.025,.261,.965);es="Linear";ed="In";};["Left Leg"]={tm=.016;cf=cfr(.093,.817,-.024,.653,.063,.755,-.198,.976,.09,-.731,-.208,.65);es="Linear";ed="In";};["Right Leg"]={tm=.016;cf=cfr(.36,.782,-.133,.962,-.271,.025,.272,.961,-.058,-.009,.062,.998);es="Linear";ed="In";};["Head"]={tm=.016;cf=cfr(-.012,-.001,-.021,1,0,0,0,1,0,0,0,1);es="Linear";ed="In";};["Right Arm"]={tm=.016;cf=cfr(0,0,0,.885,-.46,.07,.463,.853,-.241,.051,.246,.968);es="Linear";ed="In";};["Left Arm"]={tm=.016;cf=cfr(-.036,-.018,-.01,.963,-.023,.267,.056,.992,-.117,-.262,.127,.957);es="Linear";ed="In";};};{tm=.133;["Torso"]={tm=.0169;cf=cfr(0,.014,-.688,.716,.679,-.162,-.694,.67,-.263,-.07,.301,.951);es="Linear";ed="In";};["Left Leg"]={tm=.0169;cf=cfr(.106,.922,-.028,.548,.111,.829,-.294,.954,.067,-.783,-.28,.556);es="Linear";ed="In";};["Right Leg"]={tm=.0169;cf=cfr(.432,.865,-.148,.943,-.331,.033,.333,.94,-.07,-.008,.077,.997);es="Linear";ed="In";};["Head"]={tm=.0169;cf=cfr(-.015,-.001,-.028,1,0,0,0,1,0,0,0,1);es="Linear";ed="In";};["Right Arm"]={tm=.0169;cf=cfr(0,0,0,.867,-.498,.023,.488,.836,-.25,.106,.228,.968);es="Linear";ed="In";};["Left Arm"]={tm=.0169;cf=cfr(-.075,-.039,-.022,.994,.06,.096,-.052,.995,-.09,-.101,.085,.991);es="Linear";ed="In";};};{tm=.15;["Torso"]={tm=.0170;cf=cfr(0,0,-.77,.654,.737,-.172,-.746,.591,-.308,-.125,.329,.936);es="Linear";ed="In";};["Left Leg"]={tm=.0170;cf=cfr(.114,.983,-.031,.461,.179,.869,-.404,.915,.026,-.79,-.363,.494);es="Linear";ed="In";};["Right Leg"]={tm=.0170;cf=cfr(.499,.895,-.153,.92,-.39,.042,.392,.916,-.081,-.007,.091,.996);es="Linear";ed="In";};["Head"]={tm=.0170;cf=cfr(-.019,-.002,-.035,1,0,0,0,1,0,0,0,1);es="Linear";ed="In";};["Right Arm"]={tm=.0170;cf=cfr(0,0,0,.848,-.53,-.03,.505,.823,-.26,.162,.205,.965);es="Linear";ed="In";};["Left Arm"]={tm=.0170;cf=cfr(-.123,-.065,-.037,.974,.182,-.134,-.187,.982,-.025,.128,.049,.991);es="Linear";ed="In";};};{tm=.167;["Torso"]={tm=.0159;cf=cfr(0,-.021,-.829,.61,.774,-.166,-.77,.53,-.355,-.187,.345,.92);es="Linear";ed="In";};["Left Leg"]={tm=.0159;cf=cfr(.118,.991,-.032,.396,.271,.877,-.525,.851,-.026,-.753,-.451,.479);es="Linear";ed="In";};["Right Leg"]={tm=.0159;cf=cfr(.556,.879,-.153,.894,-.445,.051,.448,.889,-.092,-.005,.105,.994);es="Linear";ed="In";};["Head"]={tm=.0159;cf=cfr(-.023,-.002,-.042,1,0,0,0,1,0,0,0,1);es="Linear";ed="In";};["Right Arm"]={tm=.0159;cf=cfr(0,0,0,.828,-.554,-.088,.516,.813,-.269,.22,.178,.959);es="Linear";ed="In";};["Left Arm"]={tm=.0159;cf=cfr(-.176,-.095,-.056,.862,.328,-.385,-.319,.943,.09,.393,.045,.918);es="Linear";ed="In";};};{tm=.183;["Torso"]={tm=.0170;cf=cfr(0,-.048,-.861,.587,.796,-.149,-.771,.492,-.405,-.249,.352,.902);es="Linear";ed="In";};["Left Leg"]={tm=.0170;cf=cfr(.116,.951,-.032,.346,.376,.86,-.644,.762,-.075,-.683,-.527,.505);es="Linear";ed="In";};["Right Leg"]={tm=.0170;cf=cfr(.605,.834,-.153,.866,-.497,.061,.501,.86,-.102,-.002,.119,.993);es="Linear";ed="In";};["Left Arm"]={tm=.0170;cf=cfr(-.232,-.129,-.077,.654,.468,-.594,-.409,.88,.242,.636,.085,.767);es="Linear";ed="In";};["Cube"]={tm=.1169;cf=cfr(0,0,0,1,0,0,0,1,0,0,0,1);es="Linear";ed="In";};["Bone"]={tm=.1169;cf=cfr(0,0,0,1,0,0,0,1,0,0,0,1);es="Linear";ed="In";};["Bone.001"]={tm=.25;cf=cfr(0,0,0,1,0,0,0,1,0,0,0,1);es="Linear";ed="In";};["Bone.002"]={tm=.25;cf=cfr(0,0,0,1,0,0,0,1,0,0,0,1);es="Linear";ed="In";};["Bone.003"]={tm=.25;cf=cfr(0,0,0,1,0,0,0,1,0,0,0,1);es="Linear";ed="In";};["Bone.004"]={tm=.25;cf=cfr(0,0,0,1,0,0,0,1,0,0,0,1);es="Linear";ed="In";};["Bone.005"]={tm=.25;cf=cfr(0,0,0,.638,.77,0,-.756,.627,.189,.146,-.121,.982);es="Linear";ed="In";};["Bone.006"]={tm=.25;cf=cfr(0,0,0,.794,.604,.065,-.595,.751,.285,.123,-.265,.956);es="Linear";ed="In";};["Head"]={tm=.0170;cf=cfr(-.028,-.003,-.05,1,0,0,0,1,0,0,0,1);es="Linear";ed="In";};["Right Arm"]={tm=.0170;cf=cfr(0,0,0,.807,-.571,-.149,.52,.808,-.278,.279,.147,.949);es="Linear";ed="In";};};{tm=.2;["Torso"]={tm=.0169;cf=cfr(0,-.08,-.864,.581,.805,-.124,-.753,.474,-.456,-.308,.358,.881);es="Linear";ed="In";};["Left Leg"]={tm=.0169;cf=cfr(.111,.873,-.031,.303,.483,.822,-.746,.657,-.11,-.593,-.579,.559);es="Linear";ed="In";};["Right Leg"]={tm=.0169;cf=cfr(.647,.764,-.154,.836,-.544,.07,.549,.829,-.11,.002,.131,.991);es="Linear";ed="In";};["Head"]={tm=.0169;cf=cfr(-.033,-.003,-.059,1,0,0,0,1,0,0,0,1);es="Linear";ed="In";};["Right Arm"]={tm=.0169;cf=cfr(0,0,0,.785,-.581,-.215,.518,.806,-.286,.339,.113,.934);es="Linear";ed="In";};["Left Arm"]={tm=.0169;cf=cfr(-.286,-.164,-.099,.398,.571,-.717,-.44,.805,.397,.805,.158,.572);es="Linear";ed="In";};};{tm=.217;["Torso"]={tm=.0160;cf=cfr(0,-.115,-.838,.591,.801,-.094,-.722,.473,-.505,-.36,.367,.858);es="Linear";ed="In";};["Left Leg"]={tm=.0160;cf=cfr(.103,.768,-.03,.269,.579,.77,-.825,.551,-.127,-.498,-.601,.625);es="Linear";ed="In";};["Right Leg"]={tm=.0160;cf=cfr(.681,.675,-.154,.806,-.587,.08,.592,.797,-.118,.006,.142,.99);es="Linear";ed="In";};["Head"]={tm=.0160;cf=cfr(-.038,-.003,-.068,1,0,0,0,1,0,0,0,1);es="Linear";ed="In";};["Right Arm"]={tm=.0160;cf=cfr(0,0,0,.761,-.584,-.282,.511,.808,-.292,.399,.078,.914);es="Linear";ed="In";};["Left Arm"]={tm=.0160;cf=cfr(-.334,-.198,-.124,.159,.631,-.76,-.426,.738,.523,.891,.24,.386);es="Linear";ed="In";};};{tm=.233;["Torso"]={tm=.0169;cf=cfr(0,-.152,-.781,.616,.785,-.064,-.677,.487,-.551,-.402,.383,.832);es="Linear";ed="In";};["Left Leg"]={tm=.0169;cf=cfr(.093,.646,-.028,.245,.658,.713,-.877,.463,-.126,-.413,-.594,.69);es="Linear";ed="In";};["Right Leg"]={tm=.0169;cf=cfr(.709,.573,-.155,.775,-.625,.089,.632,.765,-.125,.01,.153,.988);es="Linear";ed="In";};["Head"]={tm=.0169;cf=cfr(-.043,-.004,-.078,1,0,0,0,1,0,0,0,1);es="Linear";ed="In";};["Right Arm"]={tm=.0169;cf=cfr(0,0,0,.735,-.579,-.352,.5,.814,-.296,.458,.042,.888);es="Linear";ed="In";};["Left Arm"]={tm=.0169;cf=cfr(-.373,-.232,-.148,-.022,.656,-.754,-.392,.688,.61,.92,.309,.242);es="Linear";ed="In";};};{tm=.25;["Torso"]={tm=.0170;cf=cfr(0,-.188,-.69,.655,.755,-.036,-.622,.511,-.594,-.43,.412,.804);es="Linear";ed="In";};["Left Leg"]={tm=.0170;cf=cfr(.082,.516,-.026,.239,.715,.657,-.906,.407,-.113,-.349,-.568,.745);es="Linear";ed="In";};["Right Leg"]={tm=.0170;cf=cfr(.731,.461,-.156,.745,-.66,.098,.667,.734,-.131,.015,.162,.987);es="Linear";ed="In";};["Head"]={tm=.0170;cf=cfr(-.049,-.005,-.089,1,0,0,0,1,0,0,0,1);es="Linear";ed="In";};["Right Arm"]={tm=.0170;cf=cfr(0,0,0,.707,-.568,-.422,.484,.823,-.298,.516,.007,.856);es="Linear";ed="In";};["Left Arm"]={tm=.0170;cf=cfr(-.399,-.263,-.173,-.133,.664,-.736,-.362,.659,.66,.923,.354,.153);es="Linear";ed="In";};};{tm=.267;["Torso"]={tm=.0159;cf=cfr(0,-.224,-.566,.706,.708,-.014,-.555,.541,-.632,-.44,.455,.775);es="Linear";ed="In";};["Left Leg"]={tm=.0159;cf=cfr(.071,.388,-.023,.26,.749,.61,-.913,.397,-.098,-.315,-.531,.786);es="Linear";ed="In";};["Right Leg"]={tm=.0159;cf=cfr(.748,.346,-.157,.716,-.69,.106,.697,.704,-.136,.019,.171,.985);es="Linear";ed="In";};["Head"]={tm=.0159;cf=cfr(-.055,-.005,-.1,1,0,0,0,1,0,0,0,1);es="Linear";ed="In";};["Right Arm"]={tm=.0159;cf=cfr(0,0,0,.675,-.55,-.491,.464,.835,-.297,.573,-.027,.819);es="Linear";ed="In";};["Left Arm"]={tm=.0159;cf=cfr(-.408,-.289,-.198,-.171,.665,-.727,-.35,.648,.676,.921,.37,.122);es="Linear";ed="In";};};{tm=.283;["Torso"]={tm=.0170;cf=cfr(0,-.256,-.406,.77,.639,-.001,-.476,.572,-.668,-.425,.514,.745);es="Linear";ed="In";};["Left Leg"]={tm=.0170;cf=cfr(.06,.272,-.021,.317,.751,.578,-.892,.443,-.086,-.321,-.489,.811);es="Linear";ed="In";};["Right Leg"]={tm=.0170;cf=cfr(.761,.232,-.159,.689,-.716,.114,.724,.675,-.14,.023,.179,.984);es="Linear";ed="In";};["Head"]={tm=.0170;cf=cfr(-.062,-.006,-.111,1,0,0,0,1,0,0,0,1);es="Linear";ed="In";};["Right Arm"]={tm=.0170;cf=cfr(0,0,0,.641,-.526,-.559,.441,.849,-.292,.628,-.06,.776);es="Linear";ed="In";};["Left Arm"]={tm=.0170;cf=cfr(-.407,-.312,-.221,-.171,.665,-.727,-.35,.648,.676,.921,.37,.122);es="Linear";ed="In";};};{tm=.3;["Torso"]={tm=.0170;cf=cfr(0,-.285,-.208,.842,.54,-.001,-.385,.599,-.702,-.378,.591,.713);es="Linear";ed="In";};["Left Leg"]={tm=.0170;cf=cfr(.052,.178,-.019,.419,.705,.572,-.826,.558,-.083,-.377,-.437,.816);es="Linear";ed="In";};["Right Leg"]={tm=.0170;cf=cfr(.77,.125,-.16,.664,-.738,.121,.747,.649,-.143,.027,.185,.982);es="Linear";ed="In";};["Left Arm"]={tm=.0170;cf=cfr(-.404,-.333,-.245,-.171,.665,-.727,-.35,.648,.676,.921,.37,.122);es="Linear";ed="In";};["Cube"]={tm=.133;cf=cfr(0,0,0,1,0,0,0,1,0,0,0,1);es="Linear";ed="In";};["Bone"]={tm=.133;cf=cfr(0,0,0,.246,-.783,.572,.31,.623,.719,-.918,0,.396);es="Linear";ed="In";};["Head"]={tm=.0170;cf=cfr(-.068,-.006,-.123,1,0,0,0,1,0,0,0,1);es="Linear";ed="In";};["Right Arm"]={tm=.0170;cf=cfr(0,0,0,.604,-.495,-.625,.416,.864,-.283,.68,-.089,.728);es="Linear";ed="In";};};{tm=.317;["Torso"]={tm=.0160;cf=cfr(0,-.307,.028,.916,.4,-.018,-.282,.614,-.738,-.284,.681,.675);es="Linear";ed="In";};["Left Leg"]={tm=.0160;cf=cfr(.047,.117,-.018,.561,.568,.602,-.664,.743,-.083,-.495,-.353,.794);es="Linear";ed="In";};["Right Leg"]={tm=.0160;cf=cfr(.777,.029,-.161,.641,-.757,.127,.767,.625,-.146,.031,.191,.981);es="Linear";ed="In";};["Head"]={tm=.0160;cf=cfr(-.075,-.007,-.135,1,0,0,0,1,0,0,0,1);es="Linear";ed="In";};["Right Arm"]={tm=.0160;cf=cfr(0,0,0,.564,-.459,-.687,.388,.881,-.271,.729,-.114,.675);es="Linear";ed="In";};["Left Arm"]={tm=.0160;cf=cfr(-.399,-.352,-.269,-.171,.665,-.727,-.35,.648,.676,.921,.37,.122);es="Linear";ed="In";};};{tm=.333;["Torso"]={tm=.0169;cf=cfr(0,-.322,.303,.977,.206,-.053,-.169,.604,-.779,-.128,.77,.625);es="Linear";ed="In";};["Left Leg"]={tm=.0169;cf=cfr(.044,.093,-.018,.678,.291,.675,-.341,.938,-.062,-.651,-.189,.735);es="Linear";ed="In";};["Right Leg"]={tm=.0169;cf=cfr(.781,-.051,-.162,.621,-.773,.132,.783,.604,-.148,.035,.196,.98);es="Linear";ed="In";};["Head"]={tm=.0169;cf=cfr(-.082,-.007,-.147,1,0,0,0,1,0,0,0,1);es="Linear";ed="In";};["Right Arm"]={tm=.0169;cf=cfr(0,0,0,.52,-.418,-.744,.359,.898,-.254,.775,-.135,.618);es="Linear";ed="In";};["Left Arm"]={tm=.0169;cf=cfr(-.392,-.368,-.293,-.171,.665,-.727,-.35,.648,.676,.921,.37,.122);es="Linear";ed="In";};};{tm=.35;["Torso"]={tm=.0170;cf=cfr(0,-.331,.608,.995,-.043,-.096,-.055,.562,-.825,.089,.826,.556);es="Linear";ed="In";};["Left Leg"]={tm=.0170;cf=cfr(.045,.096,-.018,.661,-.05,.748,.068,.998,.006,-.747,.047,.663);es="Linear";ed="In";};["Right Leg"]={tm=.0170;cf=cfr(.783,-.116,-.163,.604,-.786,.137,.796,.586,-.15,.038,.2,.979);es="Linear";ed="In";};["Head"]={tm=.0170;cf=cfr(-.089,-.008,-.16,1,0,0,0,1,0,0,0,1);es="Linear";ed="In";};["Right Arm"]={tm=.0170;cf=cfr(0,0,0,.474,-.373,-.797,.328,.915,-.233,.817,-.151,.557);es="Linear";ed="In";};["Left Arm"]={tm=.0170;cf=cfr(-.384,-.383,-.316,-.171,.665,-.727,-.35,.648,.676,.921,.37,.122);es="Linear";ed="In";};};{tm=.367;["Torso"]={tm=.0160;cf=cfr(0,-.335,.934,.936,-.326,-.133,.044,.482,-.875,.349,.813,.466);es="Linear";ed="In";};["Left Leg"]={tm=.0160;cf=cfr(.046,.109,-.018,.546,-.294,.785,.372,.924,.086,-.75,.245,.614);es="Linear";ed="In";};["Right Leg"]={tm=.0160;cf=cfr(.783,-.166,-.164,.589,-.796,.141,.807,.571,-.151,.04,.203,.978);es="Linear";ed="In";};["Head"]={tm=.0160;cf=cfr(-.096,-.009,-.173,1,0,0,0,1,0,0,0,1);es="Linear";ed="In";};["Right Arm"]={tm=.0160;cf=cfr(0,0,0,.426,-.325,-.845,.297,.932,-.209,.855,-.162,.493);es="Linear";ed="In";};["Left Arm"]={tm=.0160;cf=cfr(-.374,-.396,-.339,-.171,.665,-.727,-.35,.648,.676,.921,.37,.122);es="Linear";ed="In";};};{tm=.383;["Torso"]={tm=.0170;cf=cfr(0,-.334,1.272,.783,-.604,-.15,.112,.373,-.921,.612,.705,.359);es="Linear";ed="In";};["Left Leg"]={tm=.0170;cf=cfr(.047,.117,-.018,.48,-.376,.792,.479,.869,.122,-.735,.321,.598);es="Linear";ed="In";};["Right Leg"]={tm=.0170;cf=cfr(.781,-.202,-.165,.577,-.804,.144,.816,.558,-.153,.042,.205,.978);es="Linear";ed="In";};["Head"]={tm=.0170;cf=cfr(-.103,-.009,-.186,1,0,0,0,1,0,0,0,1);es="Linear";ed="In";};["Right Arm"]={tm=.0170;cf=cfr(0,0,0,.375,-.273,-.886,.265,.947,-.18,.888,-.167,.428);es="Linear";ed="In";};["Left Arm"]={tm=.0170;cf=cfr(-.362,-.408,-.362,-.171,.665,-.727,-.35,.648,.676,.921,.37,.122);es="Linear";ed="In";};};{tm=.4;["Torso"]={tm=.0169;cf=cfr(0,-.331,1.612,.546,-.826,-.139,.137,.252,-.958,.826,.504,.25);es="Linear";ed="In";};["Left Leg"]={tm=.0169;cf=cfr(.045,.121,-.016,.48,-.376,.792,.479,.869,.122,-.735,.321,.598);es="Linear";ed="In";};["Right Leg"]={tm=.0169;cf=cfr(.777,-.225,-.166,.568,-.81,.146,.822,.549,-.153,.044,.207,.977);es="Linear";ed="In";};["Head"]={tm=.0169;cf=cfr(-.111,-.01,-.199,1,0,0,0,1,0,0,0,1);es="Linear";ed="In";};["Right Arm"]={tm=.0169;cf=cfr(0,0,0,.322,-.22,-.921,.233,.961,-.148,.918,-.167,.361);es="Linear";ed="In";};["Left Arm"]={tm=.0169;cf=cfr(-.349,-.418,-.385,-.171,.665,-.727,-.35,.648,.676,.921,.37,.122);es="Linear";ed="In";};};{tm=.417;["Torso"]={tm=.0160;cf=cfr(0,-.325,1.945,.261,-.96,-.105,.123,.141,-.982,.958,.243,.155);es="Linear";ed="In";};["Left Leg"]={tm=.0160;cf=cfr(.041,.134,-.01,.48,-.376,.792,.479,.869,.122,-.735,.321,.598);es="Linear";ed="In";};["Right Leg"]={tm=.0160;cf=cfr(.77,-.236,-.167,.561,-.815,.148,.827,.541,-.154,.045,.209,.977);es="Linear";ed="In";};["Head"]={tm=.0160;cf=cfr(-.118,-.011,-.213,1,0,0,0,1,0,0,0,1);es="Linear";ed="In";};["Right Arm"]={tm=.0160;cf=cfr(0,0,0,.267,-.165,-.949,.201,.973,-.113,.942,-.161,.293);es="Linear";ed="In";};["Left Arm"]={tm=.0160;cf=cfr(-.334,-.426,-.408,-.171,.665,-.727,-.35,.648,.676,.921,.37,.122);es="Linear";ed="In";};};{tm=.433;["Torso"]={tm=.0170;cf=cfr(0,-.319,2.26,-.033,-.998,-.058,.084,.055,-.995,.996,-.037,.082);es="Linear";ed="In";};["Left Leg"]={tm=.0170;cf=cfr(.034,.155,0,.48,-.376,.792,.479,.869,.122,-.735,.321,.598);es="Linear";ed="In";};["Left Arm"]={tm=.0170;cf=cfr(-.318,-.433,-.43,-.171,.665,-.727,-.35,.648,.676,.921,.37,.122);es="Linear";ed="In";};["Cube"]={tm=.284;cf=cfr(0,0,0,1,0,0,0,1,0,0,0,1);es="Linear";ed="In";};["Bone"]={tm=.284;cf=cfr(0,0,0,1,0,0,0,1,0,0,0,1);es="Linear";ed="In";};["Bone.001"]={tm=.284;cf=cfr(0,0,0,1,0,0,0,1,0,0,0,1);es="Linear";ed="In";};["Bone.002"]={tm=.284;cf=cfr(0,0,0,.98,.198,0,-.198,.98,0,0,0,1);es="Linear";ed="In";};["Bone.003"]={tm=.284;cf=cfr(0,0,0,.966,.259,0,-.25,.934,.257,.066,-.248,.966);es="Linear";ed="In";};["Bone.004"]={tm=.5;cf=cfr(0,0,0,.985,-.173,0,.173,.985,0,0,0,1);es="Linear";ed="In";};["Bone.005"]={tm=.5;cf=cfr(0,0,0,.999,.047,0,-.047,.981,.189,.009,-.189,.982);es="Linear";ed="In";};["Bone.006"]={tm=.5;cf=cfr(0,0,0,.986,-.154,.065,.129,.95,.285,-.106,-.272,.956);es="Linear";ed="In";};["Bone.007"]={tm=.5;cf=cfr(0,0,0,.922,-.388,0,.381,.905,.191,-.074,-.176,.982);es="Linear";ed="In";};["Bone.008"]={tm=.5;cf=cfr(0,0,0,.663,-.748,0,.748,.663,0,0,0,1);es="Linear";ed="In";};["Bone.009"]={tm=.5;cf=cfr(0,0,0,.999,-.044,0,.044,.999,0,0,0,1);es="Linear";ed="In";};["Bone.010"]={tm=.5;cf=cfr(0,0,0,.986,.165,.036,-.167,.982,.083,-.021,-.088,.996);es="Linear";ed="In";};["Bone.011"]={tm=.5;cf=cfr(0,0,0,.933,-.361,0,.361,.933,0,0,0,1);es="Linear";ed="In";};["Bone.012"]={tm=.5;cf=cfr(0,0,0,.799,-.602,0,.602,.799,0,0,0,1);es="Linear";ed="In";};["Right Leg"]={tm=.0170;cf=cfr(.761,-.236,-.168,.556,-.818,.149,.83,.536,-.154,.046,.21,.977);es="Linear";ed="In";};["Head"]={tm=.0170;cf=cfr(-.126,-.012,-.227,1,0,0,0,1,0,0,0,1);es="Linear";ed="In";};["Right Arm"]={tm=.0170;cf=cfr(0,0,0,.211,-.11,-.971,.17,.983,-.074,.963,-.15,.226);es="Linear";ed="In";};};{tm=.45;["Torso"]={tm=.0170;cf=cfr(0,-.312,2.549,-.304,-.953,-.009,.037,-.002,-.999,.952,-.304,.036);es="Linear";ed="In";};["Left Leg"]={tm=.0170;cf=cfr(.025,.183,.012,.48,-.376,.792,.479,.869,.122,-.735,.321,.598);es="Linear";ed="In";};["Right Leg"]={tm=.0170;cf=cfr(.75,-.226,-.169,.553,-.819,.15,.832,.533,-.155,.047,.21,.977);es="Linear";ed="In";};["Head"]={tm=.0170;cf=cfr(-.134,-.012,-.24,1,0,0,0,1,0,0,0,1);es="Linear";ed="In";};["Right Arm"]={tm=.0170;cf=cfr(0,0,-.002,.152,-.056,-.987,.14,.99,-.034,.978,-.133,.159);es="Linear";ed="In";};["Left Arm"]={tm=.0170;cf=cfr(-.302,-.438,-.452,-.171,.665,-.727,-.35,.648,.676,.921,.37,.122);es="Linear";ed="In";};};{tm=.467;["Torso"]={tm=.0159;cf=cfr(0,-.307,2.801,-.541,-.841,.03,-.005,-.032,-.999,.841,-.541,.013);es="Linear";ed="In";};["Left Leg"]={tm=.0159;cf=cfr(.014,.217,.027,.48,-.376,.792,.479,.869,.122,-.735,.321,.598);es="Linear";ed="In";};["Right Leg"]={tm=.0159;cf=cfr(.737,-.206,-.169,.553,-.82,.15,.832,.532,-.155,.047,.21,.976);es="Linear";ed="In";};["Head"]={tm=.0159;cf=cfr(-.141,-.013,-.254,1,0,0,0,1,0,0,0,1);es="Linear";ed="In";};["Right Arm"]={tm=.0159;cf=cfr(0,0,-.008,.091,-.004,-.996,.113,.994,.007,.989,-.113,.091);es="Linear";ed="In";};["Left Arm"]={tm=.0159;cf=cfr(-.284,-.442,-.474,-.171,.665,-.727,-.35,.648,.676,.921,.37,.122);es="Linear";ed="In";};};{tm=.483;["Torso"]={tm=.0170;cf=cfr(0,-.304,3.01,-.738,-.673,.054,-.034,-.043,-.998,.674,-.738,.009);es="Linear";ed="In";};["Left Leg"]={tm=.0170;cf=cfr(.001,.257,.044,.48,-.376,.792,.479,.869,.122,-.735,.321,.598);es="Linear";ed="In";};["Right Leg"]={tm=.0170;cf=cfr(.721,-.177,-.17,.553,-.819,.15,.832,.533,-.155,.047,.21,.977);es="Linear";ed="In";};["Head"]={tm=.0170;cf=cfr(-.149,-.014,-.268,1,0,0,0,1,0,0,0,1);es="Linear";ed="In";};["Right Arm"]={tm=.0170;cf=cfr(.001,.001,-.018,.028,.045,-.999,.089,.995,.048,.996,-.09,.024);es="Linear";ed="In";};["Left Arm"]={tm=.0170;cf=cfr(-.265,-.444,-.495,-.171,.665,-.727,-.35,.648,.676,.921,.37,.122);es="Linear";ed="In";};};{tm=.5;["Torso"]={tm=.0170;cf=cfr(0,-.302,3.181,-.888,-.457,.062,-.048,-.042,-.998,.458,-.889,.016);es="Linear";ed="In";};["Left Leg"]={tm=.0170;cf=cfr(-.014,.302,.061,.48,-.376,.792,.479,.869,.122,-.735,.321,.598);es="Linear";ed="In";};["Right Leg"]={tm=.0170;cf=cfr(.703,-.141,-.17,.556,-.818,.149,.83,.536,-.154,.046,.21,.977);es="Linear";ed="In";};["Head"]={tm=.0170;cf=cfr(-.157,-.014,-.282,1,0,0,0,1,0,0,0,1);es="Linear";ed="In";};["Right Arm"]={tm=.0170;cf=cfr(.002,.002,-.032,-.035,.091,-.995,.067,.994,.089,.997,-.064,-.041);es="Linear";ed="In";};["Left Arm"]={tm=.0170;cf=cfr(-.245,-.446,-.516,-.171,.665,-.727,-.35,.648,.676,.921,.37,.122);es="Linear";ed="In";};};{tm=.517;["Torso"]={tm=.0160;cf=cfr(0,-.302,3.319,-.978,-.202,.055,-.049,-.036,-.998,.203,-.979,.026);es="Linear";ed="In";};["Left Leg"]={tm=.0160;cf=cfr(-.03,.351,.079,.48,-.376,.792,.479,.869,.122,-.735,.321,.598);es="Linear";ed="In";};["Right Leg"]={tm=.0160;cf=cfr(.683,-.098,-.17,.559,-.816,.149,.828,.539,-.154,.046,.209,.977);es="Linear";ed="In";};["Head"]={tm=.0160;cf=cfr(-.165,-.015,-.296,1,0,0,0,1,0,0,0,1);es="Linear";ed="In";};["Right Arm"]={tm=.0160;cf=cfr(.004,.002,-.048,-.099,.133,-.986,.049,.99,.129,.994,-.036,-.104);es="Linear";ed="In";};["Left Arm"]={tm=.0160;cf=cfr(-.225,-.446,-.537,-.171,.665,-.727,-.35,.648,.676,.921,.37,.122);es="Linear";ed="In";};};{tm=.533;["Torso"]={tm=.0170;cf=cfr(0,-.303,3.433,-.997,.071,.036,-.039,-.031,-.999,-.07,-.997,.034);es="Linear";ed="In";};["Left Leg"]={tm=.0170;cf=cfr(-.047,.404,.096,.48,-.376,.792,.479,.869,.122,-.735,.321,.598);es="Linear";ed="In";};["Right Leg"]={tm=.0170;cf=cfr(.66,-.05,-.17,.564,-.813,.147,.825,.544,-.154,.045,.208,.977);es="Linear";ed="In";};["Head"]={tm=.0170;cf=cfr(-.172,-.016,-.31,1,0,0,0,1,0,0,0,1);es="Linear";ed="In";};["Right Arm"]={tm=.0170;cf=cfr(.006,.003,-.067,-.16,.171,-.972,.034,.985,.167,.987,-.006,-.163);es="Linear";ed="In";};["Left Arm"]={tm=.0170;cf=cfr(-.204,-.446,-.557,-.171,.665,-.727,-.35,.648,.676,.921,.37,.122);es="Linear";ed="In";};};{tm=.55;["Torso"]={tm=.0169;cf=cfr(0,-.305,3.528,-.942,.336,.011,-.022,-.029,-.999,-.335,-.942,.035);es="Linear";ed="In";};["Left Leg"]={tm=.0169;cf=cfr(-.065,.46,.113,.48,-.376,.792,.479,.869,.122,-.735,.321,.598);es="Linear";ed="In";};["Right Leg"]={tm=.0169;cf=cfr(.635,.003,-.17,.569,-.809,.146,.821,.55,-.153,.044,.207,.977);es="Linear";ed="In";};["Head"]={tm=.0169;cf=cfr(-.18,-.016,-.324,1,0,0,0,1,0,0,0,1);es="Linear";ed="In";};["Right Arm"]={tm=.0169;cf=cfr(.01,.004,-.088,-.219,.204,-.954,.022,.979,.204,.976,.024,-.218);es="Linear";ed="In";};["Left Arm"]={tm=.0169;cf=cfr(-.182,-.444,-.577,-.171,.665,-.727,-.35,.648,.676,.921,.37,.122);es="Linear";ed="In";};};{tm=.567;["Torso"]={tm=.0160;cf=cfr(0,-.307,3.612,-.826,.563,-.014,-.005,-.032,-.999,-.563,-.826,.03);es="Linear";ed="In";};["Left Leg"]={tm=.0160;cf=cfr(-.083,.517,.129,.48,-.376,.792,.479,.869,.122,-.735,.321,.598);es="Linear";ed="In";};["Right Leg"]={tm=.0160;cf=cfr(.608,.061,-.169,.576,-.805,.144,.816,.557,-.153,.043,.206,.978);es="Linear";ed="In";};["Head"]={tm=.0160;cf=cfr(-.188,-.017,-.338,1,0,0,0,1,0,0,0,1);es="Linear";ed="In";};["Right Arm"]={tm=.0160;cf=cfr(.014,.006,-.111,-.274,.233,-.933,.012,.971,.239,.962,.054,-.269);es="Linear";ed="In";};["Left Arm"]={tm=.0160;cf=cfr(-.16,-.441,-.596,-.171,.665,-.727,-.35,.648,.676,.921,.37,.122);es="Linear";ed="In";};};{tm=.583;["Torso"]={tm=.0170;cf=cfr(0,-.308,3.691,-.675,.737,-.034,.008,-.039,-.999,-.737,-.675,.02);es="Linear";ed="In";};["Left Leg"]={tm=.0170;cf=cfr(-.102,.577,.143,.48,-.376,.792,.479,.869,.122,-.735,.321,.598);es="Linear";ed="In";};["Right Leg"]={tm=.0170;cf=cfr(.578,.121,-.169,.583,-.8,.142,.812,.564,-.152,.041,.204,.978);es="Linear";ed="In";};["Head"]={tm=.0170;cf=cfr(-.195,-.018,-.351,1,0,0,0,1,0,0,0,1);es="Linear";ed="In";};["Right Arm"]={tm=.0170;cf=cfr(.021,.007,-.136,-.324,.257,-.91,.005,.963,.27,.946,.083,-.314);es="Linear";ed="In";};["Left Arm"]={tm=.0170;cf=cfr(-.137,-.438,-.615,-.171,.665,-.727,-.35,.648,.676,.921,.37,.122);es="Linear";ed="In";};};{tm=.6;["Torso"]={tm=.0170;cf=cfr(0,-.31,3.766,-.51,.859,-.049,.018,-.046,-.999,-.86,-.51,.008);es="Linear";ed="In";};["Left Leg"]={tm=.0170;cf=cfr(-.121,.637,.154,.48,-.376,.792,.479,.869,.122,-.735,.321,.598);es="Linear";ed="In";};["Right Leg"]={tm=.0170;cf=cfr(.546,.184,-.168,.59,-.795,.14,.806,.572,-.151,.04,.203,.978);es="Linear";ed="In";};["Head"]={tm=.0170;cf=cfr(-.203,-.019,-.365,1,0,0,0,1,0,0,0,1);es="Linear";ed="In";};["Right Arm"]={tm=.0170;cf=cfr(.028,.008,-.162,-.37,.277,-.887,.001,.954,.298,.929,.11,-.353);es="Linear";ed="In";};["Left Arm"]={tm=.0170;cf=cfr(-.115,-.434,-.634,-.171,.665,-.727,-.35,.648,.676,.921,.37,.122);es="Linear";ed="In";};};{tm=.617;["Torso"]={tm=.0160;cf=cfr(0,-.311,3.836,-.343,.937,-.059,.024,-.054,-.998,-.939,-.344,-.004);es="Linear";ed="In";};["Left Leg"]={tm=.0160;cf=cfr(-.139,.697,.162,.48,-.376,.792,.479,.869,.122,-.735,.321,.598);es="Linear";ed="In";};["Right Leg"]={tm=.0160;cf=cfr(.511,.248,-.167,.597,-.79,.138,.801,.579,-.151,.039,.201,.979);es="Linear";ed="In";};["Head"]={tm=.0160;cf=cfr(-.21,-.019,-.378,1,0,0,0,1,0,0,0,1);es="Linear";ed="In";};["Right Arm"]={tm=.0160;cf=cfr(.038,.01,-.189,-.409,.294,-.864,-.003,.946,.323,.913,.134,-.386);es="Linear";ed="In";};["Left Arm"]={tm=.0160;cf=cfr(-.092,-.429,-.651,-.171,.665,-.727,-.35,.648,.676,.921,.37,.122);es="Linear";ed="In";};};{tm=.633;["Torso"]={tm=.0170;cf=cfr(0,-.312,3.903,-.184,.981,-.065,.028,-.06,-.998,-.983,-.185,-.016);es="Linear";ed="In";};["Left Leg"]={tm=.0170;cf=cfr(-.157,.756,.167,.48,-.376,.792,.479,.869,.122,-.735,.321,.598);es="Linear";ed="In";};["Right Leg"]={tm=.0170;cf=cfr(.474,.313,-.165,.605,-.785,.137,.796,.587,-.15,.038,.199,.979);es="Linear";ed="In";};["Head"]={tm=.0170;cf=cfr(-.217,-.02,-.391,1,0,0,0,1,0,0,0,1);es="Linear";ed="In";};["Right Arm"]={tm=.0170;cf=cfr(.049,.011,-.216,-.442,.306,-.843,-.004,.939,.344,.897,.156,-.414);es="Linear";ed="In";};["Left Arm"]={tm=.0170;cf=cfr(-.069,-.424,-.669,-.171,.665,-.727,-.35,.648,.676,.921,.37,.122);es="Linear";ed="In";};};{tm=.65;["Torso"]={tm=.0170;cf=cfr(0,-.312,3.965,-.035,.997,-.067,.029,-.066,-.997,-.999,-.037,-.027);es="Linear";ed="In";};["Left Leg"]={tm=.0170;cf=cfr(-.175,.814,.167,.48,-.376,.792,.479,.869,.122,-.735,.321,.598);es="Linear";ed="In";};["Right Leg"]={tm=.0170;cf=cfr(.434,.377,-.164,.612,-.78,.135,.79,.594,-.149,.036,.198,.98);es="Linear";ed="In";};["Head"]={tm=.0170;cf=cfr(-.224,-.021,-.404,1,0,0,0,1,0,0,0,1);es="Linear";ed="In";};["Right Arm"]={tm=.0170;cf=cfr(.062,.013,-.243,-.469,.316,-.825,-.005,.933,.36,.883,.173,-.436);es="Linear";ed="In";};["Left Arm"]={tm=.0170;cf=cfr(-.046,-.418,-.686,-.171,.665,-.727,-.35,.648,.676,.921,.37,.122);es="Linear";ed="In";};};{tm=.667;["Torso"]={tm=.0160;cf=cfr(0,-.313,4.024,.102,.992,-.068,.029,-.071,-.997,-.994,.1,-.036);es="Linear";ed="In";};["Left Leg"]={tm=.0160;cf=cfr(-.192,.87,.162,.48,-.376,.792,.479,.869,.122,-.735,.321,.598);es="Linear";ed="In";};["Right Leg"]={tm=.0160;cf=cfr(.392,.44,-.162,.618,-.775,.133,.785,.601,-.148,.035,.196,.98);es="Linear";ed="In";};["Head"]={tm=.0160;cf=cfr(-.231,-.021,-.416,1,0,0,0,1,0,0,0,1);es="Linear";ed="In";};["Right Arm"]={tm=.0160;cf=cfr(.078,.014,-.271,-.488,.322,-.811,-.006,.928,.372,.873,.186,-.451);es="Linear";ed="In";};["Left Arm"]={tm=.0160;cf=cfr(-.023,-.412,-.702,-.171,.665,-.727,-.35,.648,.676,.921,.37,.122);es="Linear";ed="In";};};{tm=.683;["Torso"]={tm=.0169;cf=cfr(0,-.313,4.079,.227,.972,-.067,.028,-.075,-.997,-.973,.225,-.044);es="Linear";ed="In";};["Left Leg"]={tm=.0169;cf=cfr(-.207,.923,.152,.48,-.376,.792,.479,.869,.122,-.735,.321,.598);es="Linear";ed="In";};["Right Leg"]={tm=.0169;cf=cfr(.348,.5,-.159,.625,-.77,.131,.78,.608,-.148,.034,.195,.98);es="Linear";ed="In";};["Head"]={tm=.0169;cf=cfr(-.238,-.022,-.428,1,0,0,0,1,0,0,0,1);es="Linear";ed="In";};["Right Arm"]={tm=.0169;cf=cfr(.096,.016,-.297,-.5,.326,-.802,-.006,.925,.38,.866,.195,-.461);es="Linear";ed="In";};["Left Arm"]={tm=.0169;cf=cfr(-.001,-.405,-.717,-.171,.665,-.727,-.35,.648,.676,.921,.37,.122);es="Linear";ed="In";};};{tm=.7;["Torso"]={tm=.0170;cf=cfr(0,-.313,4.13,.34,.938,-.064,.026,-.077,-.997,-.94,.338,-.05);es="Linear";ed="In";};["Left Leg"]={tm=.0170;cf=cfr(-.221,.973,.136,.48,-.376,.792,.479,.869,.122,-.735,.321,.598);es="Linear";ed="In";};["Right Leg"]={tm=.0170;cf=cfr(.301,.557,-.157,.63,-.766,.13,.776,.613,-.147,.033,.193,.981);es="Linear";ed="In";};["Head"]={tm=.0170;cf=cfr(-.244,-.022,-.44,1,0,0,0,1,0,0,0,1);es="Linear";ed="In";};["Right Arm"]={tm=.0170;cf=cfr(.116,.017,-.323,-.505,.327,-.799,-.006,.924,.382,.863,.197,-.464);es="Linear";ed="In";};["Left Arm"]={tm=.0170;cf=cfr(.021,-.398,-.732,-.171,.665,-.727,-.35,.648,.676,.921,.37,.122);es="Linear";ed="In";};};{tm=.717;["Torso"]={tm=.0160;cf=cfr(0,-.313,4.178,.443,.895,-.061,.023,-.079,-.997,-.896,.44,-.055);es="Linear";ed="In";};["Left Leg"]={tm=.0160;cf=cfr(-.234,1.019,.113,.48,-.376,.792,.479,.869,.122,-.735,.321,.598);es="Linear";ed="In";};["Right Leg"]={tm=.0160;cf=cfr(.251,.61,-.154,.634,-.762,.129,.772,.618,-.147,.032,.192,.981);es="Linear";ed="In";};["Left Arm"]={tm=.0160;cf=cfr(.043,-.391,-.746,-.171,.665,-.727,-.35,.648,.676,.921,.37,.122);es="Linear";ed="In";};["Cube"]={tm=.2160;cf=cfr(0,0,0,1,0,0,0,1,0,0,0,1);es="Linear";ed="In";};["Bone"]={tm=.2160;cf=cfr(0,0,0,1,0,0,0,1,0,0,0,1);es="Linear";ed="In";};["Bone.001"]={tm=.2160;cf=cfr(0,0,0,1,0,0,0,1,0,0,0,1);es="Linear";ed="In";};["Bone.002"]={tm=.2160;cf=cfr(0,0,0,.856,-.501,.126,.517,.83,-.209,0,.244,.97);es="Linear";ed="In";};["Bone.003"]={tm=.2160;cf=cfr(0,0,0,.812,-.579,.076,.564,.811,.153,-.15,-.082,.985);es="Linear";ed="In";};["Head"]={tm=.0160;cf=cfr(-.251,-.023,-.451,1,0,0,0,1,0,0,0,1);es="Linear";ed="In";};["Right Arm"]={tm=.0160;cf=cfr(.14,.019,-.347,-.505,.327,-.799,-.006,.924,.382,.863,.197,-.464);es="Linear";ed="In";};};{tm=.733;["Torso"]={tm=.0170;cf=cfr(0,-.313,4.222,.535,.843,-.056,.02,-.079,-.997,-.845,.532,-.059);es="Linear";ed="In";};["Left Leg"]={tm=.0170;cf=cfr(-.244,1.059,.083,.48,-.376,.792,.479,.869,.122,-.735,.321,.598);es="Linear";ed="In";};["Right Leg"]={tm=.0170;cf=cfr(.199,.659,-.15,.638,-.759,.128,.769,.622,-.146,.032,.192,.981);es="Linear";ed="In";};["Head"]={tm=.0170;cf=cfr(-.257,-.023,-.462,1,0,0,0,1,0,0,0,1);es="Linear";ed="In";};["Right Arm"]={tm=.0170;cf=cfr(.169,.02,-.37,-.505,.327,-.799,-.006,.924,.382,.863,.197,-.464);es="Linear";ed="In";};["Left Arm"]={tm=.0170;cf=cfr(.064,-.383,-.76,-.171,.665,-.727,-.35,.648,.676,.921,.37,.122);es="Linear";ed="In";};};{tm=.75;["Torso"]={tm=.0170;cf=cfr(0,-.313,4.263,.617,.785,-.052,.017,-.079,-.997,-.787,.614,-.061);es="Linear";ed="In";};["Left Leg"]={tm=.0170;cf=cfr(-.252,1.094,.045,.48,-.376,.792,.479,.869,.122,-.735,.321,.598);es="Linear";ed="In";};["Right Leg"]={tm=.0170;cf=cfr(.144,.701,-.147,.64,-.758,.127,.768,.624,-.146,.031,.191,.981);es="Linear";ed="In";};["Head"]={tm=.0170;cf=cfr(-.262,-.024,-.472,1,0,0,0,1,0,0,0,1);es="Linear";ed="In";};["Right Arm"]={tm=.0170;cf=cfr(.202,.022,-.392,-.505,.327,-.799,-.006,.924,.382,.863,.197,-.464);es="Linear";ed="In";};["Left Arm"]={tm=.0170;cf=cfr(.084,-.376,-.773,-.171,.665,-.727,-.35,.648,.676,.921,.37,.122);es="Linear";ed="In";};};{tm=.767;["Torso"]={tm=.0160;cf=cfr(0,-.312,4.3,.69,.723,-.047,.013,-.077,-.997,-.724,.687,-.063);es="Linear";ed="In";};["Left Leg"]={tm=.0160;cf=cfr(-.258,1.123,-.001,.48,-.376,.792,.479,.869,.122,-.735,.321,.598);es="Linear";ed="In";};["Right Leg"]={tm=.0160;cf=cfr(.087,.737,-.143,.641,-.757,.127,.767,.625,-.146,.031,.191,.981);es="Linear";ed="In";};["Head"]={tm=.0160;cf=cfr(-.268,-.025,-.482,1,0,0,0,1,0,0,0,1);es="Linear";ed="In";};["Right Arm"]={tm=.0160;cf=cfr(.237,.023,-.412,-.505,.327,-.799,-.006,.924,.382,.863,.197,-.464);es="Linear";ed="In";};["Left Arm"]={tm=.0160;cf=cfr(.104,-.369,-.785,-.171,.665,-.727,-.35,.648,.676,.921,.37,.122);es="Linear";ed="In";};};{tm=.783;["Torso"]={tm=.0170;cf=cfr(0,-.312,4.334,.754,.656,-.042,.01,-.075,-.997,-.657,.751,-.063);es="Linear";ed="In";};["Left Leg"]={tm=.0170;cf=cfr(-.263,1.147,-.057,.48,-.376,.792,.479,.869,.122,-.735,.321,.598);es="Linear";ed="In";};["Right Leg"]={tm=.0170;cf=cfr(.027,.766,-.139,.641,-.757,.127,.767,.625,-.146,.031,.191,.981);es="Linear";ed="In";};["Head"]={tm=.0170;cf=cfr(-.273,-.025,-.492,1,0,0,0,1,0,0,0,1);es="Linear";ed="In";};["Right Arm"]={tm=.0170;cf=cfr(.275,.024,-.431,-.505,.327,-.799,-.006,.924,.382,.863,.197,-.464);es="Linear";ed="In";};["Left Arm"]={tm=.0170;cf=cfr(.123,-.361,-.796,-.171,.665,-.727,-.35,.648,.676,.921,.37,.122);es="Linear";ed="In";};};{tm=.8;["Torso"]={tm=.0169;cf=cfr(0,-.312,4.365,.809,.586,-.036,.007,-.071,-.997,-.587,.807,-.062);es="Linear";ed="In";};["Left Leg"]={tm=.0169;cf=cfr(-.266,1.168,-.121,.48,-.376,.792,.479,.869,.122,-.735,.321,.598);es="Linear";ed="In";};["Right Leg"]={tm=.0169;cf=cfr(-.034,.791,-.135,.641,-.757,.127,.767,.625,-.146,.031,.191,.981);es="Linear";ed="In";};["Head"]={tm=.0169;cf=cfr(-.278,-.025,-.5,1,0,0,0,1,0,0,0,1);es="Linear";ed="In";};["Right Arm"]={tm=.0169;cf=cfr(.314,.025,-.448,-.505,.327,-.799,-.006,.924,.382,.863,.197,-.464);es="Linear";ed="In";};["Left Arm"]={tm=.0169;cf=cfr(.141,-.354,-.807,-.171,.665,-.727,-.35,.648,.676,.921,.37,.122);es="Linear";ed="In";};};{tm=.817;["Torso"]={tm=.0160;cf=cfr(0,-.311,4.393,.857,.515,-.032,.004,-.068,-.998,-.516,.855,-.06);es="Linear";ed="In";};["Left Leg"]={tm=.0160;cf=cfr(-.27,1.186,-.192,.48,-.376,.792,.479,.869,.122,-.735,.321,.598);es="Linear";ed="In";};["Right Leg"]={tm=.0160;cf=cfr(-.096,.812,-.133,.641,-.757,.127,.767,.625,-.146,.031,.191,.981);es="Linear";ed="In";};["Head"]={tm=.0160;cf=cfr(-.283,-.026,-.509,1,0,0,0,1,0,0,0,1);es="Linear";ed="In";};["Right Arm"]={tm=.0160;cf=cfr(.354,.026,-.465,-.505,.327,-.799,-.006,.924,.382,.863,.197,-.464);es="Linear";ed="In";};["Left Arm"]={tm=.0160;cf=cfr(.158,-.347,-.817,-.171,.665,-.727,-.35,.648,.676,.921,.37,.122);es="Linear";ed="In";};};{tm=.833;["Torso"]={tm=.0170;cf=cfr(0,-.31,4.417,.896,.444,-.027,.002,-.064,-.998,-.444,.894,-.058);es="Linear";ed="In";};["Left Leg"]={tm=.0170;cf=cfr(-.272,1.202,-.266,.48,-.376,.792,.479,.869,.122,-.735,.321,.598);es="Linear";ed="In";};["Right Leg"]={tm=.0170;cf=cfr(-.157,.829,-.13,.641,-.757,.127,.767,.625,-.146,.031,.191,.981);es="Linear";ed="In";};["Head"]={tm=.0170;cf=cfr(-.287,-.026,-.516,1,0,0,0,1,0,0,0,1);es="Linear";ed="In";};["Right Arm"]={tm=.0170;cf=cfr(.394,.028,-.479,-.505,.327,-.799,-.006,.924,.382,.863,.197,-.464);es="Linear";ed="In";};["Left Arm"]={tm=.0170;cf=cfr(.173,-.341,-.826,-.171,.665,-.727,-.35,.648,.676,.921,.37,.122);es="Linear";ed="In";};};{tm=.85;["Torso"]={tm=.0170;cf=cfr(0,-.31,4.439,.927,.373,-.023,-.001,-.059,-.998,-.374,.926,-.055);es="Linear";ed="In";};["Left Leg"]={tm=.0170;cf=cfr(-.274,1.216,-.342,.48,-.376,.792,.479,.869,.122,-.735,.321,.598);es="Linear";ed="In";};["Right Leg"]={tm=.0170;cf=cfr(-.216,.843,-.128,.641,-.757,.127,.767,.625,-.146,.031,.191,.981);es="Linear";ed="In";};["Head"]={tm=.0170;cf=cfr(-.291,-.027,-.523,1,0,0,0,1,0,0,0,1);es="Linear";ed="In";};["Right Arm"]={tm=.0170;cf=cfr(.433,.028,-.492,-.505,.327,-.799,-.006,.924,.382,.863,.197,-.464);es="Linear";ed="In";};["Left Arm"]={tm=.0170;cf=cfr(.188,-.334,-.834,-.171,.665,-.727,-.35,.648,.676,.921,.37,.122);es="Linear";ed="In";};};{tm=.867;["Torso"]={tm=.0160;cf=cfr(0,-.309,4.458,.952,.305,-.019,-.002,-.054,-.999,-.306,.951,-.051);es="Linear";ed="In";};["Left Leg"]={tm=.0160;cf=cfr(-.276,1.227,-.418,.48,-.376,.792,.479,.869,.122,-.735,.321,.598);es="Linear";ed="In";};["Right Leg"]={tm=.0160;cf=cfr(-.272,.853,-.127,.641,-.757,.127,.767,.625,-.146,.031,.191,.981);es="Linear";ed="In";};["Head"]={tm=.0160;cf=cfr(-.294,-.027,-.529,1,0,0,0,1,0,0,0,1);es="Linear";ed="In";};["Right Arm"]={tm=.0160;cf=cfr(.471,.029,-.504,-.505,.327,-.799,-.006,.924,.382,.863,.197,-.464);es="Linear";ed="In";};["Left Arm"]={tm=.0160;cf=cfr(.201,-.328,-.841,-.171,.665,-.727,-.35,.648,.676,.921,.37,.122);es="Linear";ed="In";};};{tm=.883;["Torso"]={tm=.0170;cf=cfr(0,-.309,4.474,.97,.242,-.015,-.003,-.05,-.999,-.242,.969,-.047);es="Linear";ed="In";};["Left Leg"]={tm=.0170;cf=cfr(-.277,1.237,-.491,.48,-.376,.792,.479,.869,.122,-.735,.321,.598);es="Linear";ed="In";};["Right Leg"]={tm=.0170;cf=cfr(-.325,.861,-.126,.641,-.757,.127,.767,.625,-.146,.031,.191,.981);es="Linear";ed="In";};["Head"]={tm=.0170;cf=cfr(-.297,-.027,-.535,1,0,0,0,1,0,0,0,1);es="Linear";ed="In";};["Right Arm"]={tm=.0170;cf=cfr(.505,.03,-.514,-.505,.327,-.799,-.006,.924,.382,.863,.197,-.464);es="Linear";ed="In";};["Left Arm"]={tm=.0170;cf=cfr(.213,-.323,-.847,-.171,.665,-.727,-.35,.648,.676,.921,.37,.122);es="Linear";ed="In";};};{tm=.9;["Torso"]={tm=.0170;cf=cfr(0,-.308,4.487,.983,.184,-.013,-.004,-.045,-.999,-.184,.982,-.044);es="Linear";ed="In";};["Left Leg"]={tm=.0170;cf=cfr(-.278,1.244,-.559,.48,-.376,.792,.479,.869,.122,-.735,.321,.598);es="Linear";ed="In";};["Right Leg"]={tm=.0170;cf=cfr(-.372,.867,-.125,.641,-.757,.127,.767,.625,-.146,.031,.191,.981);es="Linear";ed="In";};["Head"]={tm=.0170;cf=cfr(-.3,-.027,-.54,1,0,0,0,1,0,0,0,1);es="Linear";ed="In";};["Right Arm"]={tm=.0170;cf