-- // converted using mech's animoduler
local cfr = CFrame.new

return {{tm=0;["Torso"]={tm=.05;cf=cfr(0,-.307,4.512,.998,.06,-.007,-.005,-.035,-.999,-.06,.998,-.034);es="Linear";ed="In";};["Left Leg"]={tm=.05;cf=cfr(-.279,1.257,-.709,.48,-.376,.792,.479,.869,.122,-.735,.321,.598);es="Linear";ed="In";};["Left Arm"]={tm=.05;cf=cfr(.244,-.309,-.864,-.171,.665,-.727,-.35,.648,.676,.921,.37,.122);es="Linear";ed="In";};["Cube"]={tm=.133;cf=cfr(-.815,-.285,0,.018,0,1,1,0,-.018,0,1,0);es="Linear";ed="In";};["Bone"]={tm=.133;cf=cfr(-1.846,.222,.644,-.233,.923,.307,-.591,-.385,.709,.772,-.016,.635);es="Linear";ed="InOut";};["Bone.001"]={tm=.4;cf=cfr(0,0,0,1,.032,0,-.032,1,0,0,0,1);es="Linear";ed="InOut";};["Bone.002"]={tm=.4;cf=cfr(0,0,0,.954,-.298,0,.298,.954,0,0,0,1);es="Linear";ed="InOut";};["Bone.003"]={tm=.167;cf=cfr(0,0,0,.991,.134,0,-.129,.958,.257,.034,-.255,.966);es="Linear";ed="InOut";};["Bone.004"]={tm=.167;cf=cfr(0,0,0,.985,.016,.173,.038,.952,-.304,-.17,.306,.937);es="Linear";ed="InOut";};["Bone.005"]={tm=.167;cf=cfr(0,0,0,.999,.047,0,-.047,.981,.189,.009,-.189,.982);es="Linear";ed="In";};["Bone.006"]={tm=.167;cf=cfr(0,0,0,.977,.086,-.194,-.096,.994,-.043,.189,.061,.98);es="Linear";ed="InOut";};["Bone.007"]={tm=.5;cf=cfr(0,0,0,.991,-.137,0,.134,.972,.191,-.026,-.189,.982);es="Linear";ed="InOut";};["Bone.008"]={tm=.5;cf=cfr(0,0,0,1,-.002,0,.002,1,0,0,0,1);es="Linear";ed="InOut";};["Bone.009"]={tm=.5;cf=cfr(0,0,0,.937,.349,0,-.349,.937,0,0,0,1);es="Linear";ed="InOut";};["Bone.010"]={tm=.5;cf=cfr(0,0,0,.706,-.707,.036,.703,.706,.083,-.084,-.034,.996);es="Linear";ed="In";};["Bone.011"]={tm=0;cf=cfr(0,0,0,.247,.969,0,-.969,.247,0,0,0,1);es="Linear";ed="InOut";};["Bone.012"]={tm=0;cf=cfr(0,0,0,.793,-.609,0,.609,.793,0,0,0,1);es="Linear";ed="In";};["Bone.013"]={tm=0;cf=cfr(0,0,0,.988,.154,0,-.154,.988,0,0,0,1);es="Linear";ed="In";};["Right Leg"]={tm=.05;cf=cfr(-.473,.874,-.124,.641,-.757,.127,.767,.625,-.146,.031,.191,.981);es="Linear";ed="In";};["Head"]={tm=.05;cf=cfr(-.305,-.028,-.549,1,0,0,0,1,0,0,0,1);es="Linear";ed="In";};["Right Arm"]={tm=.05;cf=cfr(.605,.032,-.54,-.505,.327,-.799,-.006,.924,.382,.863,.197,-.464);es="Linear";ed="In";};};{tm=.05;["Torso"]={tm=.0999;cf=cfr(0,-.307,4.199,.847,.531,-.033,-.248,.339,-.907,-.47,.777,.419);es="Linear";ed="In";};["Left Leg"]={tm=.0999;cf=cfr(-.437,1.14,-.555,.73,-.285,.621,.138,.952,.275,-.669,-.115,.734);es="Linear";ed="In";};["Right Leg"]={tm=.0999;cf=cfr(-.079,.613,-.112,.92,-.389,.044,.389,.921,.014,-.046,.004,.999);es="Linear";ed="In";};["Head"]={tm=.0999;cf=cfr(-.174,-.016,-.314,.892,-.434,-.125,.448,.885,.128,.055,-.171,.984);es="Linear";ed="In";};["Right Arm"]={tm=.0999;cf=cfr(.346,.018,-.308,.544,.254,-.8,.147,.91,.388,.826,-.329,.458);es="Linear";ed="In";};["Left Arm"]={tm=.0999;cf=cfr(.507,-.19,-.705,-.564,.819,-.1,-.558,-.29,.777,.608,.494,.621);es="Linear";ed="In";};};{tm=.133;["Cube"]={tm=.267;cf=cfr(-.815,-.285,0,.018,.772,.635,1,-.014,-.012,0,.635,-.772);es="Linear";ed="In";};["Bone"]={tm=.134;cf=cfr(-.456,.18,.48,.282,.721,-.633,-.76,.571,.311,.586,.393,.709);es="Linear";ed="In";};};{tm=.15;["Torso"]={tm=.067;cf=cfr(0,-.307,3.336,.443,.838,.318,-.741,.542,-.397,-.505,-.06,.861);es="Linear";ed="In";};["Left Leg"]={tm=.1170;cf=cfr(-.649,.984,-.349,.908,.123,.4,-.345,.76,.55,-.237,-.638,.733);es="Linear";ed="In";};["Right Leg"]={tm=.1170;cf=cfr(.459,.335,-.105,.986,.161,.047,-.167,.961,.222,-.009,-.227,.974);es="Linear";ed="In";};["Head"]={tm=.1;cf=cfr(0,0,0,.568,-.781,-.259,.818,.57,.077,.088,-.256,.963);es="Linear";ed="In";};["Right Arm"]={tm=.1329;cf=cfr(0,0,0,.751,-.633,.189,.407,.668,.623,-.52,-.391,.759);es="Linear";ed="In";};["Left Arm"]={tm=.0830;cf=cfr(.753,-.036,-.51,-.861,-.09,.501,.038,-.993,-.112,.508,-.077,.858);es="Linear";ed="In";};};{tm=.167;["Bone.003"]={tm=.233;cf=cfr(0,0,0,.871,.491,0,-.475,.842,.257,.126,-.224,.966);es="Linear";ed="In";};["Bone.004"]={tm=.233;cf=cfr(0,0,0,1,0,0,0,1,0,0,0,1);es="Linear";ed="In";};["Bone.005"]={tm=.233;cf=cfr(0,0,0,1,0,0,0,1,0,0,0,1);es="Linear";ed="In";};["Bone.006"]={tm=.233;cf=cfr(0,0,0,.792,.579,-.194,-.596,.802,-.043,.131,.15,.98);es="Linear";ed="In";};};{tm=.217;["Torso"]={tm=.1;cf=cfr(0,-.307,2.447,.566,.728,.387,-.765,.639,-.084,-.309,-.249,.918);es="Linear";ed="In";};};{tm=.233;["Left Arm"]={tm=.167;cf=cfr(.488,-.048,-.554,-.419,-.28,.864,.278,-.945,-.172,.865,.168,.474);es="Linear";ed="In";};};{tm=.25;["Head"]={tm=.0999;cf=cfr(0,0,0,.843,-.534,-.07,.491,.815,-.308,.221,.225,.949);es="Linear";ed="In";};};{tm=.267;["Left Leg"]={tm=.133;cf=cfr(-.649,.984,-.349,.791,.463,.4,-.612,.569,.55,.027,-.68,.733);es="Linear";ed="In";};["Right Leg"]={tm=.133;cf=cfr(.504,.579,-.134,.996,-.083,.013,.081,.99,.115,-.022,-.113,.993);es="Linear";ed="In";};["Bone"]={tm=.133;cf=cfr(-.687,.411,.171,.204,.746,-.633,-.816,.488,.311,.541,.453,.709);es="Linear";ed="In";};};{tm=.283;["Right Arm"]={tm=.1000;cf=cfr(0,0,0,-.092,-.918,-.385,.825,-.287,.487,-.558,-.273,.784);es="Linear";ed="In";};};{tm=.317;["Torso"]={tm=.0830;cf=cfr(0,-.307,.692,.68,.583,.444,-.664,.747,.036,-.311,-.32,.895);es="Linear";ed="In";};};{tm=.35;["Head"]={tm=.0830;cf=cfr(0,0,0,.911,-.411,-.022,.373,.847,-.379,.175,.337,.925);es="Linear";ed="In";};};{tm=.383;["Right Arm"]={tm=.1500;cf=cfr(.198,-.421,-.09,-.38,-.841,-.385,.69,-.535,.487,-.616,-.08,.784);es="Linear";ed="In";};};{tm=.4;["Torso"]={tm=.0169;cf=cfr(0,-.307,-.521,.922,.322,.215,-.318,.947,-.056,-.222,-.017,.975);es="Linear";ed="In";};["Left Leg"]={tm=.067;cf=cfr(-.501,1.155,.064,.921,.228,.315,-.339,.868,.363,-.191,-.441,.877);es="Linear";ed="In";};["Right Leg"]={tm=.0169;cf=cfr(.415,.35,-.106,.933,.359,.013,-.358,.927,.115,.029,-.112,.993);es="Linear";ed="In";};["Left Arm"]={tm=.0999;cf=cfr(.839,-.112,-.235,-.837,-.484,-.257,.429,-.87,.242,-.341,.093,.936);es="Linear";ed="In";};["Cube"]={tm=.0999;cf=cfr(0,0,0,1,0,0,0,1,0,0,0,1);es="Linear";ed="In";};["Bone"]={tm=.0329;cf=cfr(0,0,0,1,0,0,0,1,0,0,0,1);es="Linear";ed="In";};["Bone.001"]={tm=.0329;cf=cfr(0,0,0,1,0,0,0,1,0,0,0,1);es="Linear";ed="In";};["Bone.002"]={tm=.0329;cf=cfr(0,0,0,1,0,0,0,1,0,0,0,1);es="Linear";ed="In";};["Bone.003"]={tm=.0329;cf=cfr(0,0,0,.779,.627,0,-.606,.753,.257,.161,-.2,.966);es="Linear";ed="In";};["Bone.004"]={tm=.0999;cf=cfr(0,0,0,1,0,0,0,1,0,0,0,1);es="Linear";ed="In";};["Bone.005"]={tm=.0999;cf=cfr(0,0,0,1,0,0,0,1,0,0,0,1);es="Linear";ed="In";};["Bone.006"]={tm=.0999;cf=cfr(0,0,0,.962,.194,-.194,-.206,.978,-.043,.182,.082,.98);es="Linear";ed="In";};};{tm=.417;["Torso"]={tm=.066;cf=cfr(0,-.307,-.694,.944,.317,.09,-.269,.899,-.345,-.19,.302,.934);es="Linear";ed="In";};["Right Leg"]={tm=.0500;cf=cfr(.723,.477,-.119,.971,.237,.013,-.237,.965,.115,.015,-.114,.993);es="Linear";ed="In";};};{tm=.433;["Head"]={tm=.1000;cf=cfr(0,0,0,.911,-.404,-.08,.373,.892,-.256,.175,.203,.963);es="Linear";ed="In";};["Bone"]={tm=.067;cf=cfr(-.687,.411,.171,.197,.748,-.633,-.821,.479,.311,.537,.458,.709);es="Linear";ed="In";};["Bone.001"]={tm=.067;cf=cfr(0,0,0,1,0,0,0,1,0,0,0,1);es="Linear";ed="In";};["Bone.002"]={tm=.067;cf=cfr(0,0,0,1,0,0,0,1,0,0,0,1);es="Linear";ed="In";};["Bone.003"]={tm=.067;cf=cfr(0,0,0,.795,.607,0,-.586,.768,.257,.156,-.204,.966);es="Linear";ed="In";};};{tm=.467;["Left Leg"]={tm=.1159;cf=cfr(-.642,1.278,.078,.939,.156,.306,-.256,.912,.319,-.229,-.378,.897);es="Linear";ed="In";};["Right Leg"]={tm=.1159;cf=cfr(.87,.513,-.125,.961,.275,.013,-.275,.955,.115,.019,-.114,.993);es="Linear";ed="In";};};{tm=.483;["Torso"]={tm=.0999;cf=cfr(0,-.307,-1.041,.944,.327,.035,-.269,.827,-.493,-.19,.456,.869);es="Linear";ed="In";};};{tm=.5;["Left Arm"]={tm=.0999;cf=cfr(.839,-.112,-.235,-.946,.147,.288,-.323,-.424,-.846,-.002,-.894,.449);es="Linear";ed="In";};["Cube"]={tm=.0999;cf=cfr(0,0,0,1,0,0,0,1,0,0,0,1);es="Linear";ed="In";};["Bone"]={tm=.0500;cf=cfr(0,0,0,1,0,0,0,1,0,0,0,1);es="Linear";ed="In";};["Bone.001"]={tm=.0999;cf=cfr(0,0,0,1,0,0,0,1,0,0,0,1);es="Linear";ed="In";};["Bone.002"]={tm=.0999;cf=cfr(0,0,0,1,0,0,0,1,0,0,0,1);es="Linear";ed="In";};["Bone.003"]={tm=.0999;cf=cfr(0,0,0,.809,.588,0,-.568,.782,.257,.151,-.208,.966);es="Linear";ed="In";};["Bone.004"]={tm=.0999;cf=cfr(0,0,0,1,0,0,0,1,0,0,0,1);es="Linear";ed="In";};["Bone.005"]={tm=.0999;cf=cfr(0,0,0,1,0,0,0,1,0,0,0,1);es="Linear";ed="In";};["Bone.006"]={tm=.0999;cf=cfr(0,0,0,.875,.444,-.194,-.46,.887,-.043,.153,.127,.98);es="Linear";ed="In";};["Bone.007"]={tm=.0999;cf=cfr(0,0,0,1,0,0,0,1,0,0,0,1);es="Linear";ed="In";};["Bone.008"]={tm=.0999;cf=cfr(0,0,0,1,0,0,0,1,0,0,0,1);es="Linear";ed="In";};["Bone.009"]={tm=.0999;cf=cfr(0,0,0,1,0,0,0,1,0,0,0,1);es="Linear";ed="In";};["Bone.010"]={tm=.0999;cf=cfr(0,0,0,.919,-.392,.036,.388,.918,.083,-.065,-.062,.996);es="Linear";ed="In";};};{tm=.533;["Head"]={tm=.0999;cf=cfr(0,0,0,.934,-.352,-.057,.315,.888,-.334,.168,.295,.941);es="Linear";ed="In";};["Right Arm"]={tm=.0499;cf=cfr(.077,-.515,-.072,.806,-.45,-.385,.592,.642,.487,.028,-.62,.784);es="Linear";ed="In";};};{tm=.55;["Bone"]={tm=.0499;cf=cfr(-.687,.411,.171,.465,-.175,-.868,-.162,.947,-.278,.871,.27,.412);es="Linear";ed="In";};};{tm=.583;["Torso"]={tm=.1169;cf=cfr(0,-.307,-.828,.985,.17,-.03,-.149,.749,-.645,-.087,.64,.764);es="Linear";ed="In";};["Left Leg"]={tm=.1169;cf=cfr(-.714,1.445,.061,.864,.439,.249,-.484,.859,.166,-.141,-.264,.954);es="Linear";ed="In";};["Right Leg"]={tm=.1169;cf=cfr(.932,.677,-.145,.994,.113,.013,-.114,.987,.115,0,-.115,.993);es="Linear";ed="In";};["Right Arm"]={tm=.0670;cf=cfr(.25,-.381,-.098,.922,-.046,-.385,.246,.838,.487,.3,-.544,.784);es="Linear";ed="In";};};{tm=.6;["Left Arm"]={tm=.0999;cf=cfr(.839,-.112,-.235,-.69,.663,.288,-.508,-.161,-.846,-.515,-.731,.449);es="Linear";ed="In";};["Cube"]={tm=.2000;cf=cfr(0,0,0,1,0,0,0,1,0,0,0,1);es="Linear";ed="In";};["Bone"]={tm=.0670;cf=cfr(0,0,0,1,0,0,0,1,0,0,0,1);es="Linear";ed="In";};["Bone.001"]={tm=.2000;cf=cfr(0,0,0,1,0,0,0,1,0,0,0,1);es="Linear";ed="In";};["Bone.002"]={tm=.2000;cf=cfr(0,0,0,1,0,0,0,1,0,0,0,1);es="Linear";ed="In";};["Bone.003"]={tm=.2000;cf=cfr(0,0,0,.954,.3,0,-.29,.922,.257,.077,-.245,.966);es="Linear";ed="In";};["Bone.004"]={tm=.2000;cf=cfr(0,0,0,1,0,0,0,1,0,0,0,1);es="Linear";ed="In";};["Bone.005"]={tm=.2000;cf=cfr(0,0,0,1,0,0,0,1,0,0,0,1);es="Linear";ed="In";};["Bone.006"]={tm=.2000;cf=cfr(0,0,0,1,0,0,0,1,0,0,0,1);es="Linear";ed="In";};["Bone.007"]={tm=.2000;cf=cfr(0,0,0,1,0,0,0,1,0,0,0,1);es="Linear";ed="In";};["Bone.008"]={tm=.2000;cf=cfr(0,0,0,1,0,0,0,1,0,0,0,1);es="Linear";ed="In";};["Bone.009"]={tm=.2000;cf=cfr(0,0,0,1,0,0,0,1,0,0,0,1);es="Linear";ed="In";};["Bone.010"]={tm=.2000;cf=cfr(0,0,0,.973,-.229,.036,.225,.971,.083,-.054,-.073,.996);es="Linear";ed="In";};};{tm=.633;["Head"]={tm=.1670;cf=cfr(0,0,0,.962,-.261,-.082,.226,.927,-.298,.154,.268,.951);es="Linear";ed="In";};};{tm=.65;["Right Arm"]={tm=.0499;cf=cfr(.205,-.419,-.089,.923,-.001,-.385,.204,.849,.487,.326,-.528,.784);es="Linear";ed="In";};};{tm=.667;["Bone"]={tm=.133;cf=cfr(-.687,.411,.171,.493,-.318,-.809,-.051,.918,-.392,.868,.235,.437);es="Linear";ed="In";};};{tm=.7;["Torso"]={tm=.1000;cf=cfr(0,-.307,-.76,.998,.053,.029,-.03,.857,-.515,-.052,.513,.857);es="Linear";ed="In";};["Left Leg"]={tm=.1000;cf=cfr(-.579,1.127,.077,.857,.46,.232,-.49,.867,.091,-.159,-.192,.968);es="Linear";ed="In";};["Right Leg"]={tm=.1000;cf=cfr(.873,.486,-.122,.966,.257,.013,-.257,.96,.115,.017,-.114,.993);es="Linear";ed="In";};["Right Arm"]={tm=.1000;cf=cfr(.172,-.448,-.082,.922,-.047,-.385,.246,.838,.487,.3,-.544,.784);es="Linear";ed="In";};["Left Arm"]={tm=.1000;cf=cfr(.839,-.112,-.235,-.696,.658,.288,-.507,-.166,-.846,-.509,-.735,.449);es="Linear";ed="In";};};{tm=.8;["Torso"]={tm=0;cf=cfr(0,-.307,-.741,.999,.017,.043,.005,.881,-.474,-.046,.473,.88);es="Linear";ed="In";};["Left Leg"]={tm=0;cf=cfr(-.54,1.036,.081,.855,.466,.227,-.492,.868,.07,-.164,-.171,.971);es="Linear";ed="In";};["Left Arm"]={tm=0;cf=cfr(.839,-.112,-.235,-.698,.656,.288,-.506,-.167,-.846,-.507,-.736,.449);es="Linear";ed="In";};["Cube"]={tm=0;cf=cfr(0,0,0,1,0,0,0,1,0,0,0,1);es="Linear";ed="In";};["Bone"]={tm=0;cf=cfr(-.649,.237,.149,.504,-.213,-.837,0,.969,-.247,.863,.125,.489);es="Linear";ed="In";};["Bone.001"]={tm=0;cf=cfr(0,0,0,1,0,0,0,1,0,0,0,1);es="Linear";ed="In";};["Bone.002"]={tm=0;cf=cfr(0,0,0,1,0,0,0,1,0,0,0,1);es="Linear";ed="In";};["Bone.003"]={tm=0;cf=cfr(0,0,0,1,0,0,0,1,0,0,0,1);es="Linear";ed="In";};["Bone.004"]={tm=0;cf=cfr(0,0,0,1,0,0,0,1,0,0,0,1);es="Linear";ed="In";};["Bone.005"]={tm=0;cf=cfr(0,0,0,.316,-.916,.246,.912,.222,-.346,.262,.334,.906);es="Linear";ed="In";};["Bone.006"]={tm=0;cf=cfr(0,0,0,1,0,0,0,1,0,0,0,1);es="Linear";ed="In";};["Bone.007"]={tm=0;cf=cfr(0,0,0,1,0,0,0,1,0,0,0,1);es="Linear";ed="In";};["Bone.008"]={tm=0;cf=cfr(0,0,0,1,0,0,0,1,0,0,0,1);es="Linear";ed="In";};["Bone.009"]={tm=0;cf=cfr(0,0,0,1,0,0,0,1,0,0,0,1);es="Linear";ed="In";};["Bone.010"]={tm=0;cf=cfr(0,0,0,.314,-.949,.036,.945,.316,.083,-.09,.008,.996);es="Linear";ed="In";};["Right Leg"]={tm=0;cf=cfr(.856,.432,-.116,.955,.297,.013,-.297,.948,.115,.022,-.113,.993);es="Linear";ed="In";};["Head"]={tm=0;cf=cfr(0,0,0,.969,-.23,-.09,.196,.938,-.285,.15,.259,.954);es="Linear";ed="In";};["Right Arm"]={tm=0;cf=cfr(.149,-.467,-.078,.92,-.077,-.385,.273,.829,.487,.282,-.553,.784);es="Linear";ed="In";};};}