-- // converted using mech's animoduler
local cfr = CFrame.new

return {{tm=0;["Torso"]={tm=.067;cf=cfr(0,-.081,0,.989,-.113,.093,.114,.994,-.003,-.092,.014,.996);es="Linear";ed="In";};["Head"]={tm=.083;cf=cfr(0,0,0,.998,.036,-.049,-.049,.95,-.309,.036,.311,.95);es="Linear";ed="In";};["Right Arm"]={tm=.067;cf=cfr(.268,-.663,.02,-.904,-.425,-.046,.396,-.873,.284,-.161,.238,.958);es="Linear";ed="In";};["Left Arm"]={tm=.067;cf=cfr(-.203,-.075,-.037,.943,-.306,-.131,.332,.901,.281,.032,-.308,.951);es="Linear";ed="In";};};{tm=.067;["Torso"]={tm=.066;cf=cfr(-.034,-.176,.017,.934,.33,.139,-.347,.93,.123,-.089,-.163,.983);es="Linear";ed="In";};["Right Arm"]={tm=.066;cf=cfr(.424,-.869,-.285,-.951,-.262,.166,.291,-.939,.183,.108,.222,.969);es="Linear";ed="In";};["Left Arm"]={tm=.066;cf=cfr(-.271,-.104,-.075,.815,-.222,-.535,.347,.926,.145,.464,-.304,.832);es="Linear";ed="In";};};{tm=.083;["Head"]={tm=.05;cf=cfr(0,0,0,.924,-.274,.266,.351,.884,-.309,-.15,.379,.913);es="Linear";ed="In";};};{tm=.133;["Torso"]={tm=.067;cf=cfr(-.034,-.176,.017,.717,.697,-.006,-.689,.711,.141,.103,-.097,.99);es="Linear";ed="In";};["Head"]={tm=.067;cf=cfr(0,0,0,.688,-.473,.551,.65,.738,-.179,-.323,.481,.815);es="Linear";ed="In";};["Right Arm"]={tm=.067;cf=cfr(.368,-.832,-.436,-.48,-.702,.527,.873,-.441,.207,.087,.559,.824);es="Linear";ed="In";};["Left Arm"]={tm=.067;cf=cfr(-.292,.11,-.053,.504,.716,-.483,-.797,.601,.058,.332,.356,.874);es="Linear";ed="In";};};{tm=.2;["Torso"]={tm=.067;cf=cfr(-.034,-.176,.017,.601,.799,-.017,-.799,.6,-.025,-.01,.029,1);es="Linear";ed="In";};["Head"]={tm=.067;cf=cfr(0,0,0,.794,-.473,.383,.594,.738,-.32,-.132,.481,.867);es="Linear";ed="In";};["Right Arm"]={tm=.067;cf=cfr(.533,-.626,-.426,-.368,-.583,.725,.886,.018,.464,-.283,.813,.509);es="Linear";ed="In";};["Left Arm"]={tm=.067;cf=cfr(-.382,-.457,-.103,-.729,.667,-.152,-.419,-.259,.87,.542,.698,.468);es="Linear";ed="In";};};{tm=.267;["Torso"]={tm=.066;cf=cfr(-.034,-.176,.017,.569,.822,-.002,-.82,.568,-.069,-.056,.041,.998);es="Linear";ed="In";};["Head"]={tm=.066;cf=cfr(0,0,0,.736,-.662,.141,.674,.701,-.231,.054,.265,.963);es="Linear";ed="In";};["Right Arm"]={tm=.066;cf=cfr(.62,-.664,-.513,-.465,-.534,.706,.853,-.057,.519,-.237,.843,.482);es="Linear";ed="In";};["Left Arm"]={tm=.066;cf=cfr(-.462,-.45,-.052,-.742,.67,.007,-.312,-.355,.881,.594,.652,.472);es="Linear";ed="In";};};{tm=.333;["Torso"]={tm=.0499;cf=cfr(-.016,-.105,.017,.567,.823,-.035,-.823,.568,.012,.03,.022,.999);es="Linear";ed="In";};["Head"]={tm=.0339;cf=cfr(0,0,0,.748,-.661,.059,.641,.697,-.323,.173,.28,.944);es="Linear";ed="In";};["Right Arm"]={tm=.0499;cf=cfr(.728,-.666,-.669,-.376,-.56,.738,.891,.002,.454,-.256,.828,.498);es="Linear";ed="In";};["Left Arm"]={tm=.0499;cf=cfr(-.414,-.523,-.126,-.609,.791,.056,-.14,-.176,.974,.781,.585,.218);es="Linear";ed="In";};};{tm=.367;["Head"]={tm=.0830;cf=cfr(0,0,0,.749,-.661,.047,.635,.697,-.333,.187,.28,.942);es="Linear";ed="In";};};{tm=.383;["Torso"]={tm=.067;cf=cfr(-.016,-.117,.017,.567,.823,.023,-.823,.566,.046,.025,-.045,.999);es="Linear";ed="In";};["Right Arm"]={tm=.067;cf=cfr(.603,-.656,-.488,-.448,-.517,.729,.87,-.064,.489,-.206,.854,.478);es="Linear";ed="In";};["Left Arm"]={tm=.067;cf=cfr(-.46,-.525,-.143,-.852,.522,.047,-.027,-.133,.991,.524,.842,.128);es="Linear";ed="In";};};{tm=.45;["Torso"]={tm=.0499;cf=cfr(-.016,-.13,.017,.566,.824,.028,-.824,.566,-.005,-.02,-.02,1);es="Linear";ed="In";};["Head"]={tm=.0499;cf=cfr(0,0,0,.745,-.667,.021,.629,.691,-.355,.222,.278,.935);es="Linear";ed="In";};["Right Arm"]={tm=.0499;cf=cfr(.655,-.666,-.563,-.488,-.48,.729,.862,-.132,.489,-.138,.867,.478);es="Linear";ed="In";};["Left Arm"]={tm=.0499;cf=cfr(-.603,-.405,.209,-.869,.495,-.009,-.065,-.097,.993,.49,.864,.117);es="Linear";ed="In";};};{tm=.5;["Torso"]={tm=.0330;cf=cfr(-.016,-.16,.017,.564,.826,.016,-.825,.564,-.023,-.028,0,1);es="Linear";ed="In";};["Head"]={tm=.0669;cf=cfr(0,0,0,.745,-.666,-.048,.629,.724,-.281,.222,.179,.958);es="Linear";ed="In";};["Right Arm"]={tm=.0500;cf=cfr(.681,-.712,-.603,-.442,-.523,.729,.871,-.053,.489,-.217,.851,.478);es="Linear";ed="In";};["Left Arm"]={tm=.0500;cf=cfr(-.551,-.443,.205,-.816,.523,-.247,-.351,-.107,.93,.46,.846,.271);es="Linear";ed="In";};};{tm=.533;["Torso"]={tm=.0669;cf=cfr(-.016,-.067,.017,.514,.858,-.015,-.857,.514,.047,.048,-.012,.999);es="Linear";ed="In";};};{tm=.55;["Right Arm"]={tm=.0499;cf=cfr(.625,-.706,-.511,-.475,-.492,.729,.865,-.11,.489,-.161,.863,.478);es="Linear";ed="In";};["Left Arm"]={tm=.0499;cf=cfr(-.551,-.443,.205,-.74,.534,-.409,-.549,-.128,.826,.388,.836,.388);es="Linear";ed="In";};};{tm=.567;["Head"]={tm=.0830;cf=cfr(0,0,0,.739,-.671,.064,.651,.686,-.325,.174,.282,.944);es="Linear";ed="In";};};{tm=.6;["Torso"]={tm=.0670;cf=cfr(-.016,-.087,.017,.513,.858,-.005,-.855,.512,.086,.077,-.04,.996);es="Linear";ed="In";};["Right Arm"]={tm=.0670;cf=cfr(.562,-.695,-.406,-.46,-.458,.761,.868,-.051,.494,-.187,.887,.421);es="Linear";ed="In";};["Left Arm"]={tm=.0670;cf=cfr(-.551,-.443,.205,-.844,.534,.054,-.017,-.128,.992,.536,.836,.117);es="Linear";ed="In";};};{tm=.65;["Head"]={tm=.0669;cf=cfr(0,0,0,.739,-.673,-.031,.651,.725,-.225,.174,.147,.974);es="Linear";ed="In";};};{tm=.667;["Torso"]={tm=.0499;cf=cfr(-.016,-.087,.017,.513,.858,0,-.857,.512,.058,.05,-.03,.998);es="Linear";ed="In";};["Right Arm"]={tm=.0499;cf=cfr(.625,-.702,-.511,-.423,-.552,.719,.872,-.034,.487,-.245,.833,.496);es="Linear";ed="In";};["Left Arm"]={tm=.0499;cf=cfr(-.535,-.441,.177,-.828,.515,.222,.123,-.22,.968,.547,.829,.118);es="Linear";ed="In";};};{tm=.717;["Torso"]={tm=.0500;cf=cfr(-.016,-.128,.017,.512,.858,.033,-.859,.512,.002,-.016,-.03,.999);es="Linear";ed="In";};["Head"]={tm=.0660;cf=cfr(0,0,0,.736,-.674,-.058,.639,.721,-.268,.222,.16,.962);es="Linear";ed="In";};["Right Arm"]={tm=.0500;cf=cfr(.645,-.702,-.544,-.389,-.576,.719,.873,.019,.487,-.295,.817,.496);es="Linear";ed="In";};["Left Arm"]={tm=.0500;cf=cfr(-.535,-.441,.177,-.852,.515,-.093,-.236,-.22,.947,.467,.829,.309);es="Linear";ed="In";};};{tm=.767;["Torso"]={tm=.0659;cf=cfr(-.016,-.079,.017,.513,.858,.028,-.858,.512,.045,.024,-.047,.999);es="Linear";ed="In";};["Right Arm"]={tm=.0659;cf=cfr(.577,-.696,-.43,-.454,-.581,.675,.855,-.072,.513,-.25,.811,.53);es="Linear";ed="In";};["Left Arm"]={tm=.0659;cf=cfr(-.571,-.442,.155,-.83,.513,.218,.112,-.228,.967,.546,.827,.132);es="Linear";ed="In";};};{tm=.783;["Head"]={tm=.0499;cf=cfr(0,0,0,.736,-.677,-.004,.639,.697,-.324,.222,.236,.946);es="Linear";ed="In";};};{tm=.833;["Torso"]={tm=.0500;cf=cfr(-.016,-.07,.017,.46,.888,.022,-.887,.458,.063,.046,-.049,.998);es="Linear";ed="In";};["Head"]={tm=.0670;cf=cfr(0,0,0,.734,-.676,.064,.659,.686,-.306,.164,.267,.95);es="Linear";ed="In";};["Right Arm"]={tm=.0670;cf=cfr(.57,-.695,-.418,-.502,-.541,.675,.846,-.144,.513,-.181,.829,.53);es="Linear";ed="In";};["Left Arm"]={tm=.0670;cf=cfr(-.644,-.452,.296,-.863,.456,.218,.127,-.22,.967,.489,.862,.132);es="Linear";ed="In";};};{tm=.883;["Torso"]={tm=.0500;cf=cfr(-.016,-.107,.017,.459,.888,.037,-.888,.458,.033,.013,-.049,.999);es="Linear";ed="In";};};{tm=.9;["Head"]={tm=.0999;cf=cfr(0,0,0,.697,-.714,.064,.694,.651,-.306,.177,.258,.95);es="Linear";ed="In";};["Right Arm"]={tm=.0669;cf=cfr(.685,-.702,-.639,-.529,-.489,.694,.838,-.167,.52,-.138,.856,.498);es="Linear";ed="In";};["Left Arm"]={tm=.0669;cf=cfr(-.644,-.452,.296,-.887,.457,-.062,-.19,-.24,.952,.42,.857,.299);es="Linear";ed="In";};};{tm=.933;["Torso"]={tm=.0669;cf=cfr(-.016,-.129,.017,.458,.888,.04,-.889,.458,.013,-.007,-.041,.999);es="Linear";ed="In";};};{tm=.967;["Right Arm"]={tm=.0330;cf=cfr(.666,-.7,-.603,-.461,-.542,.703,.854,-.056,.517,-.241,.838,.489);es="Linear";ed="In";};["Left Arm"]={tm=.0330;cf=cfr(-.644,-.452,.296,-.873,.483,-.062,-.197,-.234,.952,.446,.844,.299);es="Linear";ed="In";};};{tm=1;["Torso"]={tm=.0500;cf=cfr(-.016,-.042,.017,.46,.888,.026,-.887,.457,.073,.053,-.057,.997);es="Linear";ed="In";};["Head"]={tm=.0829;cf=cfr(0,0,0,.693,-.714,.103,.711,.651,-.267,.124,.258,.958);es="Linear";ed="In";};["Right Arm"]={tm=.0500;cf=cfr(.659,-.699,-.59,-.511,-.449,.733,.843,-.097,.529,-.166,.888,.428);es="Linear";ed="In";};["Left Arm"]={tm=.0500;cf=cfr(-.644,-.452,.296,-.853,.483,.196,.09,-.234,.968,.514,.844,.156);es="Linear";ed="In";};};{tm=1.05;["Torso"]={tm=.0669;cf=cfr(-.016,-.082,.017,.484,.875,.021,-.873,.481,.082,.062,-.058,.996);es="Linear";ed="In";};["Right Arm"]={tm=.0669;cf=cfr(.587,-.687,-.459,-.524,-.467,.713,.824,-.067,.562,-.215,.882,.42);es="Linear";ed="In";};["Left Arm"]={tm=.0669;cf=cfr(-.527,-.432,.084,-.678,.639,.362,.243,-.27,.932,.693,.72,.028);es="Linear";ed="In";};};{tm=1.083;["Head"]={tm=.0840;cf=cfr(0,0,0,.694,-.72,.025,.703,.669,-.241,.157,.185,.97);es="Linear";ed="In";};};{tm=1.117;["Torso"]={tm=.0660;cf=cfr(-.016,-.095,-.01,.481,.874,.075,-.876,.482,-.001,-.037,-.066,.997);es="Linear";ed="In";};["Right Arm"]={tm=.0660;cf=cfr(.673,-.687,-.616,-.545,-.442,.713,.821,-.104,.562,-.174,.891,.42);es="Linear";ed="In";};["Left Arm"]={tm=.0660;cf=cfr(-.551,-.432,.126,-.726,.636,.262,.099,-.281,.955,.681,.718,.142);es="Linear";ed="In";};};{tm=1.167;["Head"]={tm=.0999;cf=cfr(0,0,0,.694,-.72,-.002,.693,.669,-.269,.195,.185,.963);es="Linear";ed="In";};};{tm=1.183;["Torso"]={tm=.0340;cf=cfr(-.016,-.047,-.01,.484,.874,.048,-.875,.482,.049,.019,-.066,.998);es="Linear";ed="In";};["Right Arm"]={tm=.0340;cf=cfr(.673,-.687,-.616,-.534,-.443,.72,.823,-.077,.563,-.194,.893,.406);es="Linear";ed="In";};["Left Arm"]={tm=.0340;cf=cfr(-.579,-.435,.178,-.696,.698,.168,-.047,-.278,.959,.716,.66,.227);es="Linear";ed="In";};};{tm=1.217;["Torso"]={tm=.0499;cf=cfr(-.016,-.046,-.01,.485,.874,.033,-.873,.482,.075,.049,-.066,.997);es="Linear";ed="In";};["Right Arm"]={tm=.0499;cf=cfr(.628,-.68,-.535,-.547,-.427,.72,.82,-.101,.563,-.168,.898,.406);es="Linear";ed="In";};["Left Arm"]={tm=.0499;cf=cfr(-.569,-.433,.16,-.652,.677,.341,.135,-.339,.931,.746,.653,.13);es="Linear";ed="In";};};{tm=1.267;["Torso"]={tm=.0660;cf=cfr(-.016,-.156,-.01,.486,.874,.027,-.872,.482,.087,.063,-.066,.996);es="Linear";ed="In";};["Head"]={tm=.0660;cf=cfr(0,0,0,.694,-.719,-.038,.693,.682,-.235,.195,.137,.971);es="Linear";ed="In";};["Right Arm"]={tm=.0660;cf=cfr(.655,-.685,-.583,-.572,-.444,.69,.812,-.19,.551,-.113,.876,.47);es="Linear";ed="In";};["Left Arm"]={tm=.0660;cf=cfr(-.5,-.421,.034,-.567,.677,.469,.326,-.339,.883,.757,.653,-.029);es="Linear";ed="In";};};{tm=1.333;["Torso"]={tm=.0340;cf=cfr(-.016,-.228,-.01,.484,.874,.036,-.875,.483,.035,.013,-.048,.999);es="Linear";ed="In";};["Head"]={tm=.0340;cf=cfr(0,0,0,.694,-.718,.05,.693,.648,-.316,.195,.255,.947);es="Linear";ed="In";};["Right Arm"]={tm=.0340;cf=cfr(.632,-.671,-.542,-.562,-.408,.72,.816,-.13,.563,-.136,.904,.406);es="Linear";ed="In";};["Left Arm"]={tm=.0340;cf=cfr(-.601,-.428,.217,-.752,.657,.059,-.259,-.376,.89,.606,.654,.453);es="Linear";ed="In";};};{tm=1.367;["Torso"]={tm=.0829;cf=cfr(-.016,-.165,-.01,.485,.874,-.022,-.871,.485,.078,.079,-.019,.997);es="Linear";ed="In";};["Head"]={tm=.0829;cf=cfr(0,0,0,.694,-.713,.099,.693,.625,-.36,.195,.318,.928);es="Linear";ed="In";};["Right Arm"]={tm=.0829;cf=cfr(.576,-.671,-.44,-.585,-.374,.72,.807,-.178,.563,-.083,.91,.406);es="Linear";ed="In";};["Left Arm"]={tm=.0160;cf=cfr(-.558,-.421,.14,-.613,.727,.311,-.011,-.401,.916,.79,.558,.254);es="Linear";ed="In";};};{tm=1.383;["Left Arm"]={tm=.0669;cf=cfr(-.536,-.417,.101,-.439,.748,.498,.253,-.429,.867,.862,.507,-.001);es="Linear";ed="In";};};{tm=1.45;["Torso"]={tm=.0829;cf=cfr(-.016,-.165,-.01,.484,.874,-.041,-.867,.485,.113,.119,-.019,.993);es="Linear";ed="In";};["Head"]={tm=.0829;cf=cfr(0,0,0,.694,-.72,-.007,.693,.671,-.263,.195,.178,.965);es="Linear";ed="In";};["Right Arm"]={tm=.0829;cf=cfr(.441,-.644,-.198,-.605,-.366,.707,.796,-.239,.557,-.035,.899,.436);es="Linear";ed="In";};["Left Arm"]={tm=.0829;cf=cfr(-.536,-.417,.101,-.334,.737,.587,.464,-.414,.783,.821,.534,-.204);es="Linear";ed="In";};};{tm=1.533;["Torso"]={tm=.0670;cf=cfr(-.016,-.303,-.01,.482,.874,-.057,-.863,.485,.141,.15,-.019,.988);es="Linear";ed="In";};["Head"]={tm=.0670;cf=cfr(0,0,0,.695,-.719,.003,.7,.675,-.235,.167,.165,.972);es="Linear";ed="In";};["Right Arm"]={tm=.0670;cf=cfr(.445,-.642,-.206,-.607,-.328,.724,.794,-.216,.568,-.03,.92,.392);es="Linear";ed="In";};["Left Arm"]={tm=.0670;cf=cfr(-.536,-.417,.101,-.504,.695,.513,.226,-.467,.855,.833,.547,.078);es="Linear";ed="In";};};{tm=1.6;["Torso"]={tm=.133;cf=cfr(-.016,-.435,-.01,.788,.606,-.108,-.572,.786,.233,.226,-.122,.966);es="Linear";ed="In";};["Head"]={tm=.0669;cf=cfr(0,0,0,.929,-.352,-.118,.31,.91,-.277,.205,.221,.954);es="Linear";ed="In";};["Right Arm"]={tm=.0669;cf=cfr(.207,-.571,-.101,-.31,-.574,.758,.704,.397,.589,-.639,.716,.281);es="Linear";ed="In";};["Left Arm"]={tm=.0669;cf=cfr(-.536,-.417,.101,-.479,.866,.147,.46,.104,.882,.748,.49,-.448);es="Linear";ed="In";};};{tm=1.667;["Head"]={tm=.0660;cf=cfr(0,0,0,.811,.482,-.333,-.559,.805,-.197,.173,.345,.922);es="Linear";ed="In";};["Right Arm"]={tm=.0660;cf=cfr(.074,-.478,-.304,.999,.009,-.041,.026,.628,.778,.033,-.778,.627);es="Linear";ed="In";};["Left Arm"]={tm=.0660;cf=cfr(-.864,-.441,-.047,-.904,.418,-.093,-.064,.082,.995,.423,.905,-.047);es="Linear";ed="In";};};{tm=1.733;["Torso"]={tm=.0669;cf=cfr(.588,-.435,-.01,.735,-.675,.065,.674,.717,-.18,.074,.176,.982);es="Linear";ed="In";};["Head"]={tm=.0499;cf=cfr(0,0,0,.781,.482,-.398,-.573,.805,-.15,.248,.345,.905);es="Linear";ed="In";};["Right Arm"]={tm=.0669;cf=cfr(.08,-.527,-.251,.624,-.775,.097,.55,.524,.65,-.554,-.352,.754);es="Linear";ed="In";};["Left Arm"]={tm=.0669;cf=cfr(-.788,-.316,.136,-.793,.328,-.513,-.294,.532,.794,.533,.781,-.326);es="Linear";ed="In";};};{tm=1.783;["Head"]={tm=.0840;cf=cfr(0,0,0,.601,.789,-.128,-.753,.612,.242,.27,-.049,.962);es="Linear";ed="In";};};{tm=1.8;["Torso"]={tm=.0669;cf=cfr(.674,-.114,-.144,.441,-.86,.257,.887,.372,-.274,.14,.349,.927);es="Linear";ed="In";};["Right Arm"]={tm=.0669;cf=cfr(-.249,-.553,.057,.279,-.891,.359,.56,.455,.693,-.78,.008,.626);es="Linear";ed="In";};["Left Arm"]={tm=.0669;cf=cfr(-.625,.081,.118,-.055,.796,-.603,.068,.605,.793,.996,.003,-.088);es="Linear";ed="In";};};{tm=1.867;["Torso"]={tm=.0660;cf=cfr(.251,-.799,-.191,.615,-.637,.465,.725,.689,-.015,-.311,.346,.885);es="Linear";ed="In";};["Head"]={tm=.0660;cf=cfr(0,0,0,.763,.527,-.374,-.52,.845,.129,.384,.096,.918);es="Linear";ed="In";};["Right Arm"]={tm=.0660;cf=cfr(.142,-.444,-.146,-.375,-.526,.763,.762,.293,.577,-.527,.798,.291);es="Linear";ed="In";};["Left Arm"]={tm=.0660;cf=cfr(-.092,.299,.329,.869,.316,-.381,.356,.136,.924,.344,-.939,.006);es="Linear";ed="In";};};{tm=1.933;["Torso"]={tm=.0669;cf=cfr(-.407,-.214,-.02,.616,.778,-.121,-.767,.558,-.315,-.178,.287,.941);es="Linear";ed="In";};["Head"]={tm=.0669;cf=cfr(0,0,0,.304,-.951,.057,.631,.246,.736,-.713,-.188,.675);es="Linear";ed="In";};["Right Arm"]={tm=.0669;cf=cfr(.988,.37,-.475,-.443,-.767,-.464,-.038,-.501,.864,-.896,.401,.193);es="Linear";ed="In";};["Left Arm"]={tm=.0669;cf=cfr(.097,-.387,.655,.779,-.597,.194,-.28,-.053,.959,-.562,-.801,-.208);es="Linear";ed="In";};};{tm=2;["Torso"]={tm=.1169;cf=cfr(-.061,-.205,-.02,.088,.967,-.239,-.996,.084,-.027,-.006,.24,.971);es="Linear";ed="In";};["Head"]={tm=.1169;cf=cfr(0,0,0,.416,-.822,.389,.865,.49,.11,-.281,.291,.914);es="Linear";ed="In";};["Right Arm"]={tm=.1169;cf=cfr(.494,-.502,.558,.546,-.469,-.695,.714,-.174,.678,-.439,-.866,.24);es="Linear";ed="In";};["Left Arm"]={tm=.0499;cf=cfr(-.148,-.399,.35,.974,.09,.209,-.227,.336,.914,.012,-.938,.347);es="Linear";ed="In";};};{tm=2.05;["Left Arm"]={tm=.0670;cf=cfr(-.224,-.732,.224,-.12,.971,.209,-.328,-.238,.914,.937,.041,.347);es="Linear";ed="In";};};{tm=2.117;["Torso"]={tm=.1000;cf=cfr(.225,-.115,-.02,-.04,.992,-.117,-.997,-.032,.07,.066,.12,.991);es="Linear";ed="In";};["Head"]={tm=.1000;cf=cfr(0,0,0,.452,-.861,.233,.89,.42,-.176,.054,.288,.956);es="Linear";ed="In";};["Right Arm"]={tm=.1000;cf=cfr(.495,-.432,.363,.719,.005,-.695,.653,.338,.678,.238,-.941,.24);es="Linear";ed="In";};["Left Arm"]={tm=.1000;cf=cfr(-.191,-.729,.057,-.194,.941,.276,-.017,-.284,.959,.981,.181,.071);es="Linear";ed="In";};};{tm=2.217;["Torso"]={tm=.1000;cf=cfr(.297,-.1,-.02,-.091,.992,-.082,-.995,-.093,-.025,-.032,.08,.996);es="Linear";ed="In";};["Head"]={tm=.1160;cf=cfr(0,0,0,.341,-.939,.049,.919,.322,-.229,.2,.124,.972);es="Linear";ed="In";};["Right Arm"]={tm=.1000;cf=cfr(.495,-.432,.363,.728,.059,-.683,.634,.318,.705,.259,-.946,.194);es="Linear";ed="In";};["Left Arm"]={tm=.0829;cf=cfr(-.272,-.719,.233,-.415,.867,.276,.052,-.28,.959,.909,.412,.071);es="Linear";ed="In";};};{tm=2.3;["Left Arm"]={tm=.133;cf=cfr(-.297,-.759,.256,-.458,.859,.229,-.126,-.318,.94,.88,.402,.253);es="Linear";ed="In";};};{tm=2.317;["Torso"]={tm=.1159;cf=cfr(.297,-.145,-.02,-.134,.983,-.122,-.985,-.146,-.091,-.107,.108,.988);es="Linear";ed="In";};["Right Arm"]={tm=.1159;cf=cfr(.681,-.409,.338,.738,.11,-.666,.631,.24,.738,.241,-.965,.108);es="Linear";ed="In";};};{tm=2.333;["Head"]={tm=.0999;cf=cfr(0,0,0,.294,-.954,.056,.937,.277,-.211,.186,.115,.976);es="Linear";ed="In";};};{tm=2.433;["Torso"]={tm=0;cf=cfr(.297,-.145,-.02,-.069,.986,-.15,-.99,-.087,-.113,-.125,.141,.982);es="Linear";ed="In";};["Head"]={tm=0;cf=cfr(0,0,0,.292,-.954,.068,.945,.277,-.174,.147,.115,.982);es="Linear";ed="In";};["Right Arm"]={tm=0;cf=cfr(.572,-.422,.353,.745,.009,-.667,.653,.193,.732,.135,-.981,.138);es="Linear";ed="In";};["Left Arm"]={tm=0;cf=cfr(-.297,-.759,.256,-.359,.918,.171,-.102,-.221,.97,.928,.331,.173);es="Linear";ed="In";};};}