-- // converted using mech's animoduler
local cfr = CFrame.new

return {{tm=0;["Torso"]={tm=.1;cf=cfr(0,-1.249,-.358,1,0,0,0,.837,.547,0,-.547,.837);es="Linear";ed="In";};["Head"]={tm=.667;cf=cfr(0,0,0,1,0,0,0,.792,-.611,0,.611,.792);es="Linear";ed="In";};["Left Leg"]={tm=.2;cf=cfr(.032,.019,.221,.85,-.507,.142,.5,.862,.084,-.165,0,.986);es="Linear";ed="In";};["Right Arm"]={tm=.667;cf=cfr(0,0,0,.948,.309,-.075,-.249,.867,.431,.198,-.39,.899);es="Linear";ed="In";};["Right Leg"]={tm=.2;cf=cfr(0,0,.144,.767,.618,-.174,-.611,.786,.095,.196,.033,.98);es="Linear";ed="In";};["Left Arm"]={tm=.667;cf=cfr(0,0,0,.907,-.29,.304,.191,.929,.317,-.374,-.23,.898);es="Linear";ed="In";};};{tm=.1;["Torso"]={tm=.1;cf=cfr(0,-1.214,-.381,1,0,0,0,.844,.537,0,-.537,.844);es="Linear";ed="In";};};{tm=.2;["Torso"]={tm=.1169;cf=cfr(0,-1.199,-.51,1,0,0,0,.844,.537,0,-.537,.844);es="Linear";ed="In";};["Left Leg"]={tm=.25;cf=cfr(-.049,.157,.221,.85,-.507,.142,.5,.862,.084,-.165,0,.986);es="Linear";ed="In";};["Right Leg"]={tm=.25;cf=cfr(.07,.089,.148,.767,.618,-.174,-.611,.786,.095,.196,.033,.98);es="Linear";ed="In";};};{tm=.317;["Torso"]={tm=.133;cf=cfr(0,-1.174,-.526,1,0,0,0,.844,.537,0,-.537,.844);es="Linear";ed="In";};};{tm=.45;["Torso"]={tm=.2170;cf=cfr(0,-1.159,-.535,1,0,0,0,.86,.51,0,-.51,.86);es="Linear";ed="In";};["Left Leg"]={tm=.2170;cf=cfr(-.049,.157,.221,.85,-.507,.142,.5,.862,.084,-.165,0,.986);es="Linear";ed="In";};["Right Leg"]={tm=.2170;cf=cfr(.07,.089,.148,.767,.618,-.174,-.611,.786,.095,.196,.033,.98);es="Linear";ed="In";};};{tm=.667;["Torso"]={tm=.0999;cf=cfr(0,-1.159,-.535,1,0,0,0,.86,.51,0,-.51,.86);es="Linear";ed="In";};["Head"]={tm=.3999;cf=cfr(0,0,0,1,0,0,0,.792,-.611,0,.611,.792);es="Linear";ed="In";};["Left Leg"]={tm=.3159;cf=cfr(-.049,.157,.221,.85,-.507,.142,.5,.862,.084,-.165,0,.986);es="Linear";ed="In";};["Right Arm"]={tm=.3159;cf=cfr(0,0,0,.948,.309,-.075,-.249,.867,.431,.198,-.39,.899);es="Linear";ed="In";};["Right Leg"]={tm=.3159;cf=cfr(.07,.089,.148,.767,.618,-.174,-.611,.786,.095,.196,.033,.98);es="Linear";ed="In";};["Left Arm"]={tm=.3159;cf=cfr(0,0,0,.907,-.29,.304,.191,.929,.317,-.374,-.23,.898);es="Linear";ed="In";};};{tm=.767;["Torso"]={tm=.0659;cf=cfr(0,-1.21,-.621,1,0,0,0,.893,.449,0,-.449,.893);es="Linear";ed="In";};};{tm=.833;["Torso"]={tm=.0670;cf=cfr(.194,-1.42,-.31,1,0,0,0,.987,.158,0,-.158,.987);es="Linear";ed="In";};};{tm=.9;["Torso"]={tm=.0499;cf=cfr(.611,-2.84,1.029,.988,0,.156,.075,.879,-.472,-.137,.478,.868);es="Linear";ed="In";};};{tm=.95;["Torso"]={tm=.0500;cf=cfr(.807,-4.279,1.659,.988,.021,.155,.075,.808,-.584,-.137,.589,.797);es="Linear";ed="In";};};{tm=.983;["Left Leg"]={tm=.267;cf=cfr(-.095,.298,.216,.953,.266,.142,-.279,.957,.084,-.114,-.119,.986);es="Linear";ed="In";};["Right Arm"]={tm=.0839;cf=cfr(0,0,0,.9,-.429,-.075,.417,.8,.431,-.125,-.419,.899);es="Linear";ed="In";};["Right Leg"]={tm=.267;cf=cfr(-.166,.068,.108,.802,-.572,-.174,.592,.801,.095,.085,-.179,.98);es="Linear";ed="In";};["Left Arm"]={tm=.0839;cf=cfr(0,0,0,.854,.421,.304,-.508,.801,.317,-.11,-.425,.898);es="Linear";ed="In";};};{tm=1;["Torso"]={tm=.0500;cf=cfr(.506,-5.983,1.178,.986,-.134,.101,.126,.187,-.974,.111,.973,.201);es="Linear";ed="In";};};{tm=1.05;["Torso"]={tm=.0500;cf=cfr(.381,-6.754,-.145,.991,-.034,.127,.116,-.232,-.966,.062,.972,-.226);es="Linear";ed="In";};};{tm=1.067;["Head"]={tm=.1830;cf=cfr(0,0,0,1,0,0,0,.792,-.611,0,.611,.792);es="Linear";ed="In";};["Right Arm"]={tm=.4160;cf=cfr(0,0,0,-.244,-.945,-.218,.867,-.313,.389,-.436,-.094,.895);es="Linear";ed="In";};["Left Arm"]={tm=.1830;cf=cfr(0,0,0,.416,.857,.304,-.892,.321,.317,.174,-.403,.898);es="Linear";ed="In";};};{tm=1.1;["Torso"]={tm=.0829;cf=cfr(.538,-7.402,-1.437,.991,.01,.131,.116,-.534,-.837,.062,.845,-.531);es="Linear";ed="In";};};{tm=1.183;["Torso"]={tm=.0669;cf=cfr(.772,-8.675,-1.826,.993,.113,.032,.113,-.852,-.511,-.031,.511,-.859);es="Linear";ed="In";};};{tm=1.25;["Torso"]={tm=.1999;cf=cfr(.85,-9.325,-1.679,.993,.116,-.013,.113,-.982,-.153,-.031,.151,-.988);es="Linear";ed="In";};["Head"]={tm=.4670;cf=cfr(0,0,0,1,0,0,0,.23,-.973,0,.973,.23);es="Linear";ed="In";};["Left Leg"]={tm=.3329;cf=cfr(-.095,.298,.216,.615,.776,.142,-.788,.61,.084,-.022,-.163,.986);es="Linear";ed="In";};["Right Leg"]={tm=.3329;cf=cfr(-.166,.068,.108,.566,-.806,-.174,.824,.559,.095,.02,-.197,.98);es="Linear";ed="In";};["Left Arm"]={tm=.2330;cf=cfr(0,0,0,-.081,.989,-.126,-.985,-.099,-.143,-.154,.112,.982);es="Linear";ed="In";};};{tm=1.45;["Torso"]={tm=.133;cf=cfr(.934,-9.947,-1.261,.993,.111,-.036,.113,-.992,.049,-.031,-.053,-.998);es="Linear";ed="In";};};{tm=1.483;["Right Arm"]={tm=.0999;cf=cfr(0,0,0,.276,-.961,-.017,.904,.254,.343,-.325,-.11,.939);es="Linear";ed="In";};["Left Arm"]={tm=.0999;cf=cfr(0,0,0,.175,.977,-.118,-.984,.178,.017,.038,.113,.993);es="Linear";ed="In";};};{tm=1.583;["Torso"]={tm=.0840;cf=cfr(.944,-10.03,-1.269,.993,.109,-.042,.113,-.989,.099,-.031,-.103,-.994);es="Linear";ed="In";};["Left Leg"]={tm=.0840;cf=cfr(.042,.28,.198,.457,.878,.142,-.89,.449,.084,.01,-.164,.986);es="Linear";ed="In";};["Right Arm"]={tm=.25;cf=cfr(0,0,0,.276,-.961,-.017,.904,.254,.343,-.325,-.11,.939);es="Linear";ed="In";};["Right Leg"]={tm=.0840;cf=cfr(-.299,.179,.074,.463,-.869,-.174,.886,.453,.095,-.004,-.198,.98);es="Linear";ed="In";};["Left Arm"]={tm=.25;cf=cfr(0,0,0,.175,.977,-.118,-.984,.178,.017,.038,.113,.993);es="Linear";ed="In";};};{tm=1.667;["Torso"]={tm=.0660;cf=cfr(.974,-10.33,-1.398,.993,.105,-.053,.113,-.974,.197,-.031,-.202,-.979);es="Linear";ed="In";};["Left Leg"]={tm=.0829;cf=cfr(.151,.166,.192,.364,.921,.142,-.931,.355,.084,.027,-.163,.986);es="Linear";ed="In";};["Right Leg"]={tm=.0829;cf=cfr(-.317,.187,.07,.379,-.909,-.174,.925,.368,.095,-.023,-.197,.98);es="Linear";ed="In";};};{tm=1.717;["Head"]={tm=.1159;cf=cfr(0,0,0,1,0,0,0,.627,-.779,0,.779,.627);es="Linear";ed="In";};};{tm=1.733;["Torso"]={tm=.0839;cf=cfr(.99,-10.54,-1.661,.993,.091,-.074,.113,-.908,.404,-.031,-.409,-.912);es="Linear";ed="In";};};{tm=1.75;["Left Leg"]={tm=.0829;cf=cfr(.238,.175,.178,.674,.725,.142,-.738,.67,.084,-.035,-.161,.986);es="Linear";ed="In";};["Right Leg"]={tm=.0829;cf=cfr(-.308,.183,.072,.731,-.659,-.174,.679,.728,.095,.064,-.188,.98);es="Linear";ed="In";};};{tm=1.817;["Torso"]={tm=.0660;cf=cfr(1.033,-11.00,-1.944,.993,.045,-.108,.113,-.614,.782,-.031,-.788,-.614);es="Linear";ed="In";};};{tm=1.833;["Head"]={tm=.1839;cf=cfr(0,0,0,1,0,0,0,.934,-.357,0,.357,.934);es="Linear";ed="In";};["Left Leg"]={tm=.0500;cf=cfr(.326,.185,.165,.943,.303,.142,-.316,.945,.084,-.109,-.124,.986);es="Linear";ed="In";};["Right Arm"]={tm=.1999;cf=cfr(.418,.065,.012,-.131,-.99,-.06,.97,-.14,.198,-.204,-.032,.978);es="Linear";ed="In";};["Right Leg"]={tm=.0500;cf=cfr(-.299,.179,.074,.981,.089,-.174,-.074,.993,.095,.181,-.081,.98);es="Linear";ed="In";};["Left Arm"]={tm=.1999;cf=cfr(-.42,-.076,-.049,0,.986,-.165,-1,-.002,-.012,-.012,.165,.986);es="Linear";ed="In";};};{tm=1.883;["Torso"]={tm=.0840;cf=cfr(1.081,-11.60,-2.631,.993,-.02,-.115,.113,-.098,.989,-.031,-.995,-.095);es="Linear";ed="In";};["Left Leg"]={tm=.1499;cf=cfr(-.153,-.062,.255,.89,-.434,.142,.426,.901,.084,-.164,-.014,.986);es="Linear";ed="In";};["Right Leg"]={tm=.1499;cf=cfr(.014,.094,.138,.946,.273,-.174,-.259,.961,.095,.193,-.045,.98);es="Linear";ed="In";};};{tm=1.967;["Torso"]={tm=.0829;cf=cfr(1.086,-11.66,-2.677,.993,-.032,-.113,.113,.005,.994,-.031,-.999,.009);es="Linear";ed="In";};};{tm=2.017;["Head"]={tm=.1830;cf=cfr(0,0,0,1,0,0,0,.953,-.303,0,.303,.953);es="Linear";ed="In";};};{tm=2.033;["Left Leg"]={tm=.1670;cf=cfr(-.198,-.073,.262,.959,-.247,.142,.237,.968,.084,-.158,-.046,.986);es="Linear";ed="In";};["Right Arm"]={tm=.1670;cf=cfr(.282,.056,.006,.058,-.997,-.06,.979,.045,.198,-.194,-.07,.978);es="Linear";ed="In";};["Right Leg"]={tm=.1670;cf=cfr(.014,.094,.138,.97,.169,-.174,-.155,.983,.095,.187,-.066,.98);es="Linear";ed="In";};["Left Arm"]={tm=.1670;cf=cfr(-.248,-.07,-.02,.061,.985,-.161,-.998,.06,-.006,.004,.161,.987);es="Linear";ed="In";};};{tm=2.05;["Torso"]={tm=0;cf=cfr(1.087,-11.66,-2.633,.993,-.031,-.113,.113,.002,.994,-.031,-1,.006);es="Linear";ed="In";};};{tm=2.2;["Head"]={tm=.1499;cf=cfr(0,0,0,1,0,0,0,.968,-.252,0,.252,.968);es="Linear";ed="In";};["Left Leg"]={tm=0;cf=cfr(-.198,-.073,.262,.974,-.174,.142,.163,.983,.084,-.154,-.058,.986);es="Linear";ed="In";};["Right Arm"]={tm=.1499;cf=cfr(.204,.051,.002,.356,-.933,-.06,.92,.339,.198,-.164,-.125,.978);es="Linear";ed="In";};["Right Leg"]={tm=0;cf=cfr(.014,.094,.138,.979,.106,-.174,-.09,.991,.095,.183,-.078,.98);es="Linear";ed="In";};["Left Arm"]={tm=.1499;cf=cfr(-.15,-.067,-.004,.335,.929,-.16,-.941,.339,-.002,.052,.151,.987);es="Linear";ed="In";};};{tm=2.35;["Head"]={tm=.2170;cf=cfr(0,0,0,1,0,0,0,.999,.034,0,-.034,.999);es="Linear";ed="In";};["Right Arm"]={tm=.1000;cf=cfr(-.04,.036,-.01,.997,-.053,-.06,.064,.978,.198,.048,-.201,.978);es="Linear";ed="In";};["Left Arm"]={tm=.1000;cf=cfr(.158,-.055,.048,.983,.089,-.163,-.088,.996,.01,.163,.005,.987);es="Linear";ed="In";};};{tm=2.45;["Right Arm"]={tm=.1169;cf=cfr(-.009,.038,-.008,.998,-.024,-.06,.035,.98,.198,.054,-.199,.978);es="Linear";ed="In";};["Left Arm"]={tm=.1169;cf=cfr(.131,-.054,.044,.986,.041,-.163,-.04,.999,.01,.163,-.003,.987);es="Linear";ed="In";};};{tm=2.567;["Head"]={tm=0;cf=cfr(0,0,0,1,0,0,0,1,-.009,0,.009,1);es="Linear";ed="In";};["Right Arm"]={tm=0;cf=cfr(-.009,.038,-.008,.997,-.038,-.06,.05,.979,.198,.051,-.2,.978);es="Linear";ed="In";};["Left Arm"]={tm=0;cf=cfr(.131,-.054,.044,.985,.057,-.163,-.056,.998,.01,.163,-.001,.987);es="Linear";ed="In";};};}