-- // converted using mech's animoduler
local cfr = CFrame.new

return {{tm=0;["Torso"]={tm=.1;cf=cfr(0,-.806,-.302,1,0,0,0,.779,-.628,0,.628,.779);es="Linear";ed="In";};["Head"]={tm=.667;cf=cfr(0,0,0,1,0,0,0,.919,-.395,0,.395,.919);es="Linear";ed="In";};["Left Leg"]={tm=.1;cf=cfr(-.508,.31,-.116,.67,.565,.482,-.517,.821,-.243,-.533,-.086,.841);es="Linear";ed="In";};["Right Arm"]={tm=.1;cf=cfr(.781,.038,0,-.265,-.964,-.025,.827,-.24,.508,-.496,.114,.861);es="Linear";ed="In";};["Right Leg"]={tm=.1;cf=cfr(.578,-.222,.218,.856,.358,-.373,-.328,.934,.143,.4,0,.917);es="Linear";ed="In";};["Left Arm"]={tm=.1;cf=cfr(-.638,.03,0,-.042,.999,.022,-.883,-.047,.467,.467,0,.884);es="Linear";ed="In";};};{tm=.1;["Torso"]={tm=.1;cf=cfr(0,-.855,-.342,1,0,0,0,.776,-.631,0,.631,.776);es="Linear";ed="In";};["Left Leg"]={tm=.1;cf=cfr(-.481,.349,-.12,.67,.565,.482,-.517,.821,-.243,-.533,-.086,.841);es="Linear";ed="In";};["Right Arm"]={tm=.1;cf=cfr(.781,.038,0,-.383,-.923,-.025,.791,-.342,.508,-.478,.175,.861);es="Linear";ed="In";};["Right Leg"]={tm=.1;cf=cfr(.561,-.214,.21,.837,.4,-.373,-.374,.916,.143,.399,.02,.917);es="Linear";ed="In";};["Left Arm"]={tm=.1;cf=cfr(-.638,.03,0,-.104,.994,.022,-.878,-.102,.467,.467,.029,.884);es="Linear";ed="In";};};{tm=.2;["Torso"]={tm=.1169;cf=cfr(0,-1.005,-.516,1,0,0,0,.72,-.694,0,.694,.72);es="Linear";ed="In";};["Left Leg"]={tm=.1169;cf=cfr(-.421,.588,-.085,.723,.494,.482,-.431,.869,-.243,-.539,-.032,.841);es="Linear";ed="In";};["Right Arm"]={tm=.1669;cf=cfr(.726,.006,.017,-.551,-.834,-.025,.712,-.485,.508,-.436,.262,.861);es="Linear";ed="In";};["Right Leg"]={tm=.1169;cf=cfr(.602,-.198,.224,.802,.466,-.373,-.447,.883,.143,.396,.052,.917);es="Linear";ed="In";};["Left Arm"]={tm=.1669;cf=cfr(-.585,.007,.011,-.433,.901,.022,-.793,-.392,.467,.429,.185,.884);es="Linear";ed="In";};};{tm=.317;["Torso"]={tm=.133;cf=cfr(0,-1.044,-.553,1,0,0,0,.711,-.703,0,.703,.711);es="Linear";ed="In";};["Left Leg"]={tm=.133;cf=cfr(-.4,.624,-.087,.723,.494,.482,-.431,.869,-.243,-.539,-.032,.841);es="Linear";ed="In";};["Right Leg"]={tm=.133;cf=cfr(.623,-.212,.235,.782,.499,-.373,-.483,.864,.143,.394,.068,.917);es="Linear";ed="In";};};{tm=.367;["Right Arm"]={tm=.3000;cf=cfr(.726,.006,.017,-.6,-.8,-.025,.681,-.527,.508,-.419,.288,.861);es="Linear";ed="In";};["Left Arm"]={tm=.3000;cf=cfr(-.585,.007,.011,-.502,.864,.022,-.759,-.453,.467,.414,.218,.884);es="Linear";ed="In";};};{tm=.45;["Torso"]={tm=.2170;cf=cfr(0,-1.039,-.547,1,0,0,0,.72,-.694,0,.694,.72);es="Linear";ed="In";};["Left Leg"]={tm=.2170;cf=cfr(-.399,.623,-.088,.723,.494,.482,-.431,.869,-.243,-.539,-.032,.841);es="Linear";ed="In";};["Right Leg"]={tm=.2170;cf=cfr(.602,-.2,.233,.789,.489,-.373,-.471,.87,.143,.395,.063,.917);es="Linear";ed="In";};};{tm=.667;["Torso"]={tm=.0999;cf=cfr(0,-1.039,-.547,1,0,0,0,.72,-.694,0,.694,.72);es="Linear";ed="In";};["Head"]={tm=.0999;cf=cfr(0,0,0,1,0,0,0,.919,-.395,0,.395,.919);es="Linear";ed="In";};["Left Leg"]={tm=.0999;cf=cfr(-.399,.623,-.088,.723,.494,.482,-.431,.869,-.243,-.539,-.032,.841);es="Linear";ed="In";};["Right Arm"]={tm=.0999;cf=cfr(.726,.006,.017,-.6,-.8,-.025,.681,-.527,.508,-.419,.288,.861);es="Linear";ed="In";};["Right Leg"]={tm=.0999;cf=cfr(.602,-.2,.233,.789,.489,-.373,-.471,.87,.143,.395,.063,.917);es="Linear";ed="In";};["Left Arm"]={tm=.0999;cf=cfr(-.585,.007,.011,-.502,.864,.022,-.759,-.453,.467,.414,.218,.884);es="Linear";ed="In";};};{tm=.767;["Torso"]={tm=.0659;cf=cfr(0,-1,-.509,1,0,0,0,.683,-.73,0,.73,.683);es="Linear";ed="In";};["Head"]={tm=.133;cf=cfr(0,0,0,1,0,0,0,.827,-.563,0,.563,.827);es="Linear";ed="In";};["Left Leg"]={tm=.0659;cf=cfr(-.431,.572,-.084,.701,.526,.482,-.47,.849,-.243,-.537,-.056,.841);es="Linear";ed="In";};["Right Arm"]={tm=.0659;cf=cfr(.726,.006,.017,-.559,-.829,-.025,.707,-.492,.508,-.433,.267,.861);es="Linear";ed="In";};["Right Leg"]={tm=.0659;cf=cfr(.798,-.021,.285,.841,.391,-.373,-.364,.92,.143,.4,.015,.917);es="Linear";ed="In";};["Left Arm"]={tm=.0659;cf=cfr(-.529,-.017,.022,-.435,.9,.022,-.792,-.394,.467,.429,.186,.884);es="Linear";ed="In";};};{tm=.833;["Torso"]={tm=.0670;cf=cfr(0,-.683,-.241,1,0,0,0,.838,-.546,0,.546,.838);es="Linear";ed="In";};["Left Leg"]={tm=.0670;cf=cfr(-.554,.373,-.071,.757,.526,.388,-.497,.849,-.18,-.424,-.056,.904);es="Linear";ed="In";};["Right Arm"]={tm=.0840;cf=cfr(.71,.036,-.001,-.411,-.911,-.025,.78,-.366,.508,-.472,.19,.861);es="Linear";ed="In";};["Right Leg"]={tm=.0670;cf=cfr(.907,.235,.289,.974,.053,-.219,-.067,.996,-.055,.216,.068,.974);es="Linear";ed="In";};["Left Arm"]={tm=.0840;cf=cfr(-.456,.149,-.067,-.362,.932,.022,-.82,-.33,.467,.442,.151,.884);es="Linear";ed="In";};};{tm=.9;["Torso"]={tm=.0499;cf=cfr(0,.118,.004,1,0,0,0,.999,-.041,0,.041,.999);es="Linear";ed="In";};["Head"]={tm=.0999;cf=cfr(0,0,0,1,0,0,0,.78,-.626,0,.626,.78);es="Linear";ed="In";};["Left Leg"]={tm=.0499;cf=cfr(-1.026,.658,.106,.918,.363,.158,-.341,.928,-.147,-.2,.081,.976);es="Linear";ed="In";};["Right Leg"]={tm=.0999;cf=cfr(.558,-.06,.194,.972,-.087,-.219,.077,.996,-.055,.223,.036,.974);es="Linear";ed="In";};};{tm=.917;["Right Arm"]={tm=.0829;cf=cfr(.745,-.142,.105,-.167,-.984,.056,.891,-.126,.436,-.422,.123,.898);es="Linear";ed="In";};["Left Arm"]={tm=.0829;cf=cfr(-.456,.149,-.067,-.178,.972,-.151,-.921,-.11,.374,.347,.205,.915);es="Linear";ed="In";};};{tm=.95;["Torso"]={tm=.0500;cf=cfr(0,.727,-.01,1,0,0,0,.935,.354,0,-.354,.935);es="Linear";ed="In";};["Left Leg"]={tm=.133;cf=cfr(-.873,.601,.072,.837,.523,.158,-.504,.851,-.147,-.211,.044,.976);es="Linear";ed="In";};};{tm=1;["Torso"]={tm=.0500;cf=cfr(0,1.391,-.507,1,0,0,0,.706,.708,0,-.708,.706);es="Linear";ed="In";};["Head"]={tm=.5;cf=cfr(0,0,0,1,0,0,0,.919,-.395,0,.395,.919);es="Linear";ed="In";};["Right Arm"]={tm=.1169;cf=cfr(.543,-.299,.194,-.663,-.746,.056,.689,-.579,.436,-.293,.328,.898);es="Linear";ed="In";};["Right Leg"]={tm=.5;cf=cfr(.457,-.272,.159,.899,.412,-.148,-.399,.91,.11,.18,-.04,.983);es="Linear";ed="In";};["Left Arm"]={tm=.1169;cf=cfr(-.109,-.031,.063,-.52,.841,-.151,-.818,-.438,.374,.248,.318,.915);es="Linear";ed="In";};};{tm=1.05;["Torso"]={tm=.0500;cf=cfr(0,2.23,-1.574,1,0,0,0,.511,.859,0,-.859,.511);es="Linear";ed="In";};};{tm=1.083;["Left Leg"]={tm=.4170;cf=cfr(-.772,.348,.015,.6,.8,.032,-.799,.6,-.02,-.035,-.013,.999);es="Linear";ed="In";};};{tm=1.1;["Torso"]={tm=.133;cf=cfr(0,2.845,-2.86,1,0,0,0,.214,.977,0,-.977,.214);es="Linear";ed="In";};};{tm=1.117;["Right Arm"]={tm=.383;cf=cfr(.202,-.497,.311,-.557,-.828,.056,.76,-.482,.436,-.334,.286,.898);es="Linear";ed="In";};["Left Arm"]={tm=.383;cf=cfr(.021,-.095,.111,-.498,.854,-.151,-.829,-.417,.374,.256,.311,.915);es="Linear";ed="In";};};{tm=1.233;["Torso"]={tm=.2669;cf=cfr(0,3.925,-6.338,1,0,0,0,.017,1,0,-1,.017);es="Linear";ed="In";};};{tm=1.5;["Torso"]={tm=.0169;cf=cfr(0,3.925,-6.338,1,0,0,0,.017,1,0,-1,.017);es="Linear";ed="In";};["Head"]={tm=.0169;cf=cfr(0,0,0,1,0,0,0,.919,-.395,0,.395,.919);es="Linear";ed="In";};["Left Leg"]={tm=.2170;cf=cfr(-.772,.348,.015,.6,.8,.032,-.799,.6,-.02,-.035,-.013,.999);es="Linear";ed="In";};["Right Arm"]={tm=.0169;cf=cfr(.202,-.497,.311,-.557,-.828,.056,.76,-.482,.436,-.334,.286,.898);es="Linear";ed="In";};["Right Leg"]={tm=.2170;cf=cfr(.457,-.272,.159,.899,.412,-.148,-.399,.91,.11,.18,-.04,.983);es="Linear";ed="In";};["Left Arm"]={tm=.0169;cf=cfr(.021,-.095,.111,-.498,.854,-.151,-.829,-.417,.374,.256,.311,.915);es="Linear";ed="In";};};{tm=1.517;["Torso"]={tm=.0160;cf=cfr(0,3.71,-4.703,1,0,0,0,.991,-.131,0,.131,.991);es="Sine";ed="In";};["Head"]={tm=.0160;cf=cfr(0,0,0,1,0,0,0,.75,.661,0,-.661,.75);es="Sine";ed="In";};["Right Arm"]={tm=.0160;cf=cfr(.272,.532,.053,-.996,.047,.076,-.038,-.992,.122,.081,.118,.99);es="Sine";ed="In";};["Left Arm"]={tm=.0160;cf=cfr(-.51,.762,-.326,-.989,-.004,-.151,-.054,-.926,.374,-.141,.377,.915);es="Sine";ed="In";};};{tm=1.533;["Torso"]={tm=.0170;cf=cfr(0,3.707,-4.69,1,0,0,0,.991,-.132,0,.132,.991);es="Linear";ed="In";};["Head"]={tm=.0170;cf=cfr(0,0,0,1,0,0,0,.753,.658,0,-.658,.753);es="Linear";ed="In";};["Right Arm"]={tm=.0170;cf=cfr(.273,.528,.053,-.997,.033,.076,-.023,-.992,.122,.079,.12,.99);es="Linear";ed="In";};["Left Arm"]={tm=.0170;cf=cfr(-.51,.756,-.324,-.988,.01,-.151,-.066,-.925,.374,-.136,.379,.915);es="Linear";ed="In";};};{tm=1.55;["Torso"]={tm=.0169;cf=cfr(0,3.698,-4.653,1,0,0,0,.991,-.137,0,.137,.991);es="Linear";ed="In";};["Head"]={tm=.0169;cf=cfr(0,0,0,1,0,0,0,.761,.649,0,-.649,.761);es="Linear";ed="In";};["Right Arm"]={tm=.0169;cf=cfr(.276,.518,.054,-.997,-.011,.076,.021,-.992,.122,.074,.123,.99);es="Linear";ed="In";};["Left Arm"]={tm=.0169;cf=cfr(-.507,.74,-.317,-.987,.049,-.151,-.103,-.922,.374,-.121,.384,.915);es="Linear";ed="In";};};{tm=1.567;["Torso"]={tm=.0160;cf=cfr(0,3.683,-4.593,1,0,0,0,.99,-.144,0,.144,.99);es="Linear";ed="In";};["Head"]={tm=.0160;cf=cfr(0,0,0,1,0,0,0,.773,.634,0,-.634,.773);es="Linear";ed="In";};["Right Arm"]={tm=.0160;cf=cfr(.28,.501,.056,-.994,-.084,.076,.093,-.988,.122,.064,.128,.99);es="Linear";ed="In";};["Left Arm"]={tm=.0160;cf=cfr(-.504,.713,-.305,-.982,.114,-.151,-.163,-.913,.374,-.095,.391,.915);es="Linear";ed="In";};};{tm=1.583;["Torso"]={tm=.0170;cf=cfr(0,3.662,-4.509,1,0,0,0,.988,-.154,0,.154,.988);es="Linear";ed="In";};["Head"]={tm=.0170;cf=cfr(0,0,0,1,0,0,0,.789,.614,0,-.614,.789);es="Linear";ed="In";};["Right Arm"]={tm=.0170;cf=cfr(.286,.477,.059,-.98,-.183,.076,.191,-.974,.122,.051,.134,.99);es="Linear";ed="In";};["Left Arm"]={tm=.0170;cf=cfr(-.499,.675,-.289,-.968,.202,-.151,-.245,-.895,.374,-.06,.398,.915);es="Linear";ed="In";};};{tm=1.6;["Torso"]={tm=.0169;cf=cfr(0,3.637,-4.404,1,0,0,0,.986,-.167,0,.167,.986);es="Linear";ed="In";};["Head"]={tm=.0169;cf=cfr(0,0,0,1,0,0,0,.809,.587,0,-.587,.809);es="Linear";ed="In";};["Right Arm"]={tm=.0169;cf=cfr(.294,.448,.062,-.949,-.305,.076,.312,-.942,.122,.034,.139,.99);es="Linear";ed="In";};["Left Arm"]={tm=.0169;cf=cfr(-.492,.629,-.269,-.938,.311,-.151,-.345,-.861,.374,-.014,.403,.915);es="Linear";ed="In";};};{tm=1.617;["Torso"]={tm=.0160;cf=cfr(0,3.606,-4.28,1,0,0,0,.983,-.182,0,.182,.983);es="Linear";ed="In";};["Head"]={tm=.0160;cf=cfr(0,0,0,1,0,0,0,.832,.555,0,-.555,.832);es="Linear";ed="In";};["Right Arm"]={tm=.0160;cf=cfr(.303,.413,.065,-.893,-.443,.076,.449,-.885,.122,.013,.143,.99);es="Linear";ed="In";};["Left Arm"]={tm=.0160;cf=cfr(-.484,.573,-.245,-.888,.434,-.151,-.458,-.807,.374,.04,.401,.915);es="Linear";ed="In";};};{tm=1.633;["Torso"]={tm=.0169;cf=cfr(0,3.571,-4.138,1,0,0,0,.98,-.199,0,.199,.98);es="Linear";ed="In";};["Head"]={tm=.0169;cf=cfr(0,0,0,1,0,0,0,.856,.517,0,-.517,.856);es="Linear";ed="In";};["Right Arm"]={tm=.0169;cf=cfr(.313,.372,.069,-.805,-.588,.076,.593,-.796,.122,-.011,.143,.99);es="Linear";ed="In";};["Left Arm"]={tm=.0169;cf=cfr(-.476,.51,-.218,-.811,.565,-.151,-.576,-.727,.374,.101,.39,.915);es="Linear";ed="In";};};{tm=1.65;["Torso"]={tm=.0170;cf=cfr(0,3.533,-3.981,1,0,0,0,.976,-.218,0,.218,.976);es="Linear";ed="In";};["Head"]={tm=.0170;cf=cfr(0,0,0,1,0,0,0,.881,.474,0,-.474,.881);es="Linear";ed="In";};["Right Arm"]={tm=.0170;cf=cfr(.325,.328,.074,-.681,-.729,.076,.732,-.671,.122,-.038,.138,.99);es="Linear";ed="In";};["Left Arm"]={tm=.0170;cf=cfr(-.466,.44,-.188,-.703,.695,-.151,-.691,-.619,.374,.166,.367,.915);es="Linear";ed="In";};};{tm=1.667;["Torso"]={tm=.0160;cf=cfr(0,3.492,-3.812,1,0,0,0,.971,-.239,0,.239,.971);es="Linear";ed="In";};["Head"]={tm=.0160;cf=cfr(0,0,0,1,0,0,0,.905,.426,0,-.426,.905);es="Linear";ed="In";};["Right Arm"]={tm=.0160;cf=cfr(.337,.28,.079,-.519,-.851,.076,.852,-.509,.122,-.065,.128,.99);es="Linear";ed="In";};["Left Arm"]={tm=.0160;cf=cfr(-.456,.365,-.155,-.565,.811,-.151,-.793,-.482,.374,.23,.331,.915);es="Linear";ed="In";};};{tm=1.683;["Torso"]={tm=.0169;cf=cfr(0,3.448,-3.633,1,0,0,0,.966,-.26,0,.26,.966);es="Linear";ed="In";};["Head"]={tm=.0169;cf=cfr(0,0,0,1,0,0,0,.927,.374,0,-.374,.927);es="Linear";ed="In";};["Right Arm"]={tm=.0169;cf=cfr(.35,.23,.084,-.326,-.942,.076,.941,-.316,.122,-.091,.111,.99);es="Linear";ed="In";};["Left Arm"]={tm=.0169;cf=cfr(-.445,.285,-.121,-.398,.905,-.151,-.871,-.32,.374,.29,.28,.915);es="Linear";ed="In";};};{tm=1.7;["Torso"]={tm=.0170;cf=cfr(0,3.403,-3.448,1,0,0,0,.959,-.282,0,.282,.959);es="Linear";ed="In";};["Head"]={tm=.0170;cf=cfr(0,0,0,1,0,0,0,.948,.319,0,-.319,.948);es="Linear";ed="In";};["Right Arm"]={tm=.0170;cf=cfr(.364,.177,.09,-.11,-.991,.076,.987,-.1,.122,-.113,.088,.99);es="Linear";ed="In";};["Left Arm"]={tm=.0170;cf=cfr(-.433,.202,-.085,-.209,.966,-.151,-.917,-.14,.374,.34,.217,.915);es="Linear";ed="In";};};{tm=1.717;["Torso"]={tm=.1829;cf=cfr(0,3.356,-3.26,1,0,0,0,.953,-.305,0,.305,.953);es="Linear";ed="In";};["Head"]={tm=.1829;cf=cfr(0,0,0,1,0,0,0,.965,.262,0,-.262,.965);es="Linear";ed="In";};["Left Leg"]={tm=.266;cf=cfr(-1.094,1.023,.039,.994,-.103,.032,.104,.994,-.02,-.029,.023,.999);es="Linear";ed="In";};["Right Arm"]={tm=.1829;cf=cfr(.378,.124,.095,.115,-.99,.076,.985,.124,.122,-.13,.06,.99);es="Linear";ed="In";};["Right Leg"]={tm=.25;cf=cfr(.86,-.027,.192,.899,.412,-.148,-.399,.91,.11,.18,-.04,.983);es="Linear";ed="In";};["Left Arm"]={tm=.1829;cf=cfr(-.422,.118,-.049,-.009,.988,-.151,-.926,.049,.374,.377,.143,.915);es="Linear";ed="In";};};{tm=1.9;["Torso"]={tm=.1499;cf=cfr(0,3.194,-2.751,1,0,0,0,.953,-.305,0,.305,.953);es="Linear";ed="In";};["Head"]={tm=0;cf=cfr(0,0,0,1,0,0,0,.993,.118,0,-.118,.993);es="Linear";ed="In";};["Right Arm"]={tm=.1499;cf=cfr(.213,-.251,.154,.397,-.915,.076,.907,.404,.122,-.142,.02,.99);es="Linear";ed="In";};["Left Arm"]={tm=.1499;cf=cfr(-.426,-.335,.135,.118,.981,-.151,-.912,.167,.374,.392,.094,.915);es="Linear";ed="In";};};{tm=1.967;["Right Leg"]={tm=.1160;cf=cfr(1.267,1.39,.095,.899,.412,-.148,-.399,.91,.11,.18,-.04,.983);es="Linear";ed="In";};};{tm=1.983;["Left Leg"]={tm=.1000;cf=cfr(-1.417,1.288,.055,.948,-.316,.032,.317,.948,-.02,-.024,.029,.999);es="Linear";ed="In";};};{tm=2.05;["Torso"]={tm=.1169;cf=cfr(0,2.914,-1.958,1,0,0,0,.891,-.455,0,.455,.891);es="Linear";ed="In";};["Right Arm"]={tm=.1169;cf=cfr(.113,-.045,.136,.897,-.435,.076,.425,.897,.122,-.121,-.077,.99);es="Linear";ed="In";};["Left Arm"]={tm=.1169;cf=cfr(-.27,-.137,.096,.769,.602,-.214,-.537,.791,.293,.346,-.11,.932);es="Linear";ed="In";};};{tm=2.083;["Left Leg"]={tm=.3499;cf=cfr(-1.137,1.111,.179,.994,-.076,.08,.077,.997,-.016,-.079,.022,.997);es="Linear";ed="In";};["Right Leg"]={tm=.3499;cf=cfr(1.138,1.234,.114,.96,.142,-.241,-.113,.985,.132,.256,-.099,.962);es="Linear";ed="In";};};{tm=2.167;["Torso"]={tm=.1160;cf=cfr(0,2.646,-1.353,1,0,0,0,.934,-.358,0,.358,.934);es="Linear";ed="In";};["Right Arm"]={tm=.1160;cf=cfr(-.023,-.11,.154,.964,-.253,.076,.243,.962,.122,-.104,-.099,.99);es="Linear";ed="In";};["Left Arm"]={tm=.1160;cf=cfr(-.106,-.12,.128,.948,.236,-.214,-.168,.941,.293,.271,-.242,.932);es="Linear";ed="In";};};{tm=2.283;["Torso"]={tm=.1499;cf=cfr(0,2.393,-.694,1,0,0,0,.976,-.217,0,.217,.976);es="Linear";ed="In";};["Right Arm"]={tm=.3170;cf=cfr(-.023,-.11,.154,.979,.191,.076,-.199,.972,.122,-.05,-.134,.99);es="Linear";ed="In";};["Left Arm"]={tm=.3170;cf=cfr(-.106,-.12,.128,1,.023,-.005,-.02,.955,.296,.012,-.296,.955);es="Linear";ed="In";};};{tm=2.433;["Torso"]={tm=.1670;cf=cfr(0,2.328,-.4,1,0,0,0,.988,-.155,0,.155,.988);es="Linear";ed="In";};["Left Leg"]={tm=.1670;cf=cfr(-.68,.242,.322,.99,.007,.142,-.004,1,-.021,-.143,.02,.99);es="Linear";ed="In";};["Right Leg"]={tm=.1670;cf=cfr(.734,.298,.18,.917,.17,-.36,-.126,.982,.142,.378,-.085,.922);es="Linear";ed="In";};};{tm=2.6;["Torso"]={tm=0;cf=cfr(0,2.313,-.309,1,0,0,0,.995,-.102,0,.102,.995);es="Linear";ed="In";};["Left Leg"]={tm=0;cf=cfr(-.62,.125,.31,.99,.007,.142,-.004,1,-.021,-.143,.02,.99);es="Linear";ed="In";};["Right Arm"]={tm=0;cf=cfr(-.1,-.112,.161,.997,-.035,.076,.025,.992,.122,-.079,-.119,.99);es="Linear";ed="In";};["Right Leg"]={tm=0;cf=cfr(.669,.178,.173,.917,.17,-.36,-.126,.982,.142,.378,-.085,.922);es="Linear";ed="In";};["Left Arm"]={tm=0;cf=cfr(-.106,-.12,.128,1,.022,-.008,-.02,.984,.177,.012,-.176,.984);es="Linear";ed="In";};};}