-- // converted using mech's animoduler
local cfr = CFrame.new

return {{tm=0;["Torso"]={tm=.083;cf=cfr(0,-.081,0,.977,.187,-.105,-.196,.977,-.08,.088,.099,.991);es="Linear";ed="In";};["Head"]={tm=.083;cf=cfr(0,0,0,.996,-.082,-.043,.065,.95,-.306,.066,.301,.951);es="Linear";ed="In";};["Right Arm"]={tm=.083;cf=cfr(.151,.155,-.046,.643,-.718,.266,.737,.674,.038,-.206,.172,.963);es="Linear";ed="In";};["Left Arm"]={tm=.083;cf=cfr(0,0,0,.864,.251,-.436,-.153,.957,.246,.479,-.146,.866);es="Linear";ed="In";};};{tm=.083;["Torso"]={tm=.084;cf=cfr(0,-.081,0,.978,.13,-.16,-.142,.988,-.067,.149,.089,.985);es="Linear";ed="In";};["Head"]={tm=.084;cf=cfr(0,0,0,.989,-.091,-.119,.04,.926,-.375,.144,.366,.919);es="Linear";ed="In";};["Right Arm"]={tm=.084;cf=cfr(.222,-.319,.154,.13,-.97,-.206,.948,.061,.312,-.29,-.236,.928);es="Linear";ed="In";};["Left Arm"]={tm=.084;cf=cfr(-.133,.057,-.083,.883,.418,-.214,-.394,.907,.149,.256,-.048,.965);es="Linear";ed="In";};};{tm=.167;["Torso"]={tm=.0829;cf=cfr(0,-.081,0,.999,-.051,-.011,.051,.998,-.027,.012,.027,1);es="Linear";ed="In";};["Head"]={tm=.0829;cf=cfr(0,0,0,.961,-.115,-.251,-.015,.887,-.461,.276,.447,.851);es="Linear";ed="In";};["Right Arm"]={tm=.0829;cf=cfr(.221,-.543,.016,-.816,-.544,-.196,.493,-.831,.256,-.302,.112,.947);es="Linear";ed="In";};["Left Arm"]={tm=.0829;cf=cfr(-.133,.057,-.083,.921,.351,.17,-.364,.93,.056,-.138,-.113,.984);es="Linear";ed="In";};};{tm=.25;["Torso"]={tm=.067;cf=cfr(0,-.081,0,.983,-.17,.066,.167,.985,.047,-.073,-.035,.997);es="Linear";ed="In";};["Head"]={tm=.067;cf=cfr(0,0,0,.996,.038,-.075,-.068,.887,-.456,.049,.46,.887);es="Linear";ed="In";};["Right Arm"]={tm=.067;cf=cfr(.254,-.725,.063,-.754,-.656,-.042,.593,-.707,.385,-.282,.266,.922);es="Linear";ed="In";};["Left Arm"]={tm=.067;cf=cfr(-.279,.061,-.058,.985,-.013,.17,-.029,.971,.238,-.168,-.24,.956);es="Linear";ed="In";};};{tm=.317;["Torso"]={tm=.0830;cf=cfr(0,-.081,0,.981,-.171,.091,.169,.985,.03,-.095,-.014,.995);es="Linear";ed="In";};["Head"]={tm=.0830;cf=cfr(0,0,0,.999,.037,.013,-.028,.91,-.413,-.028,.413,.91);es="Linear";ed="In";};["Right Arm"]={tm=.0830;cf=cfr(.346,-.7,.036,-.887,-.459,-.057,.425,-.858,.288,-.18,.231,.956);es="Linear";ed="In";};["Left Arm"]={tm=.0830;cf=cfr(.035,.03,-.067,.992,-.117,.037,.104,.96,.261,-.066,-.255,.965);es="Linear";ed="In";};};{tm=.4;["Torso"]={tm=0;cf=cfr(0,-.081,0,.989,-.113,.093,.114,.994,-.003,-.092,.014,.996);es="Linear";ed="In";};["Head"]={tm=0;cf=cfr(0,0,0,.998,.036,-.049,-.049,.95,-.309,.036,.311,.95);es="Linear";ed="In";};["Right Arm"]={tm=0;cf=cfr(.268,-.663,.02,-.904,-.425,-.046,.396,-.873,.284,-.161,.238,.958);es="Linear";ed="In";};["Left Arm"]={tm=0;cf=cfr(-.203,-.075,-.037,.943,-.306,-.131,.332,.901,.281,.032,-.308,.951);es="Linear";ed="In";};};}