-- // converted using mech's animoduler
local cfr = CFrame.new

return {{tm=0;["Stand Torso"]={tm=.05;cf=cfr(0,.108,-2.568,.977,.031,-.213,.015,.977,.212,.214,-.211,.954);es="Linear";ed="In";};["Stand Left Arm"]={tm=.05;cf=cfr(-.083,-.236,.297,.143,.858,-.493,-.688,.444,.574,.712,.257,.654);es="Linear";ed="In";};["Stand Left Leg"]={tm=.05;cf=cfr(-.214,.164,.021,.877,-.066,.476,.042,.997,.061,-.479,-.033,.877);es="Linear";ed="In";};["Stand Right Leg"]={tm=.05;cf=cfr(.394,.302,.097,.944,-.239,-.227,.263,.961,.085,.197,-.14,.97);es="Linear";ed="In";};["Stand Head"]={tm=.05;cf=cfr(0,0,0,.957,-.173,.233,.219,.957,-.19,-.19,.233,.954);es="Linear";ed="In";};["Stand Right Arm"]={tm=.05;cf=cfr(.145,-.254,.074,.193,-.724,.662,.559,.636,.533,-.807,.267,.527);es="Linear";ed="In";};};{tm=.05;["Stand Torso"]={tm=.067;cf=cfr(.065,.066,-2.72,.924,.045,-.379,.052,.969,.243,.378,-.245,.893);es="Linear";ed="In";};["Stand Left Arm"]={tm=.067;cf=cfr(-.098,-.365,.398,-.095,.865,-.493,-.782,.241,.574,.616,.44,.654);es="Linear";ed="In";};["Stand Left Leg"]={tm=.067;cf=cfr(-.214,.164,.021,.856,-.243,.456,.198,.969,.145,-.478,-.034,.878);es="Linear";ed="In";};["Stand Right Leg"]={tm=.067;cf=cfr(.546,.391,.125,.972,-.036,-.23,.075,.984,.164,.221,-.176,.959);es="Linear";ed="In";};["Stand Head"]={tm=.067;cf=cfr(0,0,0,.901,-.334,.277,.411,.861,-.3,-.138,.384,.913);es="Linear";ed="In";};["Stand Right Arm"]={tm=.067;cf=cfr(.145,-.254,.074,-.02,-.818,.576,.606,.448,.657,-.795,.362,.487);es="Linear";ed="In";};};{tm=.117;["Stand Torso"]={tm=.0659;cf=cfr(.166,.066,-2.72,.813,.152,-.562,.045,.946,.321,.581,-.286,.762);es="Linear";ed="In";};["Stand Left Arm"]={tm=.0659;cf=cfr(.284,-.302,.631,-.303,.846,-.439,-.671,.138,.728,.677,.515,.526);es="Linear";ed="In";};["Stand Left Leg"]={tm=.0659;cf=cfr(-.214,.164,.021,.872,-.131,.471,.104,.991,.084,-.478,-.025,.878);es="Linear";ed="In";};["Stand Right Leg"]={tm=.0659;cf=cfr(.546,.391,.125,.965,-.155,-.21,.164,.986,.024,.204,-.057,.977);es="Linear";ed="In";};["Stand Head"]={tm=.0659;cf=cfr(0,0,0,.885,-.359,.295,.45,.823,-.347,-.118,.44,.89);es="Linear";ed="In";};["Stand Right Arm"]={tm=.0659;cf=cfr(-.099,-.219,.168,-.239,-.925,.296,.529,.132,.838,-.814,.356,.458);es="Linear";ed="In";};};{tm=.183;["Stand Torso"]={tm=.067;cf=cfr(.166,.163,-2.257,.682,.157,-.714,.012,.974,.226,.731,-.162,.663);es="Linear";ed="In";};["Stand Left Arm"]={tm=.067;cf=cfr(.509,-.107,.549,-.234,.867,-.439,-.658,.192,.728,.716,.459,.526);es="Linear";ed="In";};["Stand Left Leg"]={tm=.067;cf=cfr(-.214,.164,.021,.882,-.023,.47,-.056,.987,.153,-.468,-.162,.869);es="Linear";ed="In";};["Stand Right Leg"]={tm=.067;cf=cfr(.546,.391,.125,.934,-.307,-.183,.286,.949,-.131,.214,.07,.974);es="Linear";ed="In";};["Stand Head"]={tm=.067;cf=cfr(0,0,0,.817,-.495,.295,.575,.741,-.347,-.047,.453,.89);es="Linear";ed="In";};["Stand Right Arm"]={tm=.067;cf=cfr(-.485,-.219,.261,-.145,-.982,.124,.529,.028,.848,-.836,.189,.515);es="Linear";ed="In";};};{tm=.25;["Stand Torso"]={tm=.067;cf=cfr(.166,.163,-1.93,.778,.043,-.627,-.101,.993,-.058,.62,.108,.777);es="Linear";ed="In";};["Stand Left Arm"]={tm=.067;cf=cfr(.626,-.465,-.035,-.018,.784,.621,-.735,-.432,.523,.678,-.447,.584);es="Linear";ed="In";};["Stand Left Leg"]={tm=.067;cf=cfr(-.214,.164,.021,.855,-.219,.47,.165,.974,.153,-.492,-.054,.869);es="Linear";ed="In";};["Stand Right Leg"]={tm=.067;cf=cfr(.361,.941,.144,.915,-.281,-.289,.342,.921,.188,.214,-.271,.939);es="Linear";ed="In";};["Stand Head"]={tm=.067;cf=cfr(0,0,0,.837,-.541,.081,.539,.792,-.286,.09,.283,.955);es="Linear";ed="In";};["Stand Right Arm"]={tm=.067;cf=cfr(-.368,-.471,.175,.357,-.755,-.55,.446,-.38,.81,-.821,-.535,.201);es="Linear";ed="In";};};{tm=.317;["Stand Torso"]={tm=.0499;cf=cfr(.148,.163,-1.821,.888,-.11,-.448,.016,.978,-.209,.461,.178,.87);es="Linear";ed="In";};["Stand Left Arm"]={tm=.0499;cf=cfr(.604,-.468,-.051,-.507,.361,.783,-.451,-.885,.115,.734,-.295,.611);es="Linear";ed="In";};["Stand Left Leg"]={tm=.0499;cf=cfr(-.214,.164,.021,.88,-.013,.475,-.004,.999,.036,-.475,-.034,.879);es="Linear";ed="In";};["Stand Right Leg"]={tm=.0499;cf=cfr(.353,.948,.166,.947,-.012,-.32,.111,.949,.295,.301,-.315,.9);es="Linear";ed="In";};["Stand Head"]={tm=.0499;cf=cfr(0,0,0,.884,-.416,-.213,.365,.899,-.241,.292,.135,.947);es="Linear";ed="In";};["Stand Right Arm"]={tm=.0499;cf=cfr(-.502,-.479,.112,.226,-.42,-.879,.524,-.708,.473,-.821,-.568,.061);es="Linear";ed="In";};};{tm=.367;["Stand Torso"]={tm=.0330;cf=cfr(-.029,.163,-1.821,.965,-.214,-.153,.177,.958,-.226,.195,.191,.962);es="Linear";ed="In";};["Stand Left Arm"]={tm=.0330;cf=cfr(.604,-.468,-.051,-.517,-.003,.856,-.263,-.951,-.163,.814,-.309,.491);es="Linear";ed="In";};["Stand Left Leg"]={tm=.0330;cf=cfr(-.214,.164,.021,.88,.068,.471,-.004,.991,-.136,-.475,.118,.872);es="Linear";ed="In";};["Stand Right Leg"]={tm=.0330;cf=cfr(.353,.948,.166,.925,.228,-.305,-.11,.926,.36,.365,-.299,.882);es="Linear";ed="In";};["Stand Head"]={tm=.0330;cf=cfr(0,0,0,.934,.031,-.356,-.087,.986,-.141,.346,.163,.924);es="Linear";ed="In";};["Stand Right Arm"]={tm=.0330;cf=cfr(-.181,-.604,.121,.226,-.285,-.932,.524,-.77,.363,-.821,-.57,-.025);es="Linear";ed="In";};};{tm=.4;["Stand Torso"]={tm=.0329;cf=cfr(-.029,.163,-2.331,.92,-.288,.265,.338,.926,-.166,-.198,.243,.95);es="Linear";ed="In";};["Stand Left Arm"]={tm=.0329;cf=cfr(.562,-.129,-.342,-.446,.101,.89,-.714,-.64,-.285,.541,-.762,.357);es="Linear";ed="In";};["Stand Left Leg"]={tm=.0329;cf=cfr(-.214,.164,.021,.847,-.338,.41,.346,.936,.056,-.403,.095,.91);es="Linear";ed="In";};["Stand Right Leg"]={tm=.0329;cf=cfr(.353,.948,.166,.718,.625,-.305,-.521,.774,.36,.461,-.1,.882);es="Linear";ed="In";};["Stand Head"]={tm=.0329;cf=cfr(0,0,0,.919,.172,-.354,-.231,.964,-.132,.318,.203,.926);es="Linear";ed="In";};["Stand Right Arm"]={tm=.0329;cf=cfr(-.604,-.382,.122,.575,-.624,-.53,.616,-.096,.782,-.539,-.775,.329);es="Linear";ed="In";};};{tm=.433;["Stand Torso"]={tm=.0170;cf=cfr(-.029,.163,-2.879,.965,-.057,.258,.109,.976,-.19,-.24,.212,.947);es="Linear";ed="In";};["Stand Left Arm"]={tm=.0170;cf=cfr(1.012,-.467,-.417,-.446,.793,.415,-.714,-.595,.37,.541,-.131,.831);es="Linear";ed="In";};["Stand Left Leg"]={tm=.0499;cf=cfr(-.214,.164,.021,.751,-.518,.41,.546,.836,.056,-.372,.182,.91);es="Linear";ed="In";};["Stand Right Leg"]={tm=.0499;cf=cfr(.353,.948,.166,.496,.815,-.301,-.73,.578,.363,.47,.039,.882);es="Linear";ed="In";};["Stand Head"]={tm=.0499;cf=cfr(0,0,0,.919,.298,-.257,-.231,.938,.259,.318,-.178,.931);es="Linear";ed="In";};["Stand Right Arm"]={tm=.0170;cf=cfr(-.716,-.541,.079,.593,-.774,-.222,.286,-.056,.957,-.753,-.63,.188);es="Linear";ed="In";};};{tm=.45;["Stand Torso"]={tm=.0329;cf=cfr(-.029,.163,-3.637,.922,.027,.386,-.017,.999,-.03,-.387,.021,.922);es="Linear";ed="In";};["Stand Left Arm"]={tm=.0329;cf=cfr(.994,-.122,.024,-.446,.861,.244,-.714,-.506,.484,.541,.042,.84);es="Linear";ed="In";};["Stand Right Arm"]={tm=.0329;cf=cfr(-.946,-.485,.243,.206,-.97,-.131,.271,-.072,.96,-.94,-.233,.248);es="Linear";ed="In";};};{tm=.483;["Stand Torso"]={tm=.0839;cf=cfr(-.029,.128,-3.734,.99,.094,-.109,-.068,.972,.223,.126,-.213,.969);es="Linear";ed="In";};["Stand Left Arm"]={tm=.0839;cf=cfr(-.954,-.443,-.392,-.17,.963,.208,-.678,-.267,.685,.716,-.025,.698);es="Linear";ed="In";};["Stand Left Leg"]={tm=.0839;cf=cfr(-.214,.164,.021,.909,-.077,.41,.059,.997,.056,-.413,-.026,.91);es="Linear";ed="In";};["Stand Right Leg"]={tm=.0839;cf=cfr(.535,.784,.154,.657,.67,-.345,-.592,.742,.315,.468,-.003,.884);es="Linear";ed="In";};["Stand Head"]={tm=.0340;cf=cfr(0,0,0,.966,-.138,.218,.07,.954,.292,-.248,-.267,.931);es="Linear";ed="In";};["Stand Right Arm"]={tm=.0839;cf=cfr(1.279,-.107,-.432,-.248,-.962,-.117,.218,-.173,.961,-.944,.213,.252);es="Linear";ed="In";};};{tm=.517;["Stand Head"]={tm=.0499;cf=cfr(0,0,0,.911,-.189,.367,.192,.981,.03,-.366,.043,.93);es="Linear";ed="In";};};{tm=.567;["Stand Torso"]={tm=.1000;cf=cfr(-.029,.128,-3.728,.964,.163,-.211,-.057,.9,.433,.261,-.405,.876);es="Linear";ed="In";};["Stand Left Arm"]={tm=.1000;cf=cfr(-1.115,-.256,-.686,-.285,.829,.481,-.609,-.544,.577,.74,-.128,.66);es="Linear";ed="In";};["Stand Left Leg"]={tm=.1000;cf=cfr(-.214,.164,.021,.824,.391,.41,-.451,.891,.056,-.344,-.231,.91);es="Linear";ed="In";};["Stand Right Leg"]={tm=.1000;cf=cfr(.535,.784,.154,.919,-.263,-.294,.306,.946,.109,.25,-.19,.949);es="Linear";ed="In";};["Stand Head"]={tm=.1000;cf=cfr(0,0,0,.969,-.233,.083,.239,.969,-.065,-.065,.083,.994);es="Linear";ed="In";};["Stand Right Arm"]={tm=.1000;cf=cfr(1.229,-.129,-.664,-.394,-.869,-.3,.35,-.444,.825,-.85,.22,.479);es="Linear";ed="In";};};{tm=.667;["Stand Torso"]={tm=.1499;cf=cfr(-.029,.128,-3.636,.948,.139,-.285,-.019,.922,.386,.316,-.361,.877);es="Linear";ed="In";};["Stand Left Arm"]={tm=.1499;cf=cfr(-1.069,-.305,-.544,-.225,.909,.352,-.632,-.411,.657,.742,-.075,.667);es="Linear";ed="In";};["Stand Left Leg"]={tm=.0659;cf=cfr(-.214,.164,.021,.726,.518,.453,-.622,.776,.11,-.294,-.361,.885);es="Linear";ed="In";};["Stand Right Leg"]={tm=.0659;cf=cfr(.535,.784,.154,.862,-.449,-.234,.459,.889,-.016,.215,-.094,.972);es="Linear";ed="In";};["Stand Head"]={tm=.0829;cf=cfr(0,0,0,.971,-.225,.078,.239,.911,-.336,.004,.345,.938);es="Linear";ed="In";};["Stand Right Arm"]={tm=.1499;cf=cfr(1.289,-.153,-.679,-.399,-.906,-.138,.348,-.289,.892,-.848,.308,.431);es="Linear";ed="In";};};{tm=.733;["Stand Left Leg"]={tm=.0839;cf=cfr(-.214,.164,.021,.737,.548,.395,-.608,.793,.033,-.296,-.265,.918);es="Linear";ed="In";};["Stand Right Leg"]={tm=.0839;cf=cfr(.535,.784,.154,.884,-.42,-.207,.421,.906,-.041,.205,-.051,.978);es="Linear";ed="In";};};{tm=.75;["Stand Head"]={tm=.0669;cf=cfr(0,0,0,.968,-.221,.119,.251,.877,-.41,-.014,.427,.904);es="Linear";ed="In";};};{tm=.817;["Stand Torso"]={tm=.1000;cf=cfr(-.029,.128,-3.636,.947,.135,-.29,-.032,.942,.334,.319,-.307,.897);es="Linear";ed="In";};["Stand Left Arm"]={tm=.1000;cf=cfr(-1.085,-.389,-.522,-.263,.908,.327,-.614,-.419,.669,.744,-.024,.667);es="Linear";ed="In";};["Stand Left Leg"]={tm=.1000;cf=cfr(-.214,.164,.021,.799,.506,.324,-.514,.855,-.069,-.312,-.111,.944);es="Linear";ed="In";};["Stand Right Leg"]={tm=.1000;cf=cfr(.524,.781,.151,.939,-.294,-.177,.285,.955,-.076,.191,.021,.981);es="Linear";ed="In";};["Stand Head"]={tm=.1000;cf=cfr(0,0,0,.96,-.239,.148,.275,.91,-.309,-.061,.337,.939);es="Linear";ed="In";};["Stand Right Arm"]={tm=.1000;cf=cfr(1.345,-.311,-.673,-.419,-.897,-.138,.342,-.297,.892,-.841,.326,.431);es="Linear";ed="In";};};{tm=.917;["Stand Torso"]={tm=0;cf=cfr(-.029,.128,-3.619,.951,.125,-.282,-.038,.954,.296,.306,-.271,.913);es="Linear";ed="In";};["Stand Left Arm"]={tm=0;cf=cfr(-1.084,-.395,-.557,-.209,.929,.305,-.634,-.366,.681,.744,-.051,.666);es="Linear";ed="In";};["Stand Left Leg"]={tm=0;cf=cfr(-.214,.164,.021,.866,.417,.276,-.386,.908,-.162,-.319,.034,.947);es="Linear";ed="In";};["Stand Right Leg"]={tm=0;cf=cfr(.535,.784,.154,.965,-.205,-.163,.204,.979,-.022,.164,-.012,.986);es="Linear";ed="In";};["Stand Head"]={tm=0;cf=cfr(0,0,0,.951,-.222,.217,.279,.918,-.283,-.137,.33,.934);es="Linear";ed="In";};["Stand Right Arm"]={tm=0;cf=cfr(1.345,-.311,-.673,-.372,-.927,-.056,.353,-.197,.915,-.859,.32,.4);es="Linear";ed="In";};};}