-- // converted using mech's animoduler
local cfr = CFrame.new

return {{tm=0;["Stand Torso"]={tm=.083;cf=cfr(-.029,.128,-3.619,.951,.125,-.282,-.038,.954,.296,.306,-.271,.913);es="Linear";ed="In";};["Stand Left Arm"]={tm=.083;cf=cfr(-1.084,-.395,-.557,-.209,.929,.305,-.634,-.366,.681,.744,-.051,.666);es="Linear";ed="In";};["Stand Left Leg"]={tm=.083;cf=cfr(-.214,.164,.021,.866,.417,.276,-.386,.908,-.162,-.319,.034,.947);es="Linear";ed="In";};["Stand Right Leg"]={tm=.083;cf=cfr(.535,.784,.154,.965,-.205,-.163,.204,.979,-.022,.164,-.012,.986);es="Linear";ed="In";};["Stand Head"]={tm=.083;cf=cfr(0,0,0,.951,-.222,.217,.279,.918,-.283,-.137,.33,.934);es="Linear";ed="In";};["Stand Right Arm"]={tm=.083;cf=cfr(1.345,-.311,-.673,-.372,-.927,-.056,.353,-.197,.915,-.859,.32,.4);es="Linear";ed="In";};};{tm=.083;["Stand Torso"]={tm=.0669;cf=cfr(-.029,.128,-3.634,.935,.132,-.328,0,.928,.374,.354,-.35,.867);es="Linear";ed="In";};["Stand Left Arm"]={tm=.0669;cf=cfr(-.998,-.429,-.592,-.121,.898,.423,-.666,-.39,.636,.736,-.205,.645);es="Linear";ed="In";};["Stand Left Leg"]={tm=.0669;cf=cfr(-.214,.164,.021,.825,.478,.3,-.465,.877,-.12,-.32,-.041,.946);es="Linear";ed="In";};["Stand Right Leg"]={tm=.0669;cf=cfr(.535,.784,.154,.953,-.268,-.144,.257,.962,-.091,.163,.049,.985);es="Linear";ed="In";};["Stand Head"]={tm=.0669;cf=cfr(0,0,0,.937,-.269,.221,.328,.897,-.297,-.118,.351,.929);es="Linear";ed="In";};["Stand Right Arm"]={tm=.0669;cf=cfr(1.18,-.378,-.606,-.435,-.895,.095,.349,-.071,.935,-.83,.44,.343);es="Linear";ed="In";};};{tm=.15;["Stand Torso"]={tm=.0500;cf=cfr(-.029,.128,-3.984,.941,.313,-.125,-.249,.896,.369,.227,-.316,.921);es="Linear";ed="In";};["Stand Left Arm"]={tm=.0500;cf=cfr(-.641,-.552,-.68,-.121,.99,.072,-.666,-.135,.734,.736,.041,.675);es="Linear";ed="In";};["Stand Left Leg"]={tm=.0500;cf=cfr(-.214,.164,.021,.937,.263,.231,-.151,.9,-.409,-.316,.348,.883);es="Linear";ed="In";};["Stand Right Leg"]={tm=.0500;cf=cfr(.535,.784,.154,.976,-.017,-.217,.061,.978,.199,.209,-.208,.956);es="Linear";ed="In";};["Stand Head"]={tm=.0500;cf=cfr(0,0,0,.81,-.057,.584,.168,.976,-.138,-.562,.21,.8);es="Linear";ed="In";};["Stand Right Arm"]={tm=.0500;cf=cfr(.929,-.383,-.254,-.435,-.895,.096,.349,-.07,.935,-.83,.44,.342);es="Linear";ed="In";};};{tm=.2;["Stand Torso"]={tm=.0999;cf=cfr(-.029,.128,-4.139,.973,.068,.219,-.068,.998,-.006,-.219,-.009,.976);es="Linear";ed="In";};["Stand Left Arm"]={tm=.0999;cf=cfr(-1.195,-.547,-.804,-.209,.965,-.156,-.659,-.021,.751,.722,.26,.641);es="Linear";ed="In";};["Stand Left Leg"]={tm=.0999;cf=cfr(-.214,.164,.021,.955,-.207,.213,.233,.967,-.105,-.184,.149,.971);es="Linear";ed="In";};["Stand Right Leg"]={tm=.0999;cf=cfr(.486,.631,.17,.839,.475,-.264,-.473,.878,.076,.268,.061,.961);es="Linear";ed="In";};["Stand Head"]={tm=.0999;cf=cfr(0,0,0,.996,.092,-.004,-.092,.982,-.168,-.012,.167,.986);es="Linear";ed="In";};["Stand Right Arm"]={tm=.0999;cf=cfr(1.192,-.561,-.562,.184,-.982,-.037,.337,.028,.941,-.923,-.185,.336);es="Linear";ed="In";};};{tm=.3;["Stand Torso"]={tm=.0830;cf=cfr(-.029,.128,-4.139,.919,.013,.394,.037,.992,-.118,-.393,.123,.911);es="Linear";ed="In";};["Stand Left Arm"]={tm=.0830;cf=cfr(-1.121,-.544,-.976,-.224,.857,-.465,-.663,.215,.717,.714,.469,.52);es="Linear";ed="In";};["Stand Left Leg"]={tm=.0830;cf=cfr(-.214,.164,.021,.979,-.078,.188,.071,.997,.043,-.191,-.029,.981);es="Linear";ed="In";};["Stand Right Leg"]={tm=.0830;cf=cfr(.486,.631,.17,.917,.265,-.298,-.274,.962,.012,.29,.07,.954);es="Linear";ed="In";};["Stand Head"]={tm=.0830;cf=cfr(0,0,0,.933,.351,-.084,-.357,.931,-.075,.052,.099,.994);es="Linear";ed="In";};["Stand Right Arm"]={tm=.0830;cf=cfr(1.11,-.843,-.46,.267,-.963,-.037,.333,.057,.941,-.904,-.263,.336);es="Linear";ed="In";};};{tm=.383;["Stand Torso"]={tm=.0840;cf=cfr(-.029,.128,-4.152,.923,-.058,.38,.094,.993,-.077,-.372,.107,.922);es="Linear";ed="In";};["Stand Left Arm"]={tm=.0840;cf=cfr(-1.121,-.544,-.976,-.33,.854,-.401,-.678,.081,.73,.656,.513,.553);es="Linear";ed="In";};["Stand Left Leg"]={tm=.0840;cf=cfr(-.214,.164,.021,.984,-.019,.18,-.006,.99,.14,-.181,-.139,.974);es="Linear";ed="In";};["Stand Right Leg"]={tm=.0840;cf=cfr(.486,.631,.17,.943,.131,-.306,-.151,.987,-.044,.297,.088,.951);es="Linear";ed="In";};["Stand Head"]={tm=.0840;cf=cfr(0,0,0,.941,.292,-.172,-.313,.943,-.114,.129,.161,.979);es="Linear";ed="In";};["Stand Right Arm"]={tm=.0840;cf=cfr(1.11,-.843,-.46,.144,-.989,-.037,.338,.014,.941,-.93,-.148,.336);es="Linear";ed="In";};};{tm=.467;["Stand Torso"]={tm=.1499;cf=cfr(-.029,.128,-4.107,.939,-.102,.328,.12,.992,-.033,-.322,.07,.944);es="Linear";ed="In";};["Stand Left Arm"]={tm=.1499;cf=cfr(-1.153,-.547,-.987,-.33,.89,-.313,-.678,.007,.735,.656,.455,.602);es="Linear";ed="In";};["Stand Left Leg"]={tm=.1499;cf=cfr(-.202,.164,.019,.983,.021,.18,-.046,.989,.14,-.175,-.146,.974);es="Linear";ed="In";};["Stand Right Leg"]={tm=.1499;cf=cfr(.486,.631,.17,.947,.063,-.314,-.102,.989,-.11,.304,.136,.943);es="Linear";ed="In";};["Stand Head"]={tm=.1499;cf=cfr(0,0,0,.936,.3,-.183,-.326,.935,-.136,.13,.187,.974);es="Linear";ed="In";};["Stand Right Arm"]={tm=.1499;cf=cfr(1.216,-.838,-.528,.064,-.995,-.072,.338,-.046,.94,-.939,-.085,.333);es="Linear";ed="In";};};{tm=.617;["Stand Torso"]={tm=.1159;cf=cfr(-.029,.128,-4.094,.975,-.043,.219,.047,.999,-.013,-.218,.023,.976);es="Linear";ed="In";};["Stand Left Arm"]={tm=.1159;cf=cfr(-1.177,-.592,-.943,-.352,.921,-.167,-.675,-.126,.727,.648,.369,.666);es="Linear";ed="In";};["Stand Left Leg"]={tm=.1159;cf=cfr(-.202,.164,.019,.984,.005,.18,-.023,.995,.096,-.178,-.099,.979);es="Linear";ed="In";};["Stand Right Leg"]={tm=.1159;cf=cfr(.536,.629,.124,.943,.125,-.308,-.15,.987,-.058,.297,.101,.95);es="Linear";ed="In";};["Stand Head"]={tm=.1159;cf=cfr(0,0,0,.975,.198,-.096,-.21,.969,-.127,.068,.144,.987);es="Linear";ed="In";};["Stand Right Arm"]={tm=.1159;cf=cfr(1.244,-.832,-.655,-.02,-.993,-.12,.333,-.12,.935,-.943,-.022,.333);es="Linear";ed="In";};};{tm=.733;["Stand Torso"]={tm=.0839;cf=cfr(-.029,.128,-4.094,.992,.013,.128,-.019,.999,.047,-.127,-.049,.991);es="Linear";ed="In";};["Stand Left Arm"]={tm=.0839;cf=cfr(-1.209,-.558,-.926,-.352,.936,-.012,-.675,-.245,.695,.648,.253,.719);es="Linear";ed="In";};["Stand Left Leg"]={tm=.0839;cf=cfr(-.202,.164,.019,.984,.019,.179,-.023,1,.018,-.178,-.022,.984);es="Linear";ed="In";};["Stand Right Leg"]={tm=.0839;cf=cfr(.545,.755,.125,.95,.073,-.304,-.072,.997,.013,.304,.009,.953);es="Linear";ed="In";};["Stand Head"]={tm=.0839;cf=cfr(0,0,0,.986,.149,.079,-.137,.979,-.149,-.1,.136,.986);es="Linear";ed="In";};["Stand Right Arm"]={tm=.0839;cf=cfr(1.336,-.777,-.751,-.244,-.951,-.191,.297,-.261,.919,-.923,.168,.346);es="Linear";ed="In";};};{tm=.817;["Stand Torso"]={tm=.1000;cf=cfr(-.029,.128,-4.094,.995,.061,.076,-.072,.987,.145,-.066,-.15,.986);es="Linear";ed="In";};["Stand Left Arm"]={tm=.1000;cf=cfr(-1.262,-.533,-.937,-.44,.886,.143,-.638,-.421,.645,.632,.192,.75);es="Linear";ed="In";};["Stand Left Leg"]={tm=.1000;cf=cfr(-.202,.164,.019,.982,.062,.176,-.057,.998,-.035,-.177,.024,.984);es="Linear";ed="In";};["Stand Right Leg"]={tm=.1000;cf=cfr(.545,.735,.126,.953,.014,-.304,-.01,1,.013,.304,-.009,.953);es="Linear";ed="In";};["Stand Head"]={tm=.1000;cf=cfr(0,0,0,.989,.06,.134,-.039,.987,-.157,-.142,.15,.978);es="Linear";ed="In";};["Stand Right Arm"]={tm=.1000;cf=cfr(1.267,-.802,-.725,-.421,-.887,-.192,.242,-.313,.918,-.874,.34,.346);es="Linear";ed="In";};};{tm=.917;["Stand Torso"]={tm=.0659;cf=cfr(-.029,.128,-4.037,.958,.202,-.206,-.161,.967,.199,.239,-.158,.958);es="Linear";ed="In";};["Stand Left Arm"]={tm=.0659;cf=cfr(-.972,-.504,-.777,-.267,.885,.381,-.742,-.441,.505,.615,-.147,.775);es="Linear";ed="In";};["Stand Left Leg"]={tm=.0659;cf=cfr(-.202,.164,.019,.982,.072,.172,-.057,.994,-.091,-.177,.079,.981);es="Linear";ed="In";};["Stand Right Leg"]={tm=.0659;cf=cfr(.703,.753,.176,.952,.048,-.304,-.046,.999,.013,.304,.002,.953);es="Linear";ed="In";};["Stand Head"]={tm=.0659;cf=cfr(0,0,0,.915,-.223,.335,.289,.944,-.161,-.28,.244,.928);es="Linear";ed="In";};["Stand Right Arm"]={tm=.0659;cf=cfr(1.234,-.64,-.664,-.591,-.784,-.192,.174,-.355,.918,-.788,.509,.346);es="Linear";ed="In";};};{tm=.983;["Stand Torso"]={tm=.0499;cf=cfr(-.266,.128,-4.26,.862,.438,-.256,-.285,.835,.47,.42,-.332,.845);es="Linear";ed="In";};["Stand Left Arm"]={tm=.0499;cf=cfr(-.972,-.504,-.777,-.489,.701,.519,-.523,-.712,.469,.698,-.042,.715);es="Linear";ed="In";};["Stand Left Leg"]={tm=.0499;cf=cfr(-.202,.164,.019,.963,.235,.135,-.155,.887,-.436,-.222,.399,.89);es="Linear";ed="In";};["Stand Right Leg"]={tm=.0499;cf=cfr(.628,1.115,.067,.938,-.195,-.287,.263,.939,.221,.226,-.283,.932);es="Linear";ed="In";};["Stand Head"]={tm=.0499;cf=cfr(0,0,0,.886,-.371,.278,.234,.875,.424,-.401,-.311,.862);es="Linear";ed="In";};["Stand Right Arm"]={tm=.0499;cf=cfr(1.082,-.318,-.574,-.545,-.742,-.391,.211,-.572,.793,-.812,.349,.468);es="Linear";ed="In";};};{tm=1.033;["Stand Torso"]={tm=.0340;cf=cfr(-.266,.128,-4.243,.573,-.052,.818,-.406,.849,.338,-.712,-.526,.465);es="Linear";ed="In";};["Stand Left Arm"]={tm=.0340;cf=cfr(-1.163,-.381,-.919,-.926,.371,.065,-.057,-.309,.949,.372,.876,.308);es="Linear";ed="In";};["Stand Left Leg"]={tm=.0340;cf=cfr(-.202,.164,.019,.963,.268,.038,-.155,.661,-.735,-.222,.701,.678);es="Linear";ed="In";};["Stand Right Leg"]={tm=.0340;cf=cfr(.504,.894,.124,.852,.477,-.217,-.386,.851,.356,.354,-.219,.909);es="Linear";ed="In";};["Stand Head"]={tm=.0340;cf=cfr(0,0,0,.589,.805,-.073,-.726,.567,.389,.355,-.176,.918);es="Linear";ed="In";};["Stand Right Arm"]={tm=.0340;cf=cfr(.24,-.532,-.402,.251,-.836,-.488,.581,-.273,.767,-.774,-.476,.417);es="Linear";ed="In";};};{tm=1.067;["Stand Torso"]={tm=.0330;cf=cfr(-.128,.128,-4.245,.347,-.119,.93,-.572,.759,.311,-.743,-.64,.195);es="Linear";ed="In";};["Stand Left Arm"]={tm=.0330;cf=cfr(-1.184,-.532,-.408,-.481,.806,.343,-.029,-.406,.913,.876,.43,.218);es="Linear";ed="In";};["Stand Left Leg"]={tm=.0330;cf=cfr(-.202,.164,.019,.952,.306,.019,-.178,.602,-.779,-.25,.738,.627);es="Linear";ed="In";};["Stand Right Leg"]={tm=.0330;cf=cfr(.62,1.092,.085,.834,.498,-.238,-.418,.851,.317,.36,-.165,.918);es="Linear";ed="In";};["Stand Head"]={tm=.0330;cf=cfr(0,0,0,.584,.807,.093,-.7,.442,.561,.411,-.392,.823);es="Linear";ed="In";};["Stand Right Arm"]={tm=.0330;cf=cfr(.636,-.311,-.967,-.157,-.932,-.326,.464,-.361,.809,-.872,-.024,.489);es="Linear";ed="In";};};{tm=1.1;["Stand Torso"]={tm=.0329;cf=cfr(.04,.128,-4.232,.372,-.211,.904,-.394,.846,.36,-.84,-.49,.232);es="Linear";ed="In";};["Stand Left Arm"]={tm=.0329;cf=cfr(-1.328,-.468,-.387,.349,.607,.714,-.37,-.611,.7,.861,-.508,.012);es="Linear";ed="In";};["Stand Left Leg"]={tm=.0329;cf=cfr(-.187,.182,.046,.913,.376,.16,-.234,.803,-.548,-.335,.463,.821);es="Linear";ed="In";};["Stand Right Leg"]={tm=.0329;cf=cfr(.611,1.109,.126,.961,.159,-.226,-.041,.891,.451,.273,-.424,.863);es="Linear";ed="In";};["Stand Head"]={tm=.0329;cf=cfr(0,0,0,.442,.897,.006,-.894,.441,-.076,-.07,.028,.997);es="Linear";ed="In";};["Stand Right Arm"]={tm=.0329;cf=cfr(1.239,-.208,-1.405,-.895,-.306,-.326,-.096,-.58,.809,-.436,.755,.489);es="Linear";ed="In";};};{tm=1.133;["Stand Torso"]={tm=.1169;cf=cfr(.073,.128,-4.236,.128,-.157,.979,-.122,.977,.172,-.984,-.141,.106);es="Linear";ed="In";};["Stand Left Arm"]={tm=.1169;cf=cfr(-1.18,-.53,-.298,.498,.564,.658,-.516,-.417,.748,.697,-.713,.083);es="Linear";ed="In";};["Stand Left Leg"]={tm=.1169;cf=cfr(-.157,.229,.096,.912,.206,.355,-.235,.971,.041,-.336,-.121,.934);es="Linear";ed="In";};["Stand Right Leg"]={tm=.1169;cf=cfr(.602,1.126,.166,.947,.193,-.258,-.115,.95,.289,.301,-.244,.922);es="Linear";ed="In";};["Stand Head"]={tm=.1169;cf=cfr(0,0,0,.287,.946,-.15,-.953,.267,-.141,-.093,.183,.979);es="Linear";ed="In";};["Stand Right Arm"]={tm=.1169;cf=cfr(1.473,-.149,-1.347,-.943,-.073,-.326,-.238,-.538,.809,-.234,.84,.489);es="Linear";ed="In";};};{tm=1.25;["Stand Torso"]={tm=.0829;cf=cfr(.1,.128,-4.225,.073,-.141,.987,.004,.99,.141,-.997,-.007,.073);es="Linear";ed="In";};["Stand Left Arm"]={tm=.0829;cf=cfr(-1.064,-.424,-.255,.497,.572,.652,-.514,-.412,.753,.699,-.709,.089);es="Linear";ed="In";};["Stand Left Leg"]={tm=.0829;cf=cfr(-.157,.229,.096,.914,.102,.394,-.153,.983,.101,-.376,-.153,.914);es="Linear";ed="In";};["Stand Right Leg"]={tm=.0829;cf=cfr(.602,1.126,.166,.948,.029,-.318,.033,.982,.186,.318,-.187,.93);es="Linear";ed="In";};["Stand Head"]={tm=.0829;cf=cfr(0,0,0,.139,.981,-.135,-.984,.122,-.126,-.107,.151,.983);es="Linear";ed="In";};["Stand Right Arm"]={tm=.0829;cf=cfr(1.419,-.162,-1.361,-.942,-.107,-.319,-.231,-.484,.844,-.245,.868,.431);es="Linear";ed="In";};};{tm=1.333;["Stand Torso"]={tm=0;cf=cfr(.066,.128,-4.23,.105,-.176,.979,.056,.984,.171,-.993,.037,.113);es="Linear";ed="In";};["Stand Left Arm"]={tm=0;cf=cfr(-1.069,-.417,-.228,.497,.475,.726,-.514,-.513,.688,.699,-.715,-.011);es="Linear";ed="In";};["Stand Left Leg"]={tm=0;cf=cfr(-.157,.229,.096,.914,.129,.385,-.153,.988,.033,-.376,-.089,.922);es="Linear";ed="In";};["Stand Right Leg"]={tm=0;cf=cfr(.602,1.126,.166,.936,-.109,-.334,.139,.988,.066,.323,-.108,.94);es="Linear";ed="In";};["Stand Head"]={tm=0;cf=cfr(0,0,0,.202,.965,-.169,-.978,.209,.02,.055,.161,.985);es="Linear";ed="In";};["Stand Right Arm"]={tm=0;cf=cfr(1.419,-.162,-1.361,-.943,-.054,-.327,-.247,-.544,.802,-.221,.837,.5);es="Linear";ed="In";};};}