-- // converted using mech's animoduler
local cfr = CFrame.new

return {{tm=0;["Torso"]={tm=.083;cf=cfr(.394,-1.587,.251,.99,.05,.135,-.067,.99,.123,-.127,-.131,.983);es="Linear";ed="In";};["Head"]={tm=.083;cf=cfr(0,0,0,.973,0,-.23,-.075,.946,-.316,.218,.325,.92);es="Linear";ed="In";};["Left Leg"]={tm=.083;cf=cfr(-.03,-.004,.002,.993,-.082,-.086,.096,.98,.172,.07,-.179,.981);es="Linear";ed="In";};["Right Arm"]={tm=.083;cf=cfr(0,0,0,.779,-.328,.534,.318,.941,.115,-.54,.08,.838);es="Linear";ed="In";};["Right Leg"]={tm=.083;cf=cfr(0,0,0,.957,.271,.108,-.283,.951,.122,-.069,-.148,.987);es="Linear";ed="In";};["Left Arm"]={tm=.083;cf=cfr(0,0,0,.881,.197,-.43,-.203,.979,.031,.427,.06,.902);es="Linear";ed="In";};};{tm=.083;["Torso"]={tm=.0669;cf=cfr(.386,-1.78,.29,.99,.058,.131,-.067,.996,.06,-.127,-.068,.99);es="Linear";ed="In";};["Head"]={tm=.0669;cf=cfr(0,0,0,.973,.09,-.212,-.075,.994,.076,.218,-.059,.974);es="Linear";ed="In";};["Left Leg"]={tm=.0669;cf=cfr(-.03,-.004,.002,.993,-.085,-.083,.096,.986,.138,.07,-.145,.987);es="Linear";ed="In";};["Right Arm"]={tm=.0669;cf=cfr(0,0,0,.996,-.01,.093,.01,1,.004,-.093,-.003,.996);es="Linear";ed="In";};["Right Leg"]={tm=.0669;cf=cfr(0,0,0,.993,.098,.066,-.097,.995,-.023,-.068,.016,.998);es="Linear";ed="In";};["Left Arm"]={tm=.0669;cf=cfr(0,0,0,.997,.053,-.053,-.058,.993,-.103,.047,.106,.993);es="Linear";ed="In";};};{tm=.15;["Torso"]={tm=.0500;cf=cfr(.398,-1.616,.29,.975,.141,.171,-.076,.938,-.339,-.208,.317,.925);es="Linear";ed="In";};["Head"]={tm=.0500;cf=cfr(0,0,0,.435,-.726,.532,.759,.614,.217,-.485,.309,.818);es="Linear";ed="In";};["Left Leg"]={tm=.0500;cf=cfr(-.03,-.004,.002,.869,.494,.004,-.474,.832,.288,.139,-.253,.957);es="Linear";ed="In";};["Right Arm"]={tm=.0500;cf=cfr(-.216,-.137,.085,.985,-.108,.136,.116,.992,-.052,-.129,.067,.989);es="Linear";ed="In";};["Right Leg"]={tm=.0500;cf=cfr(0,0,0,.882,-.454,.129,.469,.872,-.139,-.05,.183,.982);es="Linear";ed="In";};["Left Arm"]={tm=.0500;cf=cfr(0,0,0,.944,.328,.032,-.329,.934,.14,.016,-.142,.99);es="Linear";ed="In";};};{tm=.2;["Torso"]={tm=.0999;cf=cfr(.066,-1.142,.479,.862,.44,.252,-.298,.842,-.449,-.41,.312,.857);es="Linear";ed="In";};["Head"]={tm=.0999;cf=cfr(0,0,0,.435,-.474,.765,.759,.651,-.028,-.485,.593,.643);es="Linear";ed="In";};["Left Leg"]={tm=.0999;cf=cfr(-.065,.324,-.076,.819,.503,.277,-.551,.551,.627,.163,-.666,.728);es="Linear";ed="In";};["Right Arm"]={tm=.0999;cf=cfr(.444,-.394,-.046,.868,-.266,.42,.424,.837,-.346,-.259,.478,.839);es="Linear";ed="In";};["Right Leg"]={tm=.0999;cf=cfr(0,0,0,.649,-.68,.342,.761,.566,-.318,.022,.467,.884);es="Linear";ed="In";};["Left Arm"]={tm=.0829;cf=cfr(0,0,0,.944,.257,.206,-.329,.706,.628,.016,-.66,.751);es="Linear";ed="In";};};{tm=.283;["Left Arm"]={tm=.067;cf=cfr(.107,-.141,.089,.854,.477,.206,-.489,.605,.628,.175,-.637,.751);es="Linear";ed="In";};};{tm=.3;["Torso"]={tm=.0499;cf=cfr(-.281,-1.26,.464,.98,-.119,.162,.176,.896,-.407,-.097,.427,.899);es="Linear";ed="In";};["Head"]={tm=.0499;cf=cfr(0,0,0,.434,-.757,.489,.759,.6,.255,-.486,.261,.834);es="Linear";ed="In";};["Left Leg"]={tm=.0499;cf=cfr(-.065,.324,-.076,.708,.706,.016,-.676,.671,.305,.205,-.226,.952);es="Linear";ed="In";};["Right Arm"]={tm=.0499;cf=cfr(.034,-.007,-.031,.74,-.615,.272,.593,.788,.167,-.317,.038,.948);es="Linear";ed="In";};["Right Leg"]={tm=.0499;cf=cfr(-.366,.184,-.06,.649,-.754,.105,.761,.638,-.118,.022,.156,.987);es="Linear";ed="In";};};{tm=.35;["Torso"]={tm=.067;cf=cfr(-.288,-1.207,.506,.949,-.31,.049,.313,.918,-.246,.031,.249,.968);es="Linear";ed="In";};["Head"]={tm=.067;cf=cfr(0,0,0,.434,-.754,.493,.759,.601,.251,-.486,.265,.833);es="Linear";ed="In";};["Left Leg"]={tm=.067;cf=cfr(-.065,.324,-.076,.865,.488,-.116,-.481,.873,.08,.14,-.013,.99);es="Linear";ed="In";};["Right Arm"]={tm=.067;cf=cfr(-.192,-.032,-.079,.884,-.262,-.387,.408,.836,.366,.227,-.482,.846);es="Linear";ed="In";};["Right Leg"]={tm=.067;cf=cfr(-.112,.303,-.176,.916,-.401,-.026,.398,.899,.183,-.049,-.178,.983);es="Linear";ed="In";};["Left Arm"]={tm=.067;cf=cfr(.107,-.141,.089,.953,.303,-.002,-.245,.774,.584,.178,-.556,.812);es="Linear";ed="In";};};{tm=.417;["Torso"]={tm=.0500;cf=cfr(-.294,-1.15,.528,.964,-.264,.003,.264,.963,-.05,.01,.05,.999);es="Linear";ed="In";};["Head"]={tm=.0500;cf=cfr(0,0,0,.906,-.397,.144,.261,.795,.548,-.332,-.459,.824);es="Linear";ed="In";};["Left Leg"]={tm=.0500;cf=cfr(-.065,.324,-.076,.985,.125,-.116,-.116,.99,.08,.124,-.065,.99);es="Linear";ed="In";};["Right Arm"]={tm=.0500;cf=cfr(.083,.013,.1,.913,.386,-.128,-.278,.823,.496,.297,-.417,.859);es="Linear";ed="In";};["Right Leg"]={tm=.0500;cf=cfr(.042,.189,-.15,.987,.159,-.026,-.152,.971,.183,.055,-.176,.983);es="Linear";ed="In";};["Left Arm"]={tm=.0500;cf=cfr(.107,-.141,.089,.984,-.178,.016,.146,.851,.504,-.103,-.493,.864);es="Linear";ed="In";};};{tm=.467;["Torso"]={tm=.0999;cf=cfr(-.296,-1.116,.519,.985,-.142,.094,.139,.989,.042,-.099,-.028,.995);es="Linear";ed="In";};["Head"]={tm=.0999;cf=cfr(0,0,0,.94,-.33,-.084,.337,.862,.379,-.053,-.385,.921);es="Linear";ed="In";};["Left Leg"]={tm=.0999;cf=cfr(-.002,.327,-.067,.99,-.07,-.121,.089,.984,.157,.108,-.166,.98);es="Linear";ed="In";};["Right Arm"]={tm=.0999;cf=cfr(.318,-.215,.109,.836,.542,-.085,-.363,.663,.655,.411,-.516,.751);es="Linear";ed="In";};["Right Leg"]={tm=.0999;cf=cfr(.015,.02,-.12,.967,.252,-.034,-.244,.957,.154,.071,-.141,.987);es="Linear";ed="In";};["Left Arm"]={tm=.0999;cf=cfr(.1,.133,.061,.869,-.402,.287,.287,.884,.369,-.402,-.238,.884);es="Linear";ed="In";};};{tm=.567;["Torso"]={tm=.0500;cf=cfr(-.283,-1.266,.5,.983,.176,.061,-.168,.979,-.117,-.081,.104,.991);es="Linear";ed="In";};["Head"]={tm=.0660;cf=cfr(0,0,0,.899,-.288,-.33,.382,.884,.268,.214,-.367,.905);es="Linear";ed="In";};["Left Leg"]={tm=.0500;cf=cfr(.083,.316,-.082,.987,-.11,-.118,.123,.986,.11,.104,-.123,.987);es="Linear";ed="In";};["Right Arm"]={tm=.0500;cf=cfr(.105,-.216,.054,.938,-.014,.347,-.181,.833,.523,-.296,-.553,.779);es="Linear";ed="In";};["Right Leg"]={tm=.0500;cf=cfr(.015,.02,-.12,.943,.254,.215,-.289,.945,.153,-.164,-.206,.965);es="Linear";ed="In";};["Left Arm"]={tm=.0500;cf=cfr(.399,-.176,.039,.689,-.35,.635,.19,.932,.308,-.7,-.091,.709);es="Linear";ed="In";};};{tm=.617;["Torso"]={tm=.1159;cf=cfr(-.283,-1.267,.5,.972,.234,.024,-.222,.946,-.234,-.077,.222,.972);es="Linear";ed="In";};["Left Leg"]={tm=.1159;cf=cfr(.083,.316,-.082,.981,.155,-.118,-.142,.984,.11,.133,-.091,.987);es="Linear";ed="In";};["Right Arm"]={tm=.1159;cf=cfr(.268,-.2,.102,.898,-.187,.399,.029,.928,.371,-.44,-.321,.838);es="Linear";ed="In";};["Right Leg"]={tm=.1159;cf=cfr(.015,.02,-.12,.973,-.081,.215,.049,.987,.153,-.224,-.138,.965);es="Linear";ed="In";};["Left Arm"]={tm=.1159;cf=cfr(.107,-.141,.089,.775,-.091,.626,.084,.996,.041,-.627,.021,.779);es="Linear";ed="In";};};{tm=.633;["Head"]={tm=.1169;cf=cfr(0,0,0,.889,.266,-.372,-.291,.957,-.013,.352,.12,.928);es="Linear";ed="In";};};{tm=.733;["Torso"]={tm=.0839;cf=cfr(-.283,-1.267,.5,.998,.047,.034,-.033,.94,-.341,-.048,.339,.94);es="Linear";ed="In";};["Left Leg"]={tm=.0839;cf=cfr(-.039,.309,-.076,.978,.173,-.118,-.16,.981,.11,.135,-.088,.987);es="Linear";ed="In";};["Right Arm"]={tm=.0839;cf=cfr(.196,.005,.085,.895,-.384,.229,.402,.915,-.038,-.195,.126,.973);es="Linear";ed="In";};["Right Leg"]={tm=.0839;cf=cfr(.018,.017,-.042,.944,-.25,.215,.22,.963,.153,-.245,-.097,.965);es="Linear";ed="In";};["Left Arm"]={tm=.0839;cf=cfr(-.095,-.068,.096,.936,.271,.224,-.305,.943,.133,-.175,-.193,.965);es="Linear";ed="In";};};{tm=.75;["Head"]={tm=.0829;cf=cfr(0,0,0,.849,.419,-.323,-.44,.898,.01,.294,.134,.947);es="Linear";ed="In";};};{tm=.817;["Torso"]={tm=.1000;cf=cfr(-.284,-1.252,.504,.992,-.075,.097,.099,.958,-.268,-.073,.276,.958);es="Linear";ed="In";};["Left Leg"]={tm=.1000;cf=cfr(-.039,.309,-.076,.971,.21,-.118,-.197,.974,.11,.138,-.083,.987);es="Linear";ed="In";};["Right Arm"]={tm=.1000;cf=cfr(.031,-.149,.036,.966,-.238,.099,.241,.97,-.014,-.093,.037,.995);es="Linear";ed="In";};["Right Leg"]={tm=.1000;cf=cfr(.018,.017,-.042,.914,-.345,.215,.317,.936,.153,-.254,-.071,.965);es="Linear";ed="In";};["Left Arm"]={tm=.1000;cf=cfr(-.197,-.075,-.026,.951,.271,-.148,-.232,.943,.239,.205,-.193,.96);es="Linear";ed="In";};};{tm=.833;["Head"]={tm=.0840;cf=cfr(0,0,0,.734,.504,-.456,-.629,.757,-.176,.257,.416,.872);es="Linear";ed="In";};};{tm=.917;["Torso"]={tm=.0659;cf=cfr(.107,-1.24,.529,.995,-.085,-.058,.07,.971,-.229,.076,.224,.972);es="Linear";ed="In";};["Head"]={tm=.0829;cf=cfr(0,0,0,.554,.452,-.699,-.677,.734,-.063,.485,.508,.712);es="Linear";ed="In";};["Left Leg"]={tm=.0659;cf=cfr(-.039,.309,-.076,.971,.162,-.178,-.197,.959,-.201,.138,.23,.963);es="Linear";ed="In";};["Right Arm"]={tm=.0659;cf=cfr(.257,-.095,.08,.963,-.25,-.102,.27,.892,.362,.001,-.376,.926);es="Linear";ed="In";};["Right Leg"]={tm=.0659;cf=cfr(-.034,.188,.123,.914,-.395,.095,.317,.839,.441,-.254,-.373,.892);es="Linear";ed="In";};["Left Arm"]={tm=.0829;cf=cfr(-.02,-.124,-.008,.71,.342,-.615,-.413,.91,.03,.57,.233,.788);es="Linear";ed="In";};};{tm=.983;["Torso"]={tm=.0499;cf=cfr(.481,-1.482,.557,.961,.233,-.149,-.252,.961,-.119,.116,.152,.982);es="Linear";ed="In";};["Left Leg"]={tm=.0499;cf=cfr(-.063,.143,-.096,.971,.142,-.194,-.197,.932,-.303,.138,.332,.933);es="Linear";ed="In";};["Right Arm"]={tm=.0499;cf=cfr(.257,-.095,.08,.893,-.451,0,.446,.882,.155,-.07,-.138,.988);es="Linear";ed="In";};["Right Leg"]={tm=.0499;cf=cfr(.01,.48,.067,.976,-.213,.044,.155,.824,.544,-.152,-.525,.838);es="Linear";ed="In";};};{tm=1;["Head"]={tm=.0329;cf=cfr(0,0,0,.554,.345,-.758,-.677,.717,-.168,.485,.606,.631);es="Linear";ed="In";};["Left Arm"]={tm=.0500;cf=cfr(-.02,-.124,-.008,.681,-.396,-.615,.523,.852,.03,.512,-.342,.788);es="Linear";ed="In";};};{tm=1.033;["Torso"]={tm=.0340;cf=cfr(-.482,-1.547,.069,.941,-.118,.318,.144,.988,-.059,-.307,.102,.946);es="Linear";ed="In";};["Head"]={tm=.0500;cf=cfr(0,0,0,.401,.151,-.904,-.696,.691,-.193,.595,.707,.382);es="Linear";ed="In";};["Left Leg"]={tm=.0500;cf=cfr(-.242,.785,-.335,.979,.202,-.016,-.163,.833,.529,.12,-.515,.848);es="Linear";ed="In";};["Right Arm"]={tm=.0500;cf=cfr(.257,-.095,.08,.82,-.294,.491,.537,.693,-.481,-.199,.658,.726);es="Linear";ed="In";};["Right Leg"]={tm=.0500;cf=cfr(.368,.502,.119,.976,-.114,.185,.155,.961,-.228,-.152,.251,.956);es="Linear";ed="In";};};{tm=1.05;["Left Arm"]={tm=.0329;cf=cfr(-.02,-.124,-.008,.743,-.252,-.62,.667,.215,.713,-.046,-.943,.328);es="Linear";ed="In";};};{tm=1.067;["Torso"]={tm=.0330;cf=cfr(-.563,-1.331,.109,.888,.331,.318,-.33,.942,-.059,-.319,-.052,.946);es="Linear";ed="In";};};{tm=1.083;["Head"]={tm=.0840;cf=cfr(0,0,0,.984,.145,-.107,-.176,.646,-.743,-.039,.75,.661);es="Linear";ed="In";};["Left Leg"]={tm=.0840;cf=cfr(-.242,.785,-.335,.963,.264,-.044,-.225,.886,.406,.146,-.381,.913);es="Linear";ed="In";};["Right Arm"]={tm=.0840;cf=cfr(.257,-.095,.08,.094,-.31,.946,.706,.69,.156,-.702,.654,.284);es="Linear";ed="In";};["Right Leg"]={tm=.0840;cf=cfr(.368,.502,.119,.911,-.369,.185,.405,.885,-.228,-.08,.282,.956);es="Linear";ed="In";};["Left Arm"]={tm=.0840;cf=cfr(-.02,-.124,-.008,.557,.552,-.62,.106,.693,.713,.823,-.463,.328);es="Linear";ed="In";};};{tm=1.1;["Torso"]={tm=.0669;cf=cfr(.002,.42,-.136,.94,-.231,.25,.103,.893,.439,-.325,-.387,.863);es="Linear";ed="In";};};{tm=1.167;["Torso"]={tm=0;cf=cfr(.302,1.024,-.388,.254,.765,.592,-.89,-.055,.453,.379,-.642,.667);es="Linear";ed="In";};["Head"]={tm=0;cf=cfr(0,0,0,.671,-.58,-.461,.436,.812,-.387,.599,.059,.798);es="Linear";ed="In";};["Left Leg"]={tm=0;cf=cfr(-.771,.516,.112,.768,-.639,-.044,.598,.691,.406,-.229,-.338,.913);es="Linear";ed="In";};["Right Arm"]={tm=0;cf=cfr(-.384,-.036,-.191,.417,-.864,.282,.807,.495,.322,-.417,.094,.904);es="Linear";ed="In";};["Right Leg"]={tm=0;cf=cfr(.368,.502,.119,.825,-.519,.225,.565,.773,-.287,-.025,.364,.931);es="Linear";ed="In";};["Left Arm"]={tm=0;cf=cfr(-.278,-.021,-.174,.564,-.545,-.62,.696,-.09,.713,-.445,-.833,.328);es="Linear";ed="In";};};}