-- // converted using mech's animoduler
local cfr = CFrame.new

return {{tm=0;["StandHumanoidRootPart"]={tm=.025;cf=cfr(0,0,0,1,0,0,0,1,0,0,0,1);es="Linear";ed="In";};["Stand Torso"]={tm=.025;cf=cfr(-.55,-.051,-.652,-.125,.145,-.981,.575,.817,.048,.808,-.559,-.185);es="Linear";ed="In";};["Stand Left Leg"]={tm=.025;cf=cfr(-.487,.386,.015,.985,.08,.15,-.09,.994,.061,-.145,-.073,.987);es="Linear";ed="In";};["Stand Right Leg"]={tm=.025;cf=cfr(.948,.68,-.132,.979,.174,.108,-.191,.965,.179,-.073,-.196,.978);es="Linear";ed="In";};["Stand Head"]={tm=.025;cf=cfr(0,0,0,.638,.734,-.231,-.759,.651,-.027,.131,.193,.972);es="Linear";ed="In";};["Stand Right Arm"]={tm=.025;cf=cfr(.033,-.109,-.106,.923,.011,-.385,.064,.981,.183,.38,-.194,.904);es="Linear";ed="In";};["Stand Left Arm"]={tm=.025;cf=cfr(-.07,-.146,.064,.975,.162,.153,-.183,.974,.137,-.127,-.162,.979);es="Linear";ed="In";};};{tm=.025;["StandHumanoidRootPart"]={tm=.025;cf=cfr(0,0,0,1,0,0,0,1,0,0,0,1);es="Linear";ed="In";};["Stand Torso"]={tm=.025;cf=cfr(-.596,-.114,-.63,-.222,.159,-.962,.565,.825,.006,.795,-.542,-.273);es="Linear";ed="In";};["Stand Left Leg"]={tm=.025;cf=cfr(-.487,.385,.015,.986,.071,.149,-.081,.995,.063,-.144,-.074,.987);es="Linear";ed="In";};["Stand Right Leg"]={tm=.025;cf=cfr(.948,.679,-.132,.979,.171,.113,-.19,.964,.184,-.078,-.202,.976);es="Linear";ed="In";};["Stand Head"]={tm=.025;cf=cfr(0,0,0,.662,.715,-.226,-.739,.673,-.035,.127,.19,.973);es="Linear";ed="In";};["Stand Right Arm"]={tm=.025;cf=cfr(.024,-.111,-.118,.919,-.015,-.394,.101,.975,.198,.381,-.222,.898);es="Linear";ed="In";};["Stand Left Arm"]={tm=.025;cf=cfr(-.079,-.147,.065,.97,.205,.129,-.221,.968,.119,-.1,-.144,.985);es="Linear";ed="In";};};{tm=.05;["StandHumanoidRootPart"]={tm=.0249;cf=cfr(0,0,0,1,0,0,0,1,0,0,0,1);es="Linear";ed="In";};["Stand Torso"]={tm=.0249;cf=cfr(-.633,-.18,-.602,-.309,.169,-.936,.552,.833,-.032,.774,-.526,-.351);es="Linear";ed="In";};["Stand Left Leg"]={tm=.0249;cf=cfr(-.487,.383,.015,.988,.046,.144,-.056,.996,.068,-.14,-.075,.987);es="Linear";ed="In";};["Stand Right Leg"]={tm=.0249;cf=cfr(.948,.678,-.132,.978,.164,.127,-.187,.962,.2,-.089,-.219,.972);es="Linear";ed="In";};["Stand Head"]={tm=.0249;cf=cfr(0,0,0,.726,.654,-.21,-.677,.734,-.055,.118,.182,.976);es="Linear";ed="In";};["Stand Right Arm"]={tm=.0249;cf=cfr(-.001,-.115,-.15,.904,-.087,-.419,.201,.951,.236,.378,-.298,.877);es="Linear";ed="In";};["Stand Left Arm"]={tm=.0249;cf=cfr(-.104,-.151,.07,.943,.327,.056,-.33,.941,.072,-.029,-.086,.996);es="Linear";ed="In";};};{tm=.075;["StandHumanoidRootPart"]={tm=.0250;cf=cfr(0,0,0,1,0,0,0,1,0,0,0,1);es="Linear";ed="In";};["Stand Torso"]={tm=.0250;cf=cfr(-.66,-.247,-.569,-.384,.177,-.906,.538,.84,-.064,.75,-.512,-.418);es="Linear";ed="In";};["Stand Left Leg"]={tm=.0250;cf=cfr(-.486,.379,.014,.991,.008,.136,-.018,.997,.073,-.135,-.075,.988);es="Linear";ed="In";};["Stand Right Leg"]={tm=.0250;cf=cfr(.948,.677,-.131,.977,.158,.144,-.188,.956,.224,-.102,-.246,.964);es="Linear";ed="In";};["Stand Head"]={tm=.0250;cf=cfr(0,0,0,.818,.547,-.18,-.567,.82,-.085,.101,.172,.98);es="Linear";ed="In";};["Stand Right Arm"]={tm=.0250;cf=cfr(-.04,-.122,-.198,.866,-.187,-.464,.347,.893,.286,.361,-.408,.838);es="Linear";ed="In";};["Stand Left Arm"]={tm=.0250;cf=cfr(-.141,-.157,.077,.862,.502,-.071,-.502,.864,.017,.07,.021,.997);es="Linear";ed="In";};};{tm=.1;["StandHumanoidRootPart"]={tm=.0249;cf=cfr(0,0,0,1,0,0,0,1,0,0,0,1);es="Linear";ed="In";};["Stand Torso"]={tm=.0249;cf=cfr(-.68,-.311,-.531,-.447,.182,-.876,.524,.847,-.092,.725,-.5,-.474);es="Linear";ed="In";};["Stand Left Leg"]={tm=.0249;cf=cfr(-.486,.375,.013,.991,-.042,.123,.033,.997,.077,-.126,-.072,.989);es="Linear";ed="In";};["Stand Right Leg"]={tm=.0249;cf=cfr(.948,.676,-.131,.974,.157,.161,-.195,.947,.255,-.113,-.28,.953);es="Linear";ed="In";};["Stand Head"]={tm=.0249;cf=cfr(0,0,0,.914,.383,-.134,-.399,.909,-.118,.076,.161,.984);es="Linear";ed="In";};["Stand Right Arm"]={tm=.0249;cf=cfr(-.091,-.132,-.26,.797,-.294,-.528,.512,.792,.332,.32,-.535,.782);es="Linear";ed="In";};["Stand Left Arm"]={tm=.0249;cf=cfr(-.186,-.164,.086,.686,.684,-.247,-.709,.705,-.014,.165,.185,.969);es="Linear";ed="In";};};{tm=.125;["StandHumanoidRootPart"]={tm=.0249;cf=cfr(0,0,0,1,0,0,0,1,0,0,0,1);es="Linear";ed="In";};["Stand Torso"]={tm=.0249;cf=cfr(-.692,-.371,-.491,-.499,.185,-.847,.511,.852,-.114,.7,-.49,-.52);es="Linear";ed="In";};["Stand Left Leg"]={tm=.0249;cf=cfr(-.485,.369,.012,.989,-.101,.107,.093,.993,.075,-.114,-.065,.991);es="Linear";ed="In";};["Stand Right Leg"]={tm=.0249;cf=cfr(.948,.677,-.132,.971,.164,.175,-.211,.933,.291,-.116,-.319,.941);es="Linear";ed="In";};["Stand Head"]={tm=.0249;cf=cfr(0,0,0,.984,.165,-.069,-.174,.974,-.145,.044,.155,.987);es="Linear";ed="In";};["Stand Right Arm"]={tm=.0249;cf=cfr(-.151,-.147,-.331,.698,-.384,-.605,.67,.649,.361,.254,-.657,.71);es="Linear";ed="In";};["Stand Left Arm"]={tm=.0249;cf=cfr(-.235,-.174,.096,.409,.801,-.438,-.888,.461,.014,.213,.383,.899);es="Linear";ed="In";};};{tm=.15;["StandHumanoidRootPart"]={tm=.0249;cf=cfr(0,0,0,1,0,0,0,1,0,0,0,1);es="Linear";ed="In";};["Stand Torso"]={tm=.0249;cf=cfr(-.697,-.426,-.45,-.54,.188,-.82,.499,.856,-.133,.677,-.481,-.556);es="Linear";ed="In";};["Stand Left Leg"]={tm=.0249;cf=cfr(-.484,.363,.01,.982,-.165,.086,.16,.985,.067,-.096,-.052,.994);es="Linear";ed="In";};["Stand Right Leg"]={tm=.0249;cf=cfr(.948,.68,-.132,.965,.185,.183,-.238,.913,.331,-.106,-.363,.926);es="Linear";ed="In";};["Stand Head"]={tm=.0249;cf=cfr(0,0,0,.996,-.089,.008,.089,.984,-.157,.006,.157,.988);es="Linear";ed="In";};["Stand Right Arm"]={tm=.0249;cf=cfr(-.219,-.167,-.407,.581,-.44,-.684,.796,.484,.364,.171,-.756,.632);es="Linear";ed="In";};["Stand Left Arm"]={tm=.0249;cf=cfr(-.283,-.184,.106,.084,.804,-.588,-.978,.179,.105,.19,.566,.802);es="Linear";ed="In";};};{tm=.175;["StandHumanoidRootPart"]={tm=.0250;cf=cfr(0,0,0,1,0,0,0,1,0,0,0,1);es="Linear";ed="In";};["Stand Torso"]={tm=.0250;cf=cfr(-.695,-.472,-.409,-.572,.189,-.798,.49,.859,-.147,.658,-.475,-.584);es="Linear";ed="In";};["Stand Left Leg"]={tm=.0250;cf=cfr(-.483,.357,.009,.97,-.233,.063,.23,.972,.048,-.072,-.032,.997);es="Linear";ed="In";};["Stand Right Leg"]={tm=.0250;cf=cfr(.949,.685,-.133,.957,.223,.184,-.278,.885,.373,-.079,-.409,.909);es="Linear";ed="In";};["Stand Head"]={tm=.0250;cf=cfr(0,0,0,.936,-.342,.087,.351,.925,-.148,-.03,.169,.985);es="Linear";ed="In";};["Stand Right Arm"]={tm=.0250;cf=cfr(-.291,-.192,-.485,.462,-.46,-.758,.883,.32,.344,.084,-.829,.554);es="Linear";ed="In";};["Stand Left Arm"]={tm=.0250;cf=cfr(-.326,-.194,.115,-.207,.717,-.666,-.971,-.069,.229,.118,.694,.71);es="Linear";ed="In";};};{tm=.2;["StandHumanoidRootPart"]={tm=.0249;cf=cfr(0,0,0,1,0,0,0,1,0,0,0,1);es="Linear";ed="In";};["Stand Torso"]={tm=.0249;cf=cfr(-.687,-.509,-.369,-.594,.189,-.782,.482,.862,-.158,.644,-.471,-.603);es="Linear";ed="In";};["Stand Left Leg"]={tm=.0249;cf=cfr(-.482,.35,.007,.953,-.3,.038,.3,.954,.018,-.042,-.006,.999);es="Linear";ed="In";};["Stand Right Leg"]={tm=.0249;cf=cfr(.95,.692,-.135,.945,.275,.179,-.326,.849,.416,-.038,-.452,.891);es="Linear";ed="In";};["Stand Head"]={tm=.0249;cf=cfr(0,0,0,.818,-.554,.156,.572,.811,-.12,-.059,.187,.98);es="Linear";ed="In";};["Stand Right Arm"]={tm=.0249;cf=cfr(-.366,-.222,-.56,.355,-.447,-.821,.935,.179,.307,.009,-.876,.481);es="Linear";ed="In";};["Stand Left Arm"]={tm=.0249;cf=cfr(-.362,-.206,.123,-.422,.602,-.678,-.906,-.247,.344,.039,.759,.65);es="Linear";ed="In";};};{tm=.225;["StandHumanoidRootPart"]={tm=.0249;cf=cfr(0,0,0,1,0,0,0,1,0,0,0,1);es="Linear";ed="In";};["Stand Torso"]={tm=.0249;cf=cfr(-.674,-.533,-.332,-.608,.19,-.771,.478,.863,-.164,.634,-.468,-.615);es="Linear";ed="In";};["Stand Left Leg"]={tm=.0249;cf=cfr(-.481,.344,.006,.932,-.363,.014,.363,.932,-.02,-.006,.023,1);es="Linear";ed="In";};["Stand Right Leg"]={tm=.0249;cf=cfr(.951,.701,-.137,.926,.335,.173,-.376,.805,.458,.015,-.49,.872);es="Linear";ed="In";};["Stand Head"]={tm=.0249;cf=cfr(0,0,0,.677,-.706,.207,.732,.676,-.085,-.08,.208,.975);es="Linear";ed="In";};["Stand Right Arm"]={tm=.0249;cf=cfr(-.441,-.258,-.629,.267,-.412,-.871,.963,.073,.261,-.044,-.908,.416);es="Linear";ed="In";};["Stand Left Arm"]={tm=.0249;cf=cfr(-.384,-.217,.129,-.561,.514,-.649,-.828,-.36,.43,-.013,.779,.627);es="Linear";ed="In";};};{tm=.25;["StandHumanoidRootPart"]={tm=.0250;cf=cfr(0,0,0,1,0,0,0,1,0,0,0,1);es="Linear";ed="In";};["Stand Torso"]={tm=.0250;cf=cfr(-.656,-.543,-.298,-.612,.189,-.768,.477,.863,-.167,.631,-.468,-.619);es="Linear";ed="In";};["Stand Left Leg"]={tm=.0250;cf=cfr(-.481,.338,.005,.909,-.416,-.007,.415,.908,-.062,.032,.053,.998);es="Linear";ed="In";};["Stand Right Leg"]={tm=.0250;cf=cfr(.952,.71,-.139,.903,.397,.166,-.424,.757,.497,.072,-.519,.852);es="Linear";ed="In";};["Stand Head"]={tm=.0250;cf=cfr(0,0,0,.55,-.8,.239,.83,.555,-.051,-.092,.227,.97);es="Linear";ed="In";};["Stand Right Arm"]={tm=.0250;cf=cfr(-.515,-.301,-.689,.201,-.363,-.91,.977,.009,.212,-.068,-.932,.357);es="Linear";ed="In";};["Stand Left Arm"]={tm=.0250;cf=cfr(-.391,-.227,.133,-.642,.481,-.597,-.767,-.426,.481,-.023,.766,.642);es="Linear";ed="In";};};{tm=.275;["StandHumanoidRootPart"]={tm=.0249;cf=cfr(0,0,0,1,0,0,0,1,0,0,0,1);es="Linear";ed="In";};["Stand Torso"]={tm=.0249;cf=cfr(-.634,-.538,-.271,-.607,.189,-.772,.479,.862,-.165,.635,-.47,-.614);es="Linear";ed="In";};["Stand Left Leg"]={tm=.0249;cf=cfr(-.48,.333,.004,.89,-.456,-.023,.451,.886,-.103,.068,.081,.994);es="Linear";ed="In";};["Stand Right Leg"]={tm=.0249;cf=cfr(.954,.719,-.141,.876,.456,.16,-.465,.708,.531,.129,-.539,.832);es="Linear";ed="In";};["Stand Head"]={tm=.0249;cf=cfr(0,0,0,.462,-.849,.257,.881,.471,-.027,-.098,.239,.966);es="Linear";ed="In";};["Stand Right Arm"]={tm=.0249;cf=cfr(-.584,-.352,-.735,.156,-.304,-.94,.986,-.009,.166,-.059,-.953,.299);es="Linear";ed="In";};["Stand Left Arm"]={tm=.0249;cf=cfr(-.384,-.238,.135,-.684,.503,-.529,-.73,-.463,.503,.008,.73,.684);es="Linear";ed="In";};};{tm=.3;["StandHumanoidRootPart"]={tm=.0250;cf=cfr(0,0,0,1,0,0,0,1,0,0,0,1);es="Linear";ed="In";};["Stand Torso"]={tm=.0250;cf=cfr(-.608,-.514,-.25,-.59,.188,-.785,.485,.86,-.159,.646,-.475,-.598);es="Linear";ed="In";};["Stand Left Leg"]={tm=.0250;cf=cfr(-.48,.329,.003,.877,-.479,-.035,.47,.871,-.139,.097,.105,.99);es="Linear";ed="In";};["Stand Right Leg"]={tm=.0250;cf=cfr(.955,.727,-.143,.849,.506,.155,-.498,.664,.558,.179,-.551,.815);es="Linear";ed="In";};["Stand Head"]={tm=.0250;cf=cfr(0,0,0,.43,-.864,.263,.897,.441,-.018,-.1,.244,.965);es="Linear";ed="In";};["Stand Right Arm"]={tm=.0250;cf=cfr(-.648,-.409,-.764,.129,-.237,-.963,.992,.024,.127,-.007,-.971,.238);es="Linear";ed="In";};["Stand Left Arm"]={tm=.0250;cf=cfr(-.364,-.248,.134,-.693,.57,-.441,-.717,-.482,.504,.074,.665,.743);es="Linear";ed="In";};};{tm=.325;["StandHumanoidRootPart"]={tm=.0249;cf=cfr(0,0,0,1,0,0,0,1,0,0,0,1);es="Linear";ed="In";};["Stand Torso"]={tm=.0249;cf=cfr(-.578,-.47,-.237,-.558,.186,-.809,.496,.856,-.145,.665,-.482,-.57);es="Linear";ed="In";};["Stand Left Leg"]={tm=.0249;cf=cfr(-.479,.328,.002,.875,-.482,-.044,.469,.867,-.165,.118,.124,.985);es="Linear";ed="In";};["Stand Right Leg"]={tm=.0249;cf=cfr(.956,.734,-.144,.825,.544,.153,-.521,.63,.576,.217,-.555,.803);es="Linear";ed="In";};["Stand Head"]={tm=.0249;cf=cfr(0,0,0,.433,-.867,.249,.894,.447,.003,-.114,.221,.968);es="Linear";ed="In";};["Stand Right Arm"]={tm=.0249;cf=cfr(-.7,-.473,-.771,.115,-.162,-.98,.989,.109,.098,.091,-.981,.173);es="Linear";ed="In";};["Stand Left Arm"]={tm=.0249;cf=cfr(-.334,-.257,.132,-.665,.672,-.326,-.727,-.483,.487,.17,.561,.81);es="Linear";ed="In";};};{tm=.35;["StandHumanoidRootPart"]={tm=.0250;cf=cfr(0,0,0,1,0,0,0,1,0,0,0,1);es="Linear";ed="In";};["Stand Torso"]={tm=.0250;cf=cfr(-.546,-.403,-.233,-.507,.183,-.842,.511,.85,-.123,.694,-.493,-.525);es="Linear";ed="In";};["Stand Left Leg"]={tm=.0250;cf=cfr(-.479,.328,.002,.887,-.46,-.048,.445,.877,-.178,.124,.137,.983);es="Linear";ed="In";};["Stand Right Leg"]={tm=.0250;cf=cfr(.956,.738,-.145,.811,.565,.151,-.535,.611,.584,.237,-.554,.798);es="Linear";ed="In";};["Stand Head"]={tm=.0250;cf=cfr(0,0,0,.442,-.871,.216,.885,.462,.053,-.146,.168,.975);es="Linear";ed="In";};["Stand Right Arm"]={tm=.0250;cf=cfr(-.726,-.532,-.743,.1,-.092,-.991,.971,.225,.077,.216,-.97,.112);es="Linear";ed="In";};["Stand Left Arm"]={tm=.0250;cf=cfr(-.295,-.266,.128,-.588,.789,-.178,-.759,-.461,.46,.281,.406,.87);es="Linear";ed="In";};};{tm=.375;["StandHumanoidRootPart"]={tm=.0250;cf=cfr(0,0,0,1,0,0,0,1,0,0,0,1);es="Linear";ed="In";};["Stand Torso"]={tm=.0250;cf=cfr(-.512,-.313,-.24,-.428,.177,-.886,.532,.842,-.089,.731,-.509,-.455);es="Linear";ed="In";};["Stand Left Leg"]={tm=.0250;cf=cfr(-.48,.33,.003,.911,-.409,-.048,.395,.902,-.175,.114,.141,.983);es="Linear";ed="In";};["Stand Right Leg"]={tm=.0250;cf=cfr(.956,.739,-.145,.809,.568,.152,-.538,.611,.58,.236,-.551,.8);es="Linear";ed="In";};["Stand Head"]={tm=.0250;cf=cfr(0,0,0,.46,-.87,.176,.869,.482,.112,-.182,.102,.978);es="Linear";ed="In";};["Stand Right Arm"]={tm=.0250;cf=cfr(-.708,-.577,-.668,.074,-.047,-.996,.938,.342,.054,.338,-.939,.07);es="Linear";ed="In";};["Stand Left Arm"]={tm=.0250;cf=cfr(-.251,-.275,.124,-.454,.891,.003,-.804,-.411,.43,.384,.193,.903);es="Linear";ed="In";};};{tm=.4;["StandHumanoidRootPart"]={tm=.0249;cf=cfr(0,0,0,1,0,0,0,1,0,0,0,1);es="Linear";ed="In";};["Stand Torso"]={tm=.0249;cf=cfr(-.476,-.196,-.26,-.308,.166,-.937,.555,.831,-.035,.773,-.531,-.348);es="Linear";ed="In";};["Stand Left Leg"]={tm=.0249;cf=cfr(-.48,.335,.004,.943,-.33,-.042,.32,.934,-.158,.091,.135,.987);es="Linear";ed="In";};["Stand Right Leg"]={tm=.0249;cf=cfr(.956,.737,-.145,.818,.554,.154,-.533,.629,.566,.217,-.545,.81);es="Linear";ed="In";};["Stand Head"]={tm=.0249;cf=cfr(0,0,0,.486,-.862,.143,.848,.505,.159,-.209,.044,.977);es="Linear";ed="In";};["Stand Right Arm"]={tm=.0249;cf=cfr(-.63,-.594,-.534,.038,-.052,-.998,.904,.427,.012,.426,-.903,.063);es="Linear";ed="In";};["Stand Left Arm"]={tm=.0249;cf=cfr(-.203,-.283,.119,-.27,.941,.202,-.851,-.332,.407,.451,-.062,.891);es="Linear";ed="In";};};{tm=.425;["StandHumanoidRootPart"]={tm=.0250;cf=cfr(0,0,0,1,0,0,0,1,0,0,0,1);es="Linear";ed="In";};["Stand Torso"]={tm=.0250;cf=cfr(-.439,-.051,-.292,-.125,.145,-.981,.575,.817,.048,.808,-.559,-.185);es="Linear";ed="In";};["Stand Left Leg"]={tm=.0250;cf=cfr(-.481,.341,.006,.973,-.227,-.028,.222,.966,-.129,.057,.12,.991);es="Linear";ed="In";};["Stand Right Leg"]={tm=.0250;cf=cfr(.956,.734,-.144,.835,.527,.157,-.519,.66,.543,.182,-.535,.825);es="Linear";ed="In";};["Stand Head"]={tm=.0250;cf=cfr(0,0,0,.521,-.844,.128,.825,.537,.176,-.217,.014,.976);es="Linear";ed="In";};["Stand Right Arm"]={tm=.0250;cf=cfr(-.474,-.572,-.327,-.011,-.129,-.992,.892,.446,-.068,.451,-.886,.11);es="Linear";ed="In";};["Stand Left Arm"]={tm=.0250;cf=cfr(-.153,-.29,.113,-.062,.918,.393,-.887,-.231,.4,.458,-.323,.828);es="Linear";ed="In";};};{tm=.45;["StandHumanoidRootPart"]={tm=.0249;cf=cfr(0,0,0,1,0,0,0,1,0,0,0,1);es="Linear";ed="In";};["Stand Torso"]={tm=.0249;cf=cfr(-.401,.115,-.336,.145,.105,-.984,.577,.799,.17,.804,-.593,.055);es="Linear";ed="In";};["Stand Left Leg"]={tm=.0249;cf=cfr(-.482,.349,.007,.994,-.108,-.007,.107,.99,-.095,.017,.093,.995);es="Linear";ed="In";};["Stand Right Leg"]={tm=.0249;cf=cfr(.955,.728,-.143,.858,.487,.163,-.495,.701,.513,.136,-.521,.843);es="Linear";ed="In";};["Stand Head"]={tm=.0249;cf=cfr(0,0,0,.602,-.788,.128,.771,.616,.161,-.205,.002,.979);es="Linear";ed="In";};["Stand Right Arm"]={tm=.0249;cf=cfr(-.235,-.505,-.045,-.084,-.285,-.955,.914,.359,-.188,.396,-.889,.231);es="Linear";ed="In";};["Stand Left Arm"]={tm=.0249;cf=cfr(-.104,-.297,.107,.131,.827,.546,-.904,-.126,.408,.406,-.547,.732);es="Linear";ed="In";};};{tm=.475;["StandHumanoidRootPart"]={tm=.0250;cf=cfr(0,0,0,1,0,0,0,1,0,0,0,1);es="Linear";ed="In";};["Stand Torso"]={tm=.0250;cf=cfr(-.363,.254,-.378,.502,.024,-.864,.531,.78,.33,.682,-.625,.379);es="Linear";ed="In";};["Stand Left Leg"]={tm=.0250;cf=cfr(-.483,.357,.009,1,.02,.022,-.018,.998,-.058,-.023,.058,.998);es="Linear";ed="In";};["Stand Right Leg"]={tm=.0250;cf=cfr(.954,.722,-.142,.883,.438,.17,-.462,.746,.478,.083,-.501,.862);es="Linear";ed="In";};["Stand Head"]={tm=.0250;cf=cfr(0,0,0,.748,-.651,.128,.639,.759,.126,-.179,-.012,.984);es="Linear";ed="In";};["Stand Right Arm"]={tm=.0250;cf=cfr(.046,-.411,.269,-.191,-.461,-.867,.938,.175,-.3,.29,-.87,.399);es="Linear";ed="In";};["Stand Left Arm"]={tm=.0250;cf=cfr(-.057,-.304,.102,.28,.704,.653,-.905,-.033,.424,.32,-.71,.628);es="Linear";ed="In";};};{tm=.5;["StandHumanoidRootPart"]={tm=.0250;cf=cfr(0,0,0,1,0,0,0,1,0,0,0,1);es="Linear";ed="In";};["Stand Torso"]={tm=.0250;cf=cfr(-.323,.31,-.399,.861,-.123,-.494,.395,.773,.497,.321,-.623,.714);es="Linear";ed="In";};["Stand Left Leg"]={tm=.0250;cf=cfr(-.484,.365,.011,.988,.144,.058,-.143,.989,-.024,-.06,.015,.998);es="Linear";ed="In";};["Stand Right Leg"]={tm=.0250;cf=cfr(.953,.714,-.14,.906,.383,.179,-.422,.793,.44,.027,-.475,.88);es="Linear";ed="In";};["Stand Head"]={tm=.0250;cf=cfr(0,0,0,.907,-.406,.115,.4,.914,.072,-.135,-.019,.991);es="Linear";ed="In";};["Stand Right Arm"]={tm=.0250;cf=cfr(.313,-.314,.56,-.319,-.587,-.744,.931,-.045,-.363,.18,-.808,.56);es="Linear";ed="In";};["Stand Left Arm"]={tm=.0250;cf=cfr(-.015,-.309,.097,.376,.586,.718,-.899,.042,.437,.226,-.809,.542);es="Linear";ed="In";};};{tm=.525;["StandHumanoidRootPart"]={tm=.0250;cf=cfr(0,0,0,1,0,0,0,1,0,0,0,1);es="Linear";ed="In";};["Stand Torso"]={tm=.0250;cf=cfr(-.281,.224,-.382,.932,-.313,.181,.158,.803,.574,-.325,-.507,.798);es="Linear";ed="In";};["Stand Left Leg"]={tm=.0250;cf=cfr(-.485,.373,.012,.962,.255,.096,-.257,.966,.005,-.091,-.03,.995);es="Linear";ed="In";};["Stand Right Leg"]={tm=.0250;cf=cfr(.952,.706,-.138,.927,.325,.189,-.375,.836,.402,-.027,-.443,.896);es="Linear";ed="In";};["Stand Head"]={tm=.0250;cf=cfr(0,0,0,.995,-.06,.075,.06,.998,.01,-.076,-.006,.997);es="Linear";ed="In";};["Stand Right Arm"]={tm=.0250;cf=cfr(.514,-.239,.774,-.434,-.637,-.637,.895,-.228,-.382,.098,-.737,.669);es="Linear";ed="In";};["Stand Left Arm"]={tm=.0250;cf=cfr(.021,-.315,.093,.423,.502,.754,-.894,.095,.438,.148,-.86,.489);es="Linear";ed="In";};};{tm=.55;["StandHumanoidRootPart"]={tm=.0249;cf=cfr(0,0,0,1,0,0,0,1,0,0,0,1);es="Linear";ed="In";};["Stand Torso"]={tm=.0249;cf=cfr(-.237,.003,-.328,.495,-.398,.772,-.049,.875,.482,-.868,-.277,.413);es="Linear";ed="In";};["Stand Left Leg"]={tm=.0249;cf=cfr(-.486,.38,.014,.929,.346,.133,-.352,.935,.027,-.115,-.072,.991);es="Linear";ed="In";};["Stand Right Leg"]={tm=.0249;cf=cfr(.951,.699,-.136,.943,.268,.198,-.325,.873,.365,-.075,-.408,.91);es="Linear";ed="In";};["Stand Head"]={tm=.0249;cf=cfr(0,0,0,.953,.301,.005,-.301,.953,-.039,-.016,.035,.999);es="Linear";ed="In";};["Stand Right Arm"]={tm=.0249;cf=cfr(.592,-.208,.858,-.511,-.625,-.591,.858,-.327,-.396,.054,-.709,.703);es="Linear";ed="In";};["Stand Left Arm"]={tm=.0249;cf=cfr(.048,-.319,.09,.431,.465,.773,-.897,.13,.423,.096,-.876,.473);es="Linear";ed="In";};};{tm=.575;["StandHumanoidRootPart"]={tm=.0250;cf=cfr(0,0,0,1,0,0,0,1,0,0,0,1);es="Linear";ed="In";};["Stand Torso"]={tm=.0250;cf=cfr(-.19,-.158,-.296,.069,-.348,.935,-.123,.927,.354,-.99,-.139,.021);es="Linear";ed="In";};["Stand Left Leg"]={tm=.0250;cf=cfr(-.487,.386,.015,.896,.412,.165,-.423,.905,.041,-.132,-.107,.985);es="Linear";ed="In";};["Stand Right Leg"]={tm=.0250;cf=cfr(.95,.691,-.135,.954,.217,.206,-.277,.902,.332,-.114,-.374,.921);es="Linear";ed="In";};["Stand Head"]={tm=.0250;cf=cfr(0,0,0,.816,.573,-.079,-.578,.814,-.061,.029,.095,.995);es="Linear";ed="In";};["Stand Right Arm"]={tm=.0250;cf=cfr(.529,-.183,.778,-.472,-.468,-.747,.881,-.289,-.375,-.04,-.835,.549);es="Linear";ed="In";};["Stand Left Arm"]={tm=.0250;cf=cfr(.067,-.323,.088,.415,.468,.781,-.908,.15,.392,.066,-.871,.487);es="Linear";ed="In";};};{tm=.6;["StandHumanoidRootPart"]={tm=.0250;cf=cfr(0,0,0,1,0,0,0,1,0,0,0,1);es="Linear";ed="In";};["Stand Torso"]={tm=.0250;cf=cfr(-.142,-.227,-.292,-.146,-.291,.946,-.144,.952,.27,-.979,-.097,-.181);es="Linear";ed="In";};["Stand Left Leg"]={tm=.0250;cf=cfr(-.488,.39,.016,.872,.451,.189,-.467,.883,.049,-.145,-.131,.981);es="Linear";ed="In";};["Stand Right Leg"]={tm=.0250;cf=cfr(.949,.685,-.133,.962,.174,.209,-.234,.923,.305,-.14,-.342,.929);es="Linear";ed="In";};["Stand Head"]={tm=.0250;cf=cfr(0,0,0,.68,.716,-.159,-.731,.679,-.063,.063,.159,.985);es="Linear";ed="In";};["Stand Right Arm"]={tm=.0250;cf=cfr(.41,-.149,.618,-.29,-.141,-.946,.945,-.196,-.26,-.149,-.97,.191);es="Linear";ed="In";};["Stand Left Arm"]={tm=.0250;cf=cfr(.079,-.326,.087,.383,.499,.778,-.922,.159,.352,.052,-.852,.521);es="Linear";ed="In";};};{tm=.625;["StandHumanoidRootPart"]={tm=.0250;cf=cfr(0,0,0,1,0,0,0,1,0,0,0,1);es="Linear";ed="In";};["Stand Torso"]={tm=.0250;cf=cfr(-.095,-.229,-.309,-.232,-.253,.939,-.157,.963,.22,-.96,-.097,-.263);es="Linear";ed="In";};["Stand Left Leg"]={tm=.0250;cf=cfr(-.488,.393,.017,.859,.469,.205,-.488,.871,.052,-.154,-.144,.977);es="Linear";ed="In";};["Stand Right Leg"]={tm=.0250;cf=cfr(.948,.68,-.132,.968,.144,.205,-.2,.937,.286,-.151,-.318,.936);es="Linear";ed="In";};["Stand Head"]={tm=.0250;cf=cfr(0,0,0,.604,.764,-.226,-.791,.609,-.059,.092,.214,.972);es="Linear";ed="In";};["Stand Right Arm"]={tm=.0250;cf=cfr(.347,-.164,.498,-.161,.051,-.986,.972,-.168,-.167,-.174,-.984,-.023);es="Linear";ed="In";};["Stand Left Arm"]={tm=.0250;cf=cfr(.086,-.328,.087,.345,.546,.763,-.938,.159,.31,.048,-.822,.567);es="Linear";ed="In";};};{tm=.65;["StandHumanoidRootPart"]={tm=.0250;cf=cfr(0,0,0,1,0,0,0,1,0,0,0,1);es="Linear";ed="In";};["Stand Torso"]={tm=.0250;cf=cfr(-.054,-.188,-.338,-.248,-.231,.941,-.171,.966,.192,-.954,-.113,-.279);es="Linear";ed="In";};["Stand Left Leg"]={tm=.0250;cf=cfr(-.488,.394,.017,.856,.47,.214,-.49,.87,.051,-.163,-.149,.975);es="Linear";ed="In";};["Stand Right Leg"]={tm=.0250;cf=cfr(.948,.676,-.131,.973,.129,.192,-.18,.944,.277,-.146,-.304,.941);es="Linear";ed="In";};["Stand Head"]={tm=.0250;cf=cfr(0,0,0,.579,.769,-.272,-.807,.588,-.056,.117,.253,.961);es="Linear";ed="In";};["Stand Right Arm"]={tm=.0250;cf=cfr(.349,-.215,.45,-.143,.052,-.988,.972,-.179,-.15,-.185,-.982,-.025);es="Linear";ed="In";};["Stand Left Arm"]={tm=.0250;cf=cfr(.087,-.329,.087,.307,.599,.739,-.951,.153,.27,.048,-.786,.617);es="Linear";ed="In";};};{tm=.675;["StandHumanoidRootPart"]={tm=.0249;cf=cfr(0,0,0,1,0,0,0,1,0,0,0,1);es="Linear";ed="In";};["Stand Torso"]={tm=.0249;cf=cfr(-.021,-.128,-.37,-.229,-.218,.949,-.186,.966,.178,-.956,-.135,-.262);es="Linear";ed="In";};["Stand Left Leg"]={tm=.0249;cf=cfr(-.488,.395,.017,.862,.458,.218,-.478,.877,.048,-.17,-.145,.975);es="Linear";ed="In";};["Stand Right Leg"]={tm=.0249;cf=cfr(.948,.675,-.131,.977,.126,.172,-.171,.946,.276,-.128,-.299,.946);es="Linear";ed="In";};["Stand Head"]={tm=.0249;cf=cfr(0,0,0,.582,.761,-.288,-.803,.593,-.057,.127,.264,.956);es="Linear";ed="In";};["Stand Right Arm"]={tm=.0249;cf=cfr(.355,-.248,.425,-.133,.046,-.99,.971,-.194,-.139,-.198,-.98,-.019);es="Linear";ed="In";};["Stand Left Arm"]={tm=.0249;cf=cfr(.084,-.33,.087,.277,.649,.709,-.959,.147,.24,.052,-.746,.663);es="Linear";ed="In";};};{tm=.7;["StandHumanoidRootPart"]={tm=.0250;cf=cfr(0,0,0,1,0,0,0,1,0,0,0,1);es="Linear";ed="In";};["Stand Torso"]={tm=.0250;cf=cfr(.001,-.074,-.395,-.2,-.211,.957,-.197,.965,.172,-.96,-.154,-.235);es="Linear";ed="In";};["Stand Left Leg"]={tm=.0250;cf=cfr(-.488,.394,.017,.874,.434,.218,-.453,.891,.042,-.176,-.135,.975);es="Linear";ed="In";};["Stand Right Leg"]={tm=.0250;cf=cfr(.948,.674,-.131,.98,.134,.145,-.171,.944,.282,-.099,-.301,.949);es="Linear";ed="In";};["Stand Head"]={tm=.0250;cf=cfr(0,0,0,.593,.755,-.281,-.795,.603,-.058,.126,.258,.958);es="Linear";ed="In";};["Stand Right Arm"]={tm=.0250;cf=cfr(.363,-.269,.415,-.128,.036,-.991,.969,-.209,-.133,-.212,-.977,-.008);es="Linear";ed="In";};["Stand Left Arm"]={tm=.0250;cf=cfr(.078,-.329,.088,.263,.688,.676,-.963,.146,.226,.057,-.711,.701);es="Linear";ed="In";};};{tm=.725;["StandHumanoidRootPart"]={tm=.0250;cf=cfr(0,0,0,1,0,0,0,1,0,0,0,1);es="Linear";ed="In";};["Stand Torso"]={tm=.0250;cf=cfr(.009,-.051,-.406,-.185,-.209,.96,-.202,.964,.171,-.962,-.162,-.22);es="Linear";ed="In";};["Stand Left Leg"]={tm=.0250;cf=cfr(-.488,.393,.017,.89,.403,.214,-.419,.908,.034,-.18,-.119,.976);es="Linear";ed="In";};["Stand Right Leg"]={tm=.0250;cf=cfr(.948,.674,-.131,.982,.149,.113,-.177,.94,.293,-.063,-.308,.949);es="Linear";ed="In";};["Stand Head"]={tm=.0250;cf=cfr(0,0,0,.605,.749,-.271,-.787,.614,-.06,.121,.249,.961);es="Linear";ed="In";};["Stand Right Arm"]={tm=.0250;cf=cfr(.373,-.282,.416,-.127,.026,-.992,.967,-.221,-.13,-.222,-.975,.003);es="Linear";ed="In";};["Stand Left Arm"]={tm=.0250;cf=cfr(.069,-.327,.089,.263,.718,.645,-.963,.15,.225,.064,-.68,.731);es="Linear";ed="In";};};{tm=.75;["StandHumanoidRootPart"]={tm=.0250;cf=cfr(0,0,0,1,0,0,0,1,0,0,0,1);es="Linear";ed="In";};["Stand Torso"]={tm=.0250;cf=cfr(.003,-.051,-.405,-.185,-.207,.961,-.196,.966,.17,-.963,-.157,-.219);es="Linear";ed="In";};["Stand Left Leg"]={tm=.0250;cf=cfr(-.488,.392,.017,.908,.365,.207,-.378,.926,.023,-.183,-.099,.978);es="Linear";ed="In";};["Stand Right Leg"]={tm=.0250;cf=cfr(.948,.675,-.131,.982,.17,.079,-.186,.932,.31,-.021,-.319,.948);es="Linear";ed="In";};["Stand Head"]={tm=.0250;cf=cfr(0,0,0,.618,.743,-.257,-.778,.625,-.062,.114,.238,.964);es="Linear";ed="In";};["Stand Right Arm"]={tm=.0250;cf=cfr(.384,-.292,.421,-.127,.02,-.992,.966,-.226,-.128,-.227,-.974,.009);es="Linear";ed="In";};["Stand Left Arm"]={tm=.0250;cf=cfr(.059,-.325,.09,.273,.74,.615,-.959,.16,.234,.075,-.654,.753);es="Linear";ed="In";};};{tm=.775;["StandHumanoidRootPart"]={tm=.0250;cf=cfr(0,0,0,1,0,0,0,1,0,0,0,1);es="Linear";ed="In";};["Stand Torso"]={tm=.0250;cf=cfr(-.011,-.051,-.402,-.185,-.203,.961,-.183,.968,.169,-.965,-.145,-.217);es="Linear";ed="In";};["Stand Left Leg"]={tm=.0250;cf=cfr(-.488,.39,.016,.925,.324,.199,-.333,.943,.011,-.184,-.076,.98);es="Linear";ed="In";};["Stand Right Leg"]={tm=.0250;cf=cfr(.948,.677,-.132,.98,.193,.044,-.197,.924,.329,.023,-.331,.943);es="Linear";ed="In";};["Stand Head"]={tm=.0250;cf=cfr(0,0,0,.631,.738,-.241,-.769,.636,-.064,.106,.226,.968);es="Linear";ed="In";};["Stand Right Arm"]={tm=.0250;cf=cfr(.395,-.301,.426,-.128,.012,-.992,.967,-.222,-.127,-.222,-.975,.016);es="Linear";ed="In";};["Stand Left Arm"]={tm=.0250;cf=cfr(.048,-.322,.091,.292,.755,.587,-.952,.173,.252,.089,-.633,.769);es="Linear";ed="In";};};{tm=.8;["StandHumanoidRootPart"]={tm=.0249;cf=cfr(0,0,0,1,0,0,0,1,0,0,0,1);es="Linear";ed="In";};["Stand Torso"]={tm=.0249;cf=cfr(-.028,-.051,-.397,-.186,-.199,.962,-.167,.971,.169,-.968,-.13,-.214);es="Linear";ed="In";};["Stand Left Leg"]={tm=.0249;cf=cfr(-.487,.388,.016,.94,.283,.191,-.288,.958,-.003,-.184,-.052,.982);es="Linear";ed="In";};["Stand Right Leg"]={tm=.0249;cf=cfr(.948,.678,-.132,.976,.216,.011,-.206,.914,.35,.066,-.344,.937);es="Linear";ed="In";};["Stand Head"]={tm=.0249;cf=cfr(0,0,0,.643,.733,-.224,-.76,.646,-.066,.097,.213,.972);es="Linear";ed="In";};["Stand Right Arm"]={tm=.0249;cf=cfr(.405,-.31,.428,-.13,-.001,-.991,.969,-.211,-.127,-.209,-.977,.029);es="Linear";ed="In";};["Stand Left Arm"]={tm=.0249;cf=cfr(.037,-.319,.092,.316,.764,.562,-.943,.188,.275,.105,-.617,.78);es="Linear";ed="In";};};{tm=.825;["StandHumanoidRootPart"]={tm=.0250;cf=cfr(0,0,0,1,0,0,0,1,0,0,0,1);es="Linear";ed="In";};["Stand Torso"]={tm=.0250;cf=cfr(-.042,-.051,-.391,-.187,-.197,.962,-.153,.974,.17,-.97,-.115,-.213);es="Linear";ed="In";};["Stand Left Leg"]={tm=.0250;cf=cfr(-.487,.387,.016,.952,.246,.183,-.247,.969,-.019,-.182,-.028,.983);es="Linear";ed="In";};["Stand Right Leg"]={tm=.0250;cf=cfr(.948,.68,-.132,.972,.236,-.019,-.212,.904,.37,.105,-.356,.929);es="Linear";ed="In";};["Stand Head"]={tm=.0250;cf=cfr(0,0,0,.654,.728,-.207,-.752,.656,-.068,.087,.2,.976);es="Linear";ed="In";};["Stand Right Arm"]={tm=.0250;cf=cfr(.413,-.317,.429,-.133,-.015,-.991,.971,-.2,-.128,-.196,-.98,.041);es="Linear";ed="In";};["Stand Left Arm"]={tm=.0250;cf=cfr(.026,-.316,.093,.342,.769,.54,-.932,.203,.301,.122,-.606,.786);es="Linear";ed="In";};};{tm=.85;["StandHumanoidRootPart"]={tm=.0250;cf=cfr(0,0,0,1,0,0,0,1,0,0,0,1);es="Linear";ed="In";};["Stand Torso"]={tm=.0250;cf=cfr(-.048,-.051,-.384,-.189,-.198,.962,-.143,.975,.172,-.971,-.105,-.213);es="Linear";ed="In";};["Stand Left Leg"]={tm=.0250;cf=cfr(-.487,.386,.015,.96,.217,.177,-.214,.976,-.035,-.18,-.005,.984);es="Linear";ed="In";};["Stand Right Leg"]={tm=.0250;cf=cfr(.948,.681,-.132,.967,.25,-.046,-.214,.896,.389,.138,-.366,.92);es="Linear";ed="In";};["Stand Head"]={tm=.0250;cf=cfr(0,0,0,.664,.723,-.191,-.744,.665,-.069,.077,.188,.979);es="Linear";ed="In";};["Stand Right Arm"]={tm=.0250;cf=cfr(.418,-.322,.427,-.137,-.021,-.99,.972,-.195,-.13,-.19,-.981,.047);es="Linear";ed="In";};["Stand Left Arm"]={tm=.0250;cf=cfr(.017,-.314,.093,.366,.771,.522,-.92,.215,.327,.14,-.599,.788);es="Linear";ed="In";};};{tm=.875;["StandHumanoidRootPart"]={tm=.0250;cf=cfr(0,0,0,1,0,0,0,1,0,0,0,1);es="Linear";ed="In";};["Stand Torso"]={tm=.0250;cf=cfr(-.048,-.051,-.377,-.193,-.2,.961,-.139,.975,.175,-.971,-.1,-.216);es="Linear";ed="In";};["Stand Left Leg"]={tm=.0250;cf=cfr(-.487,.385,.015,.965,.197,.172,-.191,.98,-.05,-.179,.016,.984);es="Linear";ed="In";};["Stand Right Leg"]={tm=.0250;cf=cfr(.949,.681,-.133,.963,.259,-.068,-.211,.89,.405,.165,-.376,.912);es="Linear";ed="In";};["Stand Head"]={tm=.0250;cf=cfr(0,0,0,.672,.719,-.176,-.737,.672,-.07,.068,.177,.982);es="Linear";ed="In";};["Stand Right Arm"]={tm=.0250;cf=cfr(.42,-.325,.424,-.139,-.018,-.99,.971,-.198,-.133,-.194,-.98,.045);es="Linear";ed="In";};["Stand Left Arm"]={tm=.0250;cf=cfr(.01,-.312,.094,.385,.77,.508,-.91,.223,.35,.156,-.597,.787);es="Linear";ed="In";};};{tm=.9;["StandHumanoidRootPart"]={tm=.0250;cf=cfr(0,0,0,1,0,0,0,1,0,0,0,1);es="Linear";ed="In";};["Stand Torso"]={tm=.0250;cf=cfr(-.048,-.051,-.37,-.197,-.203,.959,-.137,.974,.178,-.971,-.097,-.22);es="Linear";ed="In";};["Stand Left Leg"]={tm=.0250;cf=cfr(-.487,.385,.015,.968,.187,.169,-.178,.982,-.065,-.178,.033,.983);es="Linear";ed="In";};["Stand Right Leg"]={tm=.0250;cf=cfr(.949,.681,-.133,.961,.264,-.086,-.205,.884,.419,.187,-.385,.904);es="Linear";ed="In";};["Stand Head"]={tm=.0250;cf=cfr(0,0,0,.679,.716,-.163,-.732,.678,-.071,.06,.168,.984);es="Linear";ed="In";};["Stand Right Arm"]={tm=.0250;cf=cfr(.422,-.327,.422,-.139,-.01,-.99,.969,-.205,-.134,-.202,-.979,.038);es="Linear";ed="In";};["Stand Left Arm"]={tm=.0250;cf=cfr(.005,-.311,.094,.397,.769,.501,-.902,.225,.369,.171,-.598,.783);es="Linear";ed="In";};};{tm=.925;["StandHumanoidRootPart"]={tm=.0249;cf=cfr(0,0,0,1,0,0,0,1,0,0,0,1);es="Linear";ed="In";};["Stand Torso"]={tm=.0249;cf=cfr(-.048,-.051,-.364,-.201,-.205,.958,-.137,.974,.18,-.97,-.095,-.224);es="Linear";ed="In";};["Stand Left Leg"]={tm=.0249;cf=cfr(-.487,.385,.015,.969,.183,.167,-.172,.982,-.078,-.178,.046,.983);es="Linear";ed="In";};["Stand Right Leg"]={tm=.0249;cf=cfr(.949,.681,-.133,.959,.265,-.101,-.198,.881,.43,.203,-.393,.897);es="Linear";ed="In";};["Stand Head"]={tm=.0249;cf=cfr(0,0,0,.684,.713,-.153,-.727,.682,-.072,.053,.16,.986);es="Linear";ed="In";};["Stand Right Arm"]={tm=.0249;cf=cfr(.422,-.329,.42,-.138,-.001,-.99,.967,-.214,-.135,-.212,-.977,.03);es="Linear";ed="In";};["Stand Left Arm"]={tm=.0249;cf=cfr(.003,-.31,.095,.403,.768,.498,-.897,.222,.383,.184,-.601,.778);es="Linear";ed="In";};};{tm=.95;["StandHumanoidRootPart"]={tm=.0250;cf=cfr(0,0,0,1,0,0,0,1,0,0,0,1);es="Linear";ed="In";};["Stand Torso"]={tm=.0250;cf=cfr(-.048,-.051,-.359,-.205,-.207,.957,-.138,.974,.181,-.969,-.095,-.228);es="Linear";ed="In";};["Stand Left Leg"]={tm=.0250;cf=cfr(-.487,.385,.015,.969,.184,.166,-.171,.981,-.088,-.179,.057,.982);es="Linear";ed="In";};["Stand Right Leg"]={tm=.0250;cf=cfr(.949,.681,-.132,.958,.263,-.113,-.189,.878,.44,.215,-.4,.891);es="Linear";ed="In";};["Stand Head"]={tm=.0250;cf=cfr(0,0,0,.687,.711,-.146,-.725,.685,-.072,.049,.156,.987);es="Linear";ed="In";};["Stand Right Arm"]={tm=.0250;cf=cfr(.423,-.33,.419,-.137,.007,-.99,.966,-.221,-.135,-.22,-.975,.024);es="Linear";ed="In";};["Stand Left Arm"]={tm=.0250;cf=cfr(.003,-.31,.095,.404,.766,.5,-.894,.214,.393,.194,-.606,.772);es="Linear";ed="In";};};{tm=.975;["StandHumanoidRootPart"]={tm=.0250;cf=cfr(0,0,0,1,0,0,0,1,0,0,0,1);es="Linear";ed="In";};["Stand Torso"]={tm=.0250;cf=cfr(-.048,-.051,-.358,-.206,-.208,.956,-.138,.974,.182,-.969,-.095,-.229);es="Linear";ed="In";};["Stand Left Leg"]={tm=.0250;cf=cfr(-.487,.386,.015,.969,.186,.165,-.172,.981,-.094,-.179,.063,.982);es="Linear";ed="In";};["Stand Right Leg"]={tm=.0250;cf=cfr(.948,.681,-.132,.958,.26,-.123,-.181,.876,.447,.224,-.406,.886);es="Linear";ed="In";};["Stand Head"]={tm=.0250;cf=cfr(0,0,0,.688,.711,-.144,-.724,.686,-.072,.048,.154,.987);es="Linear";ed="In";};["Stand Right Arm"]={tm=.0250;cf=cfr(.423,-.33,.419,-.137,.01,-.991,.965,-.224,-.136,-.223,-.975,.021);es="Linear";ed="In";};["Stand Left Arm"]={tm=.0250;cf=cfr(.004,-.31,.094,.401,.765,.504,-.893,.205,.4,.203,-.611,.765);es="Linear";ed="In";};};{tm=1;["StandHumanoidRootPart"]={tm=.0249;cf=cfr(0,0,0,1,0,0,0,1,0,0,0,1);es="Linear";ed="In";};["Stand Torso"]={tm=.0249;cf=cfr(-.048,-.051,-.358,-.206,-.208,.956,-.138,.974,.182,-.969,-.095,-.229);es="Linear";ed="In";};["Stand Left Leg"]={tm=.0249;cf=cfr(-.487,.386,.015,.968,.187,.165,-.173,.98,-.097,-.179,.065,.982);es="Linear";ed="In";};["Stand Right Leg"]={tm=.0249;cf=cfr(.948,.68,-.132,.958,.256,-.129,-.173,.875,.453,.229,-.411,.882);es="Linear";ed="In";};["Stand Head"]={tm=.0249;cf=cfr(0,0,0,.688,.711,-.144,-.724,.686,-.072,.048,.154,.987);es="Linear";ed="In";};["Stand Right Arm"]={tm=.0249;cf=cfr(.423,-.33,.419,-.137,.01,-.991,.965,-.224,-.136,-.223,-.975,.021);es="Linear";ed="In";};["Stand Left Arm"]={tm=.0249;cf=cfr(.006,-.311,.094,.397,.763,.51,-.894,.194,.404,.21,-.616,.759);es="Linear";ed="In";};};{tm=1.025;["StandHumanoidRootPart"]={tm=.0250;cf=cfr(0,0,0,1,0,0,0,1,0,0,0,1);es="Linear";ed="In";};["Stand Torso"]={tm=.0250;cf=cfr(-.048,-.051,-.358,-.206,-.208,.956,-.138,.974,.182,-.969,-.095,-.229);es="Linear";ed="In";};["Stand Left Leg"]={tm=.0250;cf=cfr(-.487,.386,.015,.968,.187,.165,-.173,.98,-.097,-.179,.065,.982);es="Linear";ed="In";};["Stand Right Leg"]={tm=.0250;cf=cfr(.948,.68,-.132,.958,.252,-.134,-.166,.874,.456,.232,-.415,.88);es="Linear";ed="In";};["Stand Head"]={tm=.0250;cf=cfr(0,0,0,.688,.711,-.144,-.724,.686,-.072,.048,.154,.987);es="Linear";ed="In";};["Stand Right Arm"]={tm=.0250;cf=cfr(.423,-.33,.419,-.137,.01,-.991,.965,-.224,-.136,-.223,-.975,.021);es="Linear";ed="In";};["Stand Left Arm"]={tm=.0250;cf=cfr(.008,-.311,.094,.392,.762,.516,-.895,.185,.406,.214,-.621,.754);es="Linear";ed="In";};};{tm=1.05;["StandHumanoidRootPart"]={tm=.0249;cf=cfr(0,0,0,1,0,0,0,1,0,0,0,1);es="Linear";ed="In";};["Stand Torso"]={tm=.0249;cf=cfr(-.048,-.051,-.358,-.206,-.208,.956,-.138,.974,.182,-.969,-.095,-.229);es="Linear";ed="In";};["Stand Left Leg"]={tm=.0249;cf=cfr(-.487,.386,.015,.968,.187,.165,-.173,.98,-.097,-.179,.065,.982);es="Linear";ed="In";};["Stand Right Leg"]={tm=.0249;cf=cfr(.948,.68,-.132,.959,.248,-.137,-.161,.874,.458,.233,-.417,.878);es="Linear";ed="In";};["Stand Head"]={tm=.0249;cf=cfr(0,0,0,.688,.711,-.144,-.724,.686,-.072,.048,.154,.987);es="Linear";ed="In";};["Stand Right Arm"]={tm=.0249;cf=cfr(.423,-.33,.419,-.137,.01,-.991,.965,-.224,-.136,-.223,-.975,.021);es="Linear";ed="In";};["Stand Left Arm"]={tm=.0249;cf=cfr(.009,-.312,.094,.388,.761,.52,-.896,.178,.407,.217,-.624,.751);es="Linear";ed="In";};};{tm=1.075;["StandHumanoidRootPart"]={tm=.0250;cf=cfr(0,0,0,1,0,0,0,1,0,0,0,1);es="Linear";ed="In";};["Stand Torso"]={tm=.0250;cf=cfr(-.048,-.051,-.358,-.206,-.208,.956,-.138,.974,.182,-.969,-.095,-.229);es="Linear";ed="In";};["Stand Left Leg"]={tm=.0250;cf=cfr(-.487,.386,.015,.968,.187,.165,-.173,.98,-.097,-.179,.065,.982);es="Linear";ed="In";};["Stand Right Leg"]={tm=.0250;cf=cfr(.948,.68,-.132,.959,.247,-.138,-.159,.874,.459,.234,-.418,.878);es="Linear";ed="In";};["Stand Head"]={tm=.0250;cf=cfr(0,0,0,.688,.711,-.144,-.724,.686,-.072,.048,.154,.987);es="Linear";ed="In";};["Stand Right Arm"]={tm=.0250;cf=cfr(.423,-.33,.419,-.137,.01,-.991,.965,-.224,-.136,-.223,-.975,.021);es="Linear";ed="In";};["Stand Left Arm"]={tm=.0250;cf=cfr(.01,-.312,.094,.386,.761,.522,-.896,.176,.407,.218,-.625,.75);es="Linear";ed="In";};};{tm=1.1;["StandHumanoidRootPart"]={tm=.0249;cf=cfr(0,0,0,1,0,0,0,1,0,0,0,1);es="Linear";ed="In";};["Stand Torso"]={tm=.0249;cf=cfr(-.048,-.051,-.358,-.206,-.208,.956,-.138,.974,.182,-.969,-.095,-.229);es="Linear";ed="In";};["Stand Left Leg"]={tm=.0249;cf=cfr(-.487,.386,.015,.968,.187,.165,-.173,.98,-.097,-.179,.065,.982);es="Linear";ed="In";};["Stand Right Leg"]={tm=.0249;cf=cfr(.948,.68,-.132,.959,.247,-.138,-.159,.874,.459,.234,-.418,.878);es="Linear";ed="In";};["Stand Head"]={tm=.0249;cf=cfr(0,0,0,.688,.711,-.144,-.724,.686,-.072,.048,.154,.987);es="Linear";ed="In";};["Stand Right Arm"]={tm=.0249;cf=cfr(.423,-.33,.419,-.137,.01,-.991,.965,-.224,-.136,-.223,-.975,.021);es="Linear";ed="In";};["Stand Left Arm"]={tm=.0249;cf=cfr(.01,-.312,.094,.386,.761,.522,-.896,.176,.407,.218,-.625,.75);es="Linear";ed="In";};};{tm=1.125;["StandHumanoidRootPart"]={tm=.0249;cf=cfr(0,0,0,1,0,0,0,1,0,0,0,1);es="Linear";ed="In";};["Stand Torso"]={tm=.0249;cf=cfr(-.048,-.051,-.358,-.206,-.208,.956,-.138,.974,.182,-.969,-.095,-.229);es="Linear";ed="In";};["Stand Left Leg"]={tm=.0249;cf=cfr(-.487,.386,.015,.968,.187,.165,-.173,.98,-.097,-.179,.065,.982);es="Linear";ed="In";};["Stand Right Leg"]={tm=.0249;cf=cfr(.948,.68,-.132,.959,.247,-.138,-.159,.874,.459,.234,-.418,.878);es="Linear";ed="In";};["Stand Head"]={tm=.0249;cf=cfr(0,0,0,.688,.711,-.144,-.724,.686,-.072,.048,.154,.987);es="Linear";ed="In";};["Stand Right Arm"]={tm=.0249;cf=cfr(.423,-.33,.419,-.137,.01,-.991,.965,-.224,-.136,-.223,-.975,.021);es="Linear";ed="In";};["Stand Left Arm"]={tm=.0249;cf=cfr(.01,-.312,.094,.386,.761,.522,-.896,.176,.407,.218,-.625,.75);es="Linear";ed="In";};};{tm=1.15;["StandHumanoidRootPart"]={tm=.0250;cf=cfr(0,0,0,1,0,0,0,1,0,0,0,1);es="Linear";ed="In";};["Stand Torso"]={tm=.0250;cf=cfr(-.048,-.051,-.358,-.206,-.208,.956,-.138,.974,.182,-.969,-.095,-.229);es="Linear";ed="In";};["Stand Left Leg"]={tm=.0250;cf=cfr(-.487,.386,.015,.968,.187,.165,-.173,.98,-.097,-.179,.065,.982);es="Linear";ed="In";};["Stand Right Leg"]={tm=.0250;cf=cfr(.948,.68,-.132,.959,.247,-.138,-.159,.874,.459,.234,-.418,.878);es="Linear";ed="In";};["Stand Head"]={tm=.0250;cf=cfr(0,0,0,.688,.711,-.144,-.724,.686,-.072,.048,.154,.987);es="Linear";ed="In";};["Stand Right Arm"]={tm=.0250;cf=cfr(.423,-.33,.419,-.137,.01,-.991,.965,-.224,-.136,-.223,-.975,.021);es="Linear";ed="In";};["Stand Left Arm"]={tm=.0250;cf=cfr(.01,-.312,.094,.386,.761,.522,-.896,.176,.407,.218,-.625,.75);es="Linear";ed="In";};};{tm=1.175;["StandHumanoidRootPart"]={tm=0;cf=cfr(0,0,0,1,0,0,0,1,0,0,0,1);es="Linear";ed="In";};["Stand Torso"]={tm=0;cf=cfr(-.048,-.051,-.358,-.206,-.208,.956,-.138,.974,.182,-.969,-.095,-.229);es="Linear";ed="In";};["Stand Left Leg"]={tm=0;cf=cfr(-.487,.386,.015,.968,.187,.165,-.173,.98,-.097,-.179,.065,.982);es="Linear";ed="In";};["Stand Right Leg"]={tm=0;cf=cfr(.948,.68,-.132,.959,.247,-.138,-.159,.874,.459,.234,-.418,.878);es="Linear";ed="In";};["Stand Head"]={tm=0;cf=cfr(0,0,0,.688,.711,-.144,-.724,.686,-.072,.048,.154,.987);es="Linear";ed="In";};["Stand Right Arm"]={tm=0;cf=cfr(.423,-.33,.419,-.137,.01,-.991,.965,-.224,-.136,-.223,-.975,.021);es="Linear";ed="In";};["Stand Left Arm"]={tm=0;cf=cfr(.01,-.312,.094,.386,.761,.522,-.896,.176,.407,.218,-.625,.75);es="Linear";ed="In";};};}