-- // converted using mech's animoduler
local cfr = CFrame.new

return {{tm=0;["Torso"]={tm=.083;cf=cfr(0,0,0,.999,-.047,0,.047,.998,-.048,.002,.048,.999);es="Linear";ed="In";};["Head"]={tm=.1;cf=cfr(0,0,0,1,0,0,0,.999,-.049,0,.049,.999);es="Linear";ed="In";};["Right Arm"]={tm=.117;cf=cfr(0,0,0,.979,-.139,.149,.14,.99,0,-.147,.021,.989);es="Linear";ed="In";};["Left Arm"]={tm=.133;cf=cfr(0,0,0,.99,.034,-.14,-.034,.999,0,.14,.005,.99);es="Linear";ed="In";};};{tm=.083;["Torso"]={tm=.0999;cf=cfr(0,0,0,.908,-.401,.118,.411,.908,-.082,-.074,.124,.99);es="Linear";ed="In";};};{tm=.1;["Head"]={tm=.0829;cf=cfr(0,0,0,.965,.241,-.105,-.248,.967,-.059,.088,.083,.993);es="Linear";ed="In";};};{tm=.117;["Right Arm"]={tm=.116;cf=cfr(0,0,0,.746,-.524,.412,.501,.848,.171,-.439,.079,.895);es="Linear";ed="In";};};{tm=.133;["Left Arm"]={tm=.1499;cf=cfr(0,0,0,.971,.048,-.235,-.034,.997,.064,.237,-.054,.97);es="Linear";ed="In";};};{tm=.183;["Torso"]={tm=.067;cf=cfr(0,0,0,.865,-.459,.202,.447,.888,.105,-.228,0,.974);es="Linear";ed="In";};["Head"]={tm=.1169;cf=cfr(0,0,0,.965,.214,-.153,-.248,.934,-.257,.088,.286,.954);es="Linear";ed="In";};};{tm=.233;["Right Arm"]={tm=.0839;cf=cfr(.173,.092,.044,.381,-.906,-.184,.86,.274,.43,-.34,-.322,.884);es="Linear";ed="In";};};{tm=.25;["Torso"]={tm=.0499;cf=cfr(0,0,0,.987,-.062,.146,.03,.977,.21,-.156,-.203,.967);es="Linear";ed="In";};};{tm=.283;["Left Arm"]={tm=.1170;cf=cfr(0,0,0,.943,-.299,.144,.295,.954,.047,-.151,-.002,.989);es="Linear";ed="In";};};{tm=.3;["Torso"]={tm=.067;cf=cfr(0,0,0,.92,.391,-.029,-.367,.886,.285,.137,-.251,.958);es="Linear";ed="In";};["Head"]={tm=.067;cf=cfr(0,0,0,.936,-.315,.157,.347,.754,-.558,.057,.576,.815);es="Linear";ed="In";};};{tm=.317;["Right Arm"]={tm=.066;cf=cfr(.159,.016,.059,-.301,-.936,-.184,.831,-.352,.43,-.467,-.023,.884);es="Linear";ed="In";};};{tm=.367;["Torso"]={tm=.0330;cf=cfr(0,0,0,.689,.675,-.266,-.661,.735,.154,.299,.07,.952);es="Linear";ed="In";};["Head"]={tm=.1000;cf=cfr(0,0,0,.821,-.436,.369,.543,.797,-.267,-.178,.419,.89);es="Linear";ed="In";};};{tm=.383;["Right Arm"]={tm=.0170;cf=cfr(.172,-.11,.105,.544,-.787,-.29,.759,.315,.57,-.357,-.531,.768);es="Linear";ed="In";};};{tm=.4;["Torso"]={tm=.067;cf=cfr(0,-.029,0,.547,.772,-.323,-.75,.623,.221,.372,.121,.92);es="Linear";ed="In";};["Right Arm"]={tm=.067;cf=cfr(.172,-.11,.105,.616,-.701,-.359,.72,.316,.618,-.32,-.639,.699);es="Linear";ed="In";};["Left Arm"]={tm=.0829;cf=cfr(0,0,0,.974,-.185,-.134,.215,.938,.272,.075,-.293,.953);es="Linear";ed="In";};};{tm=.467;["Torso"]={tm=.0830;cf=cfr(0,-.112,0,.37,.891,-.264,-.842,.442,.31,.392,.108,.913);es="Linear";ed="In";};["Head"]={tm=.1159;cf=cfr(0,0,0,.69,-.575,.439,.699,.687,-.199,-.187,.444,.876);es="Linear";ed="In";};["Right Arm"]={tm=.0830;cf=cfr(.163,-.123,.14,.806,-.328,-.493,.585,.305,.752,-.097,-.894,.437);es="Linear";ed="In";};};{tm=.483;["Left Arm"]={tm=.0999;cf=cfr(0,0,0,.739,.45,-.501,-.304,.887,.349,.601,-.106,.792);es="Linear";ed="In";};};{tm=.55;["Torso"]={tm=.0329;cf=cfr(0,-.228,0,.299,.937,-.178,-.883,.343,.321,.362,.061,.93);es="Linear";ed="In";};["Right Arm"]={tm=.0499;cf=cfr(.118,-.185,.318,.867,-.076,-.493,.469,.464,.752,.171,-.883,.437);es="Linear";ed="In";};};{tm=.583;["Torso"]={tm=.0840;cf=cfr(0,-.281,0,.368,.918,-.145,-.876,.395,.277,.312,.025,.95);es="Linear";ed="In";};["Head"]={tm=.0840;cf=cfr(0,0,0,.773,-.575,.268,.634,.687,-.355,.02,.444,.896);es="Linear";ed="In";};["Left Arm"]={tm=.0340;cf=cfr(0,0,0,.596,.544,-.59,-.518,.822,.235,.613,.165,.772);es="Linear";ed="In";};};{tm=.6;["Right Arm"]={tm=.0830;cf=cfr(.118,-.185,.318,.822,.326,-.467,.238,.55,.801,.518,-.769,.374);es="Linear";ed="In";};};{tm=.617;["Left Arm"]={tm=.0999;cf=cfr(0,0,0,.559,.629,-.54,-.583,.761,.283,.589,.157,.792);es="Linear";ed="In";};};{tm=.667;["Torso"]={tm=.0829;cf=cfr(0,-.414,0,.662,.709,-.244,-.714,.695,.084,.229,.118,.966);es="Linear";ed="In";};["Head"]={tm=.0829;cf=cfr(0,0,0,.787,-.616,-.03,.612,.787,-.082,.074,.046,.996);es="Linear";ed="In";};};{tm=.683;["Right Arm"]={tm=.0839;cf=cfr(.285,-.313,.315,.651,.598,-.467,.026,.598,.801,.758,-.534,.374);es="Linear";ed="In";};};{tm=.717;["Left Arm"]={tm=.0660;cf=cfr(0,0,0,.274,.483,-.832,-.702,.692,.17,.658,.537,.528);es="Linear";ed="In";};};{tm=.75;["Torso"]={tm=.0669;cf=cfr(0,-.267,0,.846,-.518,.129,.473,.839,.268,-.247,-.165,.955);es="Linear";ed="In";};["Head"]={tm=.0999;cf=cfr(0,0,0,.825,.421,-.376,-.522,.822,-.226,.214,.382,.899);es="Linear";ed="In";};};{tm=.767;["Right Arm"]={tm=.0829;cf=cfr(.694,-.103,.108,-.235,-.793,-.561,.96,-.281,-.005,-.154,-.54,.827);es="Linear";ed="In";};};{tm=.783;["Left Arm"]={tm=.0669;cf=cfr(0,0,0,.713,.439,-.546,-.262,.89,.372,.65,-.122,.75);es="Linear";ed="In";};};{tm=.817;["Torso"]={tm=.0330;cf=cfr(0,-.267,0,.618,-.776,.122,.63,.583,.513,-.47,-.24,.85);es="Linear";ed="In";};};{tm=.85;["Torso"]={tm=.0999;cf=cfr(.039,-.267,0,.585,-.808,.074,.674,.534,.51,-.452,-.249,.857);es="Linear";ed="In";};["Head"]={tm=.0999;cf=cfr(0,0,0,.884,.357,-.302,-.463,.76,-.456,.066,.543,.837);es="Linear";ed="In";};["Right Arm"]={tm=.0999;cf=cfr(.183,.493,.195,-.844,-.406,.35,.459,-.885,.081,.277,.229,.933);es="Linear";ed="In";};["Left Arm"]={tm=.0999;cf=cfr(0,0,0,1,.015,.02,-.022,.9,.435,-.011,-.436,.9);es="Linear";ed="In";};};{tm=.95;["Torso"]={tm=.1000;cf=cfr(.036,-.267,0,.521,-.853,.035,.768,.486,.418,-.373,-.191,.908);es="Linear";ed="In";};["Head"]={tm=.1000;cf=cfr(0,0,0,.839,.434,-.329,-.524,.809,-.267,.15,.397,.906);es="Linear";ed="In";};["Right Arm"]={tm=.1000;cf=cfr(.127,.5,.178,-.897,-.338,.284,.433,-.799,.417,.086,.497,.864);es="Linear";ed="In";};["Left Arm"]={tm=.1000;cf=cfr(0,0,0,.964,-.239,.116,.168,.887,.431,-.205,-.396,.895);es="Linear";ed="In";};};{tm=1.05;["Torso"]={tm=.0999;cf=cfr(.005,-.267,0,.507,-.86,.057,.801,.494,.337,-.318,-.125,.94);es="Linear";ed="In";};["Head"]={tm=.0999;cf=cfr(0,0,0,.812,.45,-.372,-.542,.818,-.193,.218,.359,.908);es="Linear";ed="In";};["Right Arm"]={tm=.0999;cf=cfr(.157,.48,.227,-.886,-.289,.362,.436,-.785,.439,.158,.547,.822);es="Linear";ed="In";};["Left Arm"]={tm=.0999;cf=cfr(-.067,.007,.041,.939,-.308,.157,.213,.873,.438,-.272,-.378,.885);es="Linear";ed="In";};};{tm=1.15;["Torso"]={tm=0;cf=cfr(.005,-.267,0,.519,-.851,.086,.798,.518,.31,-.308,-.092,.947);es="Linear";ed="In";};["Head"]={tm=0;cf=cfr(0,0,0,.82,.451,-.353,-.538,.818,-.204,.197,.357,.913);es="Linear";ed="In";};["Right Arm"]={tm=0;cf=cfr(.155,.463,.221,-.898,-.263,.353,.402,-.816,.415,.179,.515,.838);es="Linear";ed="In";};["Left Arm"]={tm=0;cf=cfr(-.067,.007,.041,.972,-.228,.051,.188,.893,.409,-.139,-.388,.911);es="Linear";ed="In";};};}