-- // converted using mech's animoduler
local cfr = CFrame.new

return {{tm=0;["Torso"]={tm=.017;cf=cfr(0,0,-.308,.188,.912,-.364,-.965,.102,-.243,-.185,.397,.899);es="Linear";ed="In";};["Left Leg"]={tm=.017;cf=cfr(-.466,.533,.161,.882,.468,.06,-.464,.839,.285,.083,-.279,.957);es="Linear";ed="In";};["Right Leg"]={tm=.017;cf=cfr(.311,.146,.062,.859,-.145,-.491,.071,.984,-.166,.507,.108,.855);es="Linear";ed="In";};["Left Arm"]={tm=.433;cf=cfr(.842,-.514,-.232,.586,.639,-.497,-.661,.733,.163,.469,.233,.852);es="Linear";ed="In";};["Right Arm"]={tm=.433;cf=cfr(.135,-.38,.038,.906,-.39,.166,.39,.92,.032,-.165,.036,.986);es="Linear";ed="In";};["Head"]={tm=.433;cf=cfr(0,0,0,.256,-.955,.15,.943,.281,.177,-.212,.096,.973);es="Linear";ed="In";};};{tm=.017;["Torso"]={tm=.016;cf=cfr(0,0,-.308,.188,.912,-.364,-.965,.102,-.243,-.185,.397,.899);es="Linear";ed="In";};["Left Leg"]={tm=.016;cf=cfr(-.466,.533,.161,.882,.468,.06,-.464,.839,.285,.083,-.279,.957);es="Linear";ed="In";};["Right Leg"]={tm=.016;cf=cfr(.311,.146,.062,.859,-.145,-.491,.071,.984,-.166,.507,.108,.855);es="Linear";ed="In";};};{tm=.033;["Torso"]={tm=.017;cf=cfr(0,0,-.308,.188,.912,-.364,-.965,.102,-.243,-.185,.397,.899);es="Linear";ed="In";};["Left Leg"]={tm=.017;cf=cfr(-.466,.533,.161,.882,.467,.06,-.464,.839,.285,.083,-.279,.957);es="Linear";ed="In";};["Right Leg"]={tm=.017;cf=cfr(.311,.146,.062,.859,-.145,-.491,.071,.984,-.166,.507,.108,.855);es="Linear";ed="In";};};{tm=.05;["Torso"]={tm=.017;cf=cfr(0,0,-.308,.188,.912,-.364,-.965,.102,-.243,-.185,.397,.899);es="Linear";ed="In";};["Left Leg"]={tm=.017;cf=cfr(-.465,.534,.161,.882,.467,.06,-.464,.839,.285,.083,-.28,.957);es="Linear";ed="In";};["Right Leg"]={tm=.017;cf=cfr(.311,.146,.062,.859,-.145,-.491,.071,.984,-.166,.507,.108,.855);es="Linear";ed="In";};};{tm=.067;["Torso"]={tm=.016;cf=cfr(-.001,0,-.308,.188,.912,-.364,-.965,.101,-.243,-.185,.397,.899);es="Linear";ed="In";};["Left Leg"]={tm=.016;cf=cfr(-.465,.534,.16,.882,.467,.06,-.464,.839,.285,.083,-.28,.957);es="Linear";ed="In";};["Right Leg"]={tm=.016;cf=cfr(.311,.145,.062,.859,-.145,-.491,.071,.984,-.166,.507,.108,.855);es="Linear";ed="In";};};{tm=.083;["Torso"]={tm=.017;cf=cfr(-.001,0,-.308,.188,.912,-.364,-.965,.101,-.243,-.185,.397,.899);es="Linear";ed="In";};["Left Leg"]={tm=.017;cf=cfr(-.464,.535,.16,.882,.467,.06,-.463,.839,.286,.083,-.28,.956);es="Linear";ed="In";};["Right Leg"]={tm=.017;cf=cfr(.312,.145,.062,.859,-.145,-.491,.07,.983,-.167,.507,.109,.855);es="Linear";ed="In";};};{tm=.1;["Torso"]={tm=.017;cf=cfr(-.002,-.001,-.309,.187,.912,-.364,-.965,.101,-.244,-.185,.397,.899);es="Linear";ed="In";};["Left Leg"]={tm=.017;cf=cfr(-.464,.536,.159,.882,.466,.06,-.463,.839,.286,.083,-.28,.956);es="Linear";ed="In";};["Right Leg"]={tm=.017;cf=cfr(.312,.144,.062,.859,-.144,-.491,.07,.983,-.167,.507,.109,.855);es="Linear";ed="In";};};{tm=.117;["Torso"]={tm=.016;cf=cfr(-.002,-.001,-.309,.187,.912,-.364,-.965,.1,-.244,-.186,.397,.899);es="Linear";ed="In";};["Left Leg"]={tm=.016;cf=cfr(-.463,.537,.159,.883,.466,.06,-.463,.839,.286,.083,-.281,.956);es="Linear";ed="In";};["Right Leg"]={tm=.016;cf=cfr(.312,.144,.062,.859,-.144,-.491,.07,.983,-.167,.507,.109,.855);es="Linear";ed="In";};};{tm=.133;["Torso"]={tm=.0169;cf=cfr(-.003,-.001,-.309,.187,.912,-.365,-.965,.1,-.244,-.186,.397,.899);es="Linear";ed="In";};["Left Leg"]={tm=.0169;cf=cfr(-.463,.539,.158,.883,.466,.06,-.462,.839,.287,.083,-.281,.956);es="Linear";ed="In";};["Right Leg"]={tm=.0169;cf=cfr(.312,.143,.062,.859,-.144,-.491,.069,.983,-.167,.506,.11,.855);es="Linear";ed="In";};};{tm=.15;["Torso"]={tm=.0170;cf=cfr(-.004,-.001,-.31,.186,.912,-.365,-.965,.1,-.244,-.186,.397,.899);es="Linear";ed="In";};["Left Leg"]={tm=.0170;cf=cfr(-.462,.54,.158,.883,.465,.061,-.462,.839,.287,.083,-.282,.956);es="Linear";ed="In";};["Right Leg"]={tm=.0170;cf=cfr(.313,.142,.062,.86,-.144,-.49,.069,.983,-.168,.506,.11,.855);es="Linear";ed="In";};};{tm=.167;["Torso"]={tm=.0159;cf=cfr(-.005,-.001,-.31,.186,.912,-.365,-.965,.099,-.244,-.187,.397,.899);es="Linear";ed="In";};["Left Leg"]={tm=.0159;cf=cfr(-.461,.542,.157,.884,.464,.061,-.461,.839,.288,.083,-.282,.956);es="Linear";ed="In";};["Right Leg"]={tm=.0159;cf=cfr(.313,.141,.062,.86,-.143,-.49,.068,.983,-.168,.506,.111,.855);es="Linear";ed="In";};};{tm=.183;["Torso"]={tm=.0170;cf=cfr(-.006,-.002,-.31,.186,.912,-.365,-.965,.098,-.245,-.187,.397,.898);es="Linear";ed="In";};["Left Leg"]={tm=.0170;cf=cfr(-.46,.544,.156,.884,.464,.061,-.46,.84,.288,.083,-.283,.956);es="Linear";ed="In";};["Right Leg"]={tm=.0170;cf=cfr(.314,.14,.062,.86,-.143,-.49,.067,.983,-.168,.506,.112,.855);es="Linear";ed="In";};};{tm=.2;["Torso"]={tm=.0169;cf=cfr(-.007,-.002,-.311,.185,.913,-.365,-.965,.098,-.245,-.188,.397,.898);es="Linear";ed="In";};["Left Leg"]={tm=.0169;cf=cfr(-.459,.546,.155,.884,.463,.061,-.46,.84,.289,.083,-.283,.955);es="Linear";ed="In";};["Right Leg"]={tm=.0169;cf=cfr(.314,.139,.062,.86,-.142,-.49,.067,.983,-.169,.506,.112,.855);es="Linear";ed="In";};};{tm=.217;["Torso"]={tm=.0160;cf=cfr(-.008,-.002,-.311,.185,.913,-.365,-.965,.097,-.245,-.188,.397,.898);es="Linear";ed="In";};["Left Leg"]={tm=.0160;cf=cfr(-.457,.548,.154,.885,.462,.061,-.459,.84,.289,.083,-.284,.955);es="Linear";ed="In";};["Right Leg"]={tm=.0160;cf=cfr(.315,.138,.062,.86,-.142,-.49,.066,.983,-.169,.506,.113,.855);es="Linear";ed="In";};};{tm=.233;["Torso"]={tm=.0169;cf=cfr(-.009,-.003,-.312,.184,.913,-.365,-.965,.096,-.245,-.189,.397,.898);es="Linear";ed="In";};["Left Leg"]={tm=.0169;cf=cfr(-.456,.55,.154,.885,.462,.061,-.458,.84,.29,.083,-.285,.955);es="Linear";ed="In";};["Right Leg"]={tm=.0169;cf=cfr(.315,.137,.062,.86,-.141,-.49,.065,.983,-.17,.506,.114,.855);es="Linear";ed="In";};};{tm=.25;["Torso"]={tm=.0170;cf=cfr(-.01,-.003,-.313,.183,.913,-.365,-.965,.096,-.246,-.189,.397,.898);es="Linear";ed="In";};["Left Leg"]={tm=.0170;cf=cfr(-.455,.553,.153,.885,.461,.061,-.457,.84,.291,.083,-.285,.955);es="Linear";ed="In";};["Right Leg"]={tm=.0170;cf=cfr(.316,.136,.062,.86,-.141,-.49,.064,.983,-.17,.505,.115,.855);es="Linear";ed="In";};};{tm=.267;["Torso"]={tm=.0159;cf=cfr(-.011,-.003,-.313,.183,.913,-.365,-.965,.095,-.246,-.19,.397,.898);es="Linear";ed="In";};["Left Leg"]={tm=.0159;cf=cfr(-.454,.556,.151,.886,.46,.061,-.456,.841,.292,.083,-.286,.955);es="Linear";ed="In";};["Right Leg"]={tm=.0159;cf=cfr(.317,.135,.062,.861,-.14,-.489,.063,.983,-.17,.505,.116,.855);es="Linear";ed="In";};};{tm=.283;["Torso"]={tm=.0170;cf=cfr(-.013,-.004,-.314,.182,.913,-.365,-.965,.094,-.246,-.191,.397,.898);es="Linear";ed="In";};["Left Leg"]={tm=.0170;cf=cfr(-.452,.558,.15,.886,.459,.061,-.456,.841,.292,.083,-.287,.954);es="Linear";ed="In";};["Right Leg"]={tm=.0170;cf=cfr(.317,.133,.063,.861,-.14,-.489,.062,.983,-.171,.505,.117,.855);es="Linear";ed="In";};};{tm=.3;["Torso"]={tm=.0170;cf=cfr(-.014,-.004,-.314,.182,.913,-.365,-.965,.093,-.247,-.191,.397,.898);es="Linear";ed="In";};["Left Leg"]={tm=.0170;cf=cfr(-.451,.561,.149,.887,.458,.061,-.455,.841,.293,.083,-.288,.954);es="Linear";ed="In";};["Right Leg"]={tm=.0170;cf=cfr(.318,.132,.063,.861,-.139,-.489,.061,.983,-.171,.505,.118,.855);es="Linear";ed="In";};};{tm=.317;["Torso"]={tm=.0160;cf=cfr(-.015,-.005,-.315,.181,.913,-.366,-.965,.092,-.247,-.192,.397,.897);es="Linear";ed="In";};["Left Leg"]={tm=.0160;cf=cfr(-.449,.564,.148,.887,.457,.061,-.454,.841,.294,.083,-.289,.954);es="Linear";ed="In";};["Right Leg"]={tm=.0160;cf=cfr(.319,.13,.063,.861,-.138,-.489,.06,.983,-.172,.505,.119,.855);es="Linear";ed="In";};};{tm=.333;["Torso"]={tm=.0169;cf=cfr(-.017,-.005,-.316,.18,.913,-.366,-.965,.091,-.247,-.193,.397,.897);es="Linear";ed="In";};["Left Leg"]={tm=.0169;cf=cfr(-.447,.567,.147,.888,.456,.061,-.453,.842,.295,.083,-.29,.954);es="Linear";ed="In";};["Right Leg"]={tm=.0169;cf=cfr(.319,.129,.063,.861,-.138,-.489,.059,.983,-.173,.504,.12,.855);es="Linear";ed="In";};};{tm=.35;["Torso"]={tm=.0170;cf=cfr(-.018,-.006,-.317,.179,.913,-.366,-.965,.09,-.248,-.193,.397,.897);es="Linear";ed="In";};["Left Leg"]={tm=.0170;cf=cfr(-.446,.57,.145,.888,.455,.061,-.452,.842,.296,.083,-.291,.953);es="Linear";ed="In";};["Right Leg"]={tm=.0170;cf=cfr(.32,.127,.063,.862,-.137,-.489,.058,.983,-.173,.504,.121,.855);es="Linear";ed="In";};};{tm=.367;["Torso"]={tm=.0160;cf=cfr(-.02,-.006,-.317,.179,.913,-.366,-.965,.089,-.248,-.194,.397,.897);es="Linear";ed="In";};["Left Leg"]={tm=.0160;cf=cfr(-.444,.573,.144,.889,.454,.062,-.45,.842,.297,.083,-.292,.953);es="Linear";ed="In";};["Right Leg"]={tm=.0160;cf=cfr(.321,.126,.063,.862,-.136,-.488,.057,.983,-.174,.504,.122,.855);es="Linear";ed="In";};};{tm=.383;["Torso"]={tm=.0170;cf=cfr(-.022,-.007,-.318,.178,.913,-.366,-.965,.088,-.249,-.195,.397,.897);es="Linear";ed="In";};["Left Leg"]={tm=.0170;cf=cfr(-.442,.576,.143,.889,.453,.062,-.449,.842,.298,.083,-.293,.953);es="Linear";ed="In";};["Right Leg"]={tm=.0170;cf=cfr(.322,.124,.063,.862,-.136,-.488,.056,.983,-.174,.504,.123,.855);es="Linear";ed="In";};};{tm=.4;["Torso"]={tm=.0169;cf=cfr(-.023,-.007,-.319,.177,.914,-.366,-.965,.087,-.249,-.196,.397,.897);es="Linear";ed="In";};["Left Leg"]={tm=.0169;cf=cfr(-.441,.58,.141,.89,.452,.062,-.448,.842,.299,.083,-.294,.952);es="Linear";ed="In";};["Right Leg"]={tm=.0169;cf=cfr(.323,.122,.063,.862,-.135,-.488,.055,.983,-.175,.503,.124,.855);es="Linear";ed="In";};};{tm=.417;["Torso"]={tm=.0160;cf=cfr(-.025,-.008,-.32,.176,.914,-.366,-.965,.086,-.25,-.196,.397,.896);es="Linear";ed="In";};["Left Leg"]={tm=.0160;cf=cfr(-.439,.583,.14,.891,.451,.062,-.447,.843,.3,.083,-.295,.952);es="Linear";ed="In";};["Right Leg"]={tm=.0160;cf=cfr(.323,.121,.063,.863,-.134,-.488,.054,.983,-.176,.503,.125,.855);es="Linear";ed="In";};};{tm=.433;["Torso"]={tm=.0170;cf=cfr(-.026,-.008,-.32,.176,.914,-.366,-.965,.085,-.25,-.197,.397,.896);es="Linear";ed="In";};["Left Leg"]={tm=.0170;cf=cfr(-.437,.586,.139,.891,.449,.062,-.446,.843,.301,.083,-.296,.952);es="Linear";ed="In";};["Right Leg"]={tm=.0170;cf=cfr(.324,.119,.063,.863,-.134,-.488,.053,.983,-.176,.503,.126,.855);es="Linear";ed="In";};["Left Arm"]={tm=.0170;cf=cfr(.932,-.552,-.169,.56,.635,-.532,-.693,.711,.119,.454,.301,.838);es="Linear";ed="In";};["Right Arm"]={tm=.0170;cf=cfr(.111,-.329,.04,.926,-.36,.11,.362,.932,.006,-.104,.034,.994);es="Linear";ed="In";};["Head"]={tm=.0170;cf=cfr(0,0,0,.253,-.959,.126,.937,.275,.216,-.242,.063,.968);es="Linear";ed="In";};};{tm=.45;["Torso"]={tm=.0170;cf=cfr(-.028,-.009,-.321,.175,.914,-.367,-.965,.084,-.25,-.198,.397,.896);es="Linear";ed="In";};["Left Leg"]={tm=.0170;cf=cfr(-.435,.59,.137,.892,.448,.062,-.445,.843,.302,.083,-.297,.951);es="Linear";ed="In";};["Right Leg"]={tm=.0170;cf=cfr(.325,.117,.063,.863,-.133,-.487,.051,.983,-.177,.503,.128,.855);es="Linear";ed="In";};["Left Arm"]={tm=.0170;cf=cfr(.932,-.552,-.169,.56,.635,-.532,-.693,.711,.119,.454,.301,.839);es="Linear";ed="In";};["Right Arm"]={tm=.0170;cf=cfr(.111,-.329,.04,.926,-.36,.11,.362,.932,.006,-.104,.034,.994);es="Linear";ed="In";};["Head"]={tm=.0170;cf=cfr(0,0,0,.253,-.959,.126,.937,.275,.216,-.242,.063,.968);es="Linear";ed="In";};};{tm=.467;["Torso"]={tm=.0159;cf=cfr(-.03,-.009,-.322,.174,.914,-.367,-.964,.083,-.251,-.199,.397,.896);es="Linear";ed="In";};["Left Leg"]={tm=.0159;cf=cfr(-.433,.593,.136,.892,.447,.062,-.444,.844,.303,.083,-.298,.951);es="Linear";ed="In";};["Right Leg"]={tm=.0159;cf=cfr(.326,.116,.063,.863,-.132,-.487,.05,.983,-.178,.502,.129,.855);es="Linear";ed="In";};["Left Arm"]={tm=.0159;cf=cfr(.931,-.551,-.169,.561,.635,-.531,-.693,.711,.12,.454,.301,.839);es="Linear";ed="In";};["Right Arm"]={tm=.0159;cf=cfr(.111,-.329,.04,.926,-.36,.11,.362,.932,.006,-.105,.034,.994);es="Linear";ed="In";};["Head"]={tm=.0159;cf=cfr(0,0,0,.253,-.959,.126,.937,.275,.216,-.242,.063,.968);es="Linear";ed="In";};};{tm=.483;["Torso"]={tm=.0170;cf=cfr(-.032,-.01,-.323,.173,.914,-.367,-.964,.082,-.251,-.2,.397,.896);es="Linear";ed="In";};["Left Leg"]={tm=.0170;cf=cfr(-.432,.596,.134,.893,.446,.062,-.443,.844,.304,.083,-.299,.951);es="Linear";ed="In";};["Right Leg"]={tm=.0170;cf=cfr(.327,.114,.063,.863,-.131,-.487,.049,.983,-.178,.502,.13,.855);es="Linear";ed="In";};["Left Arm"]={tm=.0170;cf=cfr(.931,-.551,-.17,.561,.635,-.531,-.692,.712,.12,.454,.3,.839);es="Linear";ed="In";};["Right Arm"]={tm=.0170;cf=cfr(.111,-.33,.04,.926,-.36,.11,.362,.932,.007,-.105,.034,.994);es="Linear";ed="In";};["Head"]={tm=.0170;cf=cfr(0,0,0,.253,-.959,.126,.937,.275,.215,-.241,.063,.968);es="Linear";ed="In";};};{tm=.5;["Torso"]={tm=.0170;cf=cfr(-.033,-.01,-.324,.172,.914,-.367,-.964,.081,-.252,-.2,.397,.896);es="Linear";ed="In";};["Left Leg"]={tm=.0170;cf=cfr(-.43,.6,.133,.893,.445,.062,-.441,.844,.305,.083,-.3,.95);es="Linear";ed="In";};["Right Leg"]={tm=.0170;cf=cfr(.328,.112,.063,.864,-.131,-.487,.048,.983,-.179,.502,.131,.855);es="Linear";ed="In";};["Left Arm"]={tm=.0170;cf=cfr(.93,-.551,-.17,.561,.635,-.531,-.692,.712,.12,.454,.3,.839);es="Linear";ed="In";};["Right Arm"]={tm=.0170;cf=cfr(.111,-.33,.04,.926,-.361,.111,.362,.932,.007,-.106,.034,.994);es="Linear";ed="In";};["Head"]={tm=.0170;cf=cfr(0,0,0,.253,-.959,.126,.937,.275,.215,-.241,.064,.968);es="Linear";ed="In";};};{tm=.517;["Torso"]={tm=.0160;cf=cfr(-.035,-.011,-.324,.172,.914,-.367,-.964,.08,-.252,-.201,.397,.895);es="Linear";ed="In";};["Left Leg"]={tm=.0160;cf=cfr(-.428,.603,.132,.894,.444,.062,-.44,.844,.306,.083,-.301,.95);es="Linear";ed="In";};["Right Leg"]={tm=.0160;cf=cfr(.328,.11,.063,.864,-.13,-.487,.047,.983,-.179,.501,.132,.855);es="Linear";ed="In";};["Left Arm"]={tm=.0160;cf=cfr(.928,-.55,-.171,.561,.635,-.53,-.691,.712,.121,.455,.299,.839);es="Linear";ed="In";};["Right Arm"]={tm=.0160;cf=cfr(.112,-.331,.04,.926,-.361,.112,.363,.932,.007,-.107,.034,.994);es="Linear";ed="In";};["Head"]={tm=.0160;cf=cfr(0,0,0,.253,-.959,.127,.937,.276,.214,-.24,.064,.969);es="Linear";ed="In";};};{tm=.533;["Torso"]={tm=.0170;cf=cfr(-.036,-.011,-.325,.171,.914,-.367,-.964,.079,-.252,-.202,.397,.895);es="Linear";ed="In";};["Left Leg"]={tm=.0170;cf=cfr(-.426,.606,.13,.895,.443,.062,-.439,.844,.307,.083,-.302,.95);es="Linear";ed="In";};["Right Leg"]={tm=.0170;cf=cfr(.329,.109,.063,.864,-.129,-.486,.046,.983,-.18,.501,.133,.855);es="Linear";ed="In";};["Left Arm"]={tm=.0170;cf=cfr(.927,-.549,-.172,.562,.635,-.53,-.691,.713,.122,.455,.297,.839);es="Linear";ed="In";};["Right Arm"]={tm=.0170;cf=cfr(.112,-.332,.04,.925,-.362,.113,.363,.932,.008,-.108,.034,.994);es="Linear";ed="In";};["Head"]={tm=.0170;cf=cfr(0,0,0,.253,-.959,.127,.937,.276,.214,-.24,.065,.969);es="Linear";ed="In";};};{tm=.55;["Torso"]={tm=.0169;cf=cfr(-.038,-.012,-.326,.17,.914,-.367,-.964,.078,-.253,-.203,.397,.895);es="Linear";ed="In";};["Left Leg"]={tm=.0169;cf=cfr(-.424,.61,.129,.895,.441,.063,-.438,.845,.308,.083,-.303,.949);es="Linear";ed="In";};["Right Leg"]={tm=.0169;cf=cfr(.33,.107,.063,.864,-.128,-.486,.044,.983,-.181,.501,.135,.855);es="Linear";ed="In";};["Left Arm"]={tm=.0169;cf=cfr(.925,-.549,-.174,.562,.636,-.529,-.69,.713,.123,.455,.296,.84);es="Linear";ed="In";};["Right Arm"]={tm=.0169;cf=cfr(.113,-.333,.04,.925,-.362,.114,.364,.931,.008,-.109,.034,.993);es="Linear";ed="In";};["Head"]={tm=.0169;cf=cfr(0,0,0,.253,-.959,.128,.937,.276,.213,-.239,.066,.969);es="Linear";ed="In";};};{tm=.567;["Torso"]={tm=.0160;cf=cfr(-.04,-.012,-.327,.169,.915,-.367,-.964,.077,-.253,-.203,.397,.895);es="Linear";ed="In";};["Left Leg"]={tm=.0160;cf=cfr(-.423,.613,.127,.896,.44,.063,-.437,.845,.309,.083,-.304,.949);es="Linear";ed="In";};["Right Leg"]={tm=.0160;cf=cfr(.331,.105,.063,.865,-.128,-.486,.043,.982,-.181,.501,.136,.855);es="Linear";ed="In";};["Left Arm"]={tm=.0160;cf=cfr(.922,-.548,-.175,.563,.636,-.528,-.689,.714,.124,.456,.294,.84);es="Linear";ed="In";};["Right Arm"]={tm=.0160;cf=cfr(.113,-.334,.04,.925,-.363,.116,.365,.931,.009,-.111,.034,.993);es="Linear";ed="In";};["Head"]={tm=.0160;cf=cfr(0,0,0,.253,-.959,.128,.938,.276,.212,-.239,.066,.969);es="Linear";ed="In";};};{tm=.583;["Torso"]={tm=.0170;cf=cfr(-.041,-.012,-.327,.168,.915,-.368,-.964,.076,-.254,-.204,.397,.895);es="Linear";ed="In";};["Left Leg"]={tm=.0170;cf=cfr(-.421,.616,.126,.896,.439,.063,-.436,.845,.309,.083,-.305,.949);es="Linear";ed="In";};["Right Leg"]={tm=.0170;cf=cfr(.332,.104,.063,.865,-.127,-.486,.042,.982,-.182,.5,.137,.855);es="Linear";ed="In";};["Left Arm"]={tm=.0170;cf=cfr(.92,-.547,-.177,.564,.636,-.527,-.689,.714,.125,.456,.292,.841);es="Linear";ed="In";};["Right Arm"]={tm=.0170;cf=cfr(.114,-.336,.04,.924,-.364,.117,.365,.931,.01,-.113,.034,.993);es="Linear";ed="In";};["Head"]={tm=.0170;cf=cfr(0,0,0,.253,-.959,.129,.938,.276,.211,-.238,.067,.969);es="Linear";ed="In";};};{tm=.6;["Torso"]={tm=.0170;cf=cfr(-.043,-.013,-.328,.168,.915,-.368,-.964,.075,-.254,-.205,.397,.895);es="Linear";ed="In";};["Left Leg"]={tm=.0170;cf=cfr(-.419,.619,.125,.897,.438,.063,-.435,.845,.31,.083,-.306,.949);es="Linear";ed="In";};["Right Leg"]={tm=.0170;cf=cfr(.332,.102,.063,.865,-.126,-.486,.041,.982,-.182,.5,.138,.855);es="Linear";ed="In";};["Left Arm"]={tm=.0170;cf=cfr(.917,-.545,-.179,.565,.636,-.526,-.688,.715,.127,.457,.29,.841);es="Linear";ed="In";};["Right Arm"]={tm=.0170;cf=cfr(.115,-.337,.04,.923,-.365,.119,.366,.93,.01,-.115,.034,.993);es="Linear";ed="In";};["Head"]={tm=.0170;cf=cfr(0,0,0,.253,-.959,.13,.938,.276,.21,-.237,.068,.969);es="Linear";ed="In";};};{tm=.617;["Torso"]={tm=.0160;cf=cfr(-.044,-.013,-.329,.167,.915,-.368,-.964,.074,-.254,-.206,.397,.894);es="Linear";ed="In";};["Left Leg"]={tm=.0160;cf=cfr(-.418,.622,.124,.897,.437,.063,-.434,.846,.311,.083,-.306,.948);es="Linear";ed="In";};["Right Leg"]={tm=.0160;cf=cfr(.333,.101,.063,.865,-.126,-.485,.04,.982,-.183,.5,.139,.855);es="Linear";ed="In";};["Left Arm"]={tm=.0160;cf=cfr(.914,-.544,-.181,.566,.636,-.525,-.686,.716,.128,.457,.288,.842);es="Linear";ed="In";};["Right Arm"]={tm=.0160;cf=cfr(.115,-.339,.04,.923,-.366,.121,.367,.93,.011,-.117,.034,.993);es="Linear";ed="In";};["Head"]={tm=.0160;cf=cfr(0,0,0,.254,-.958,.13,.938,.277,.208,-.236,.07,.969);es="Linear";ed="In";};};{tm=.633;["Torso"]={tm=.0170;cf=cfr(-.046,-.014,-.33,.166,.915,-.368,-.964,.073,-.255,-.206,.397,.894);es="Linear";ed="In";};["Left Leg"]={tm=.0170;cf=cfr(-.416,.625,.122,.898,.436,.063,-.433,.846,.312,.083,-.307,.948);es="Linear";ed="In";};["Right Leg"]={tm=.0170;cf=cfr(.334,.099,.063,.865,-.125,-.485,.039,.982,-.184,.5,.14,.855);es="Linear";ed="In";};["Left Arm"]={tm=.0170;cf=cfr(.911,-.543,-.183,.566,.636,-.524,-.685,.717,.13,.458,.285,.842);es="Linear";ed="In";};["Right Arm"]={tm=.0170;cf=cfr(.116,-.341,.04,.922,-.367,.123,.368,.93,.012,-.119,.034,.992);es="Linear";ed="In";};["Head"]={tm=.0170;cf=cfr(0,0,0,.254,-.958,.131,.938,.277,.207,-.235,.071,.97);es="Linear";ed="In";};};{tm=.65;["Torso"]={tm=.0170;cf=cfr(-.047,-.014,-.33,.166,.915,-.368,-.964,.072,-.255,-.207,.397,.894);es="Linear";ed="In";};["Left Leg"]={tm=.0170;cf=cfr(-.415,.628,.121,.898,.435,.063,-.432,.846,.313,.083,-.308,.948);es="Linear";ed="In";};["Right Leg"]={tm=.0170;cf=cfr(.335,.098,.063,.866,-.125,-.485,.038,.982,-.184,.499,.141,.855);es="Linear";ed="In";};["Left Arm"]={tm=.0170;cf=cfr(.907,-.541,-.186,.567,.637,-.522,-.684,.718,.131,.458,.283,.843);es="Linear";ed="In";};["Right Arm"]={tm=.0170;cf=cfr(.117,-.343,.04,.921,-.368,.125,.37,.929,.013,-.121,.034,.992);es="Linear";ed="In";};["Head"]={tm=.0170;cf=cfr(0,0,0,.254,-.958,.132,.939,.277,.205,-.233,.072,.97);es="Linear";ed="In";};};{tm=.667;["Torso"]={tm=.0160;cf=cfr(-.048,-.015,-.331,.165,.915,-.368,-.964,.071,-.255,-.208,.397,.894);es="Linear";ed="In";};["Left Leg"]={tm=.0160;cf=cfr(-.413,.63,.12,.899,.434,.063,-.431,.846,.314,.083,-.309,.947);es="Linear";ed="In";};["Right Leg"]={tm=.0160;cf=cfr(.335,.096,.063,.866,-.124,-.485,.037,.982,-.185,.499,.142,.855);es="Linear";ed="In";};["Left Arm"]={tm=.0160;cf=cfr(.903,-.54,-.188,.569,.637,-.521,-.683,.718,.133,.459,.28,.843);es="Linear";ed="In";};["Right Arm"]={tm=.0160;cf=cfr(.118,-.345,.04,.92,-.369,.128,.371,.929,.014,-.124,.034,.992);es="Linear";ed="In";};["Head"]={tm=.0160;cf=cfr(0,0,0,.254,-.958,.133,.939,.277,.204,-.232,.073,.97);es="Linear";ed="In";};};{tm=.683;["Torso"]={tm=.0169;cf=cfr(-.05,-.015,-.332,.164,.915,-.368,-.964,.07,-.256,-.208,.397,.894);es="Linear";ed="In";};["Left Leg"]={tm=.0169;cf=cfr(-.412,.633,.119,.899,.433,.063,-.43,.846,.314,.083,-.31,.947);es="Linear";ed="In";};["Right Leg"]={tm=.0169;cf=cfr(.336,.095,.063,.866,-.123,-.485,.036,.982,-.185,.499,.143,.855);es="Linear";ed="In";};["Left Arm"]={tm=.0169;cf=cfr(.899,-.538,-.191,.57,.637,-.519,-.681,.719,.135,.46,.277,.844);es="Linear";ed="In";};["Right Arm"]={tm=.0169;cf=cfr(.119,-.347,.039,.92,-.371,.13,.372,.928,.015,-.126,.034,.991);es="Linear";ed="In";};["Head"]={tm=.0169;cf=cfr(0,0,0,.254,-.958,.134,.939,.277,.202,-.231,.075,.97);es="Linear";ed="In";};};{tm=.7;["Torso"]={tm=.0170;cf=cfr(-.051,-.015,-.332,.164,.915,-.368,-.964,.07,-.256,-.209,.397,.894);es="Linear";ed="In";};["Left Leg"]={tm=.0170;cf=cfr(-.41,.635,.118,.899,.432,.063,-.429,.846,.315,.083,-.311,.947);es="Linear";ed="In";};["Right Leg"]={tm=.0170;cf=cfr(.336,.094,.063,.866,-.123,-.485,.035,.982,-.186,.499,.144,.855);es="Linear";ed="In";};["Left Arm"]={tm=.0170;cf=cfr(.895,-.536,-.194,.571,.637,-.518,-.68,.72,.137,.46,.274,.845);es="Linear";ed="In";};["Right Arm"]={tm=.0170;cf=cfr(.12,-.35,.039,.919,-.372,.133,.373,.928,.016,-.129,.034,.991);es="Linear";ed="In";};["Head"]={tm=.0170;cf=cfr(0,0,0,.254,-.958,.136,.94,.278,.2,-.229,.076,.97);es="Linear";ed="In";};};{tm=.717;["Torso"]={tm=.0160;cf=cfr(-.052,-.016,-.333,.163,.915,-.369,-.964,.069,-.256,-.209,.397,.894);es="Linear";ed="In";};["Left Leg"]={tm=.0160;cf=cfr(-.409,.638,.117,.9,.432,.063,-.428,.847,.316,.083,-.311,.947);es="Linear";ed="In";};["Right Leg"]={tm=.0160;cf=cfr(.337,.093,.063,.866,-.122,-.485,.035,.982,-.186,.499,.144,.855);es="Linear";ed="In";};["Left Arm"]={tm=.0160;cf=cfr(.891,-.534,-.197,.572,.637,-.516,-.678,.721,.139,.461,.27,.845);es="Linear";ed="In";};["Right Arm"]={tm=.0160;cf=cfr(.122,-.352,.039,.918,-.374,.136,.375,.927,.018,-.132,.035,.991);es="Linear";ed="In";};["Head"]={tm=.0160;cf=cfr(0,0,0,.254,-.957,.137,.94,.278,.198,-.228,.078,.971);es="Linear";ed="In";};};{tm=.733;["Torso"]={tm=.0170;cf=cfr(-.053,-.016,-.333,.163,.915,-.369,-.964,.068,-.257,-.21,.397,.893);es="Linear";ed="In";};["Left Leg"]={tm=.0170;cf=cfr(-.408,.64,.116,.9,.431,.063,-.428,.847,.316,.083,-.312,.946);es="Linear";ed="In";};["Right Leg"]={tm=.0170;cf=cfr(.338,.092,.063,.866,-.122,-.484,.034,.982,-.186,.498,.145,.855);es="Linear";ed="In";};["Left Arm"]={tm=.0170;cf=cfr(.886,-.532,-.2,.573,.638,-.514,-.677,.723,.141,.462,.267,.846);es="Linear";ed="In";};["Right Arm"]={tm=.0170;cf=cfr(.123,-.355,.039,.917,-.375,.138,.376,.926,.019,-.135,.035,.99);es="Linear";ed="In";};["Head"]={tm=.0170;cf=cfr(0,0,0,.254,-.957,.138,.94,.278,.196,-.226,.08,.971);es="Linear";ed="In";};};{tm=.75;["Torso"]={tm=.0170;cf=cfr(-.054,-.016,-.334,.162,.915,-.369,-.964,.067,-.257,-.21,.397,.893);es="Linear";ed="In";};["Left Leg"]={tm=.0170;cf=cfr(-.407,.642,.115,.9,.43,.063,-.427,.847,.317,.083,-.313,.946);es="Linear";ed="In";};["Right Leg"]={tm=.0170;cf=cfr(.338,.091,.063,.866,-.121,-.484,.033,.982,-.187,.498,.146,.855);es="Linear";ed="In";};["Left Arm"]={tm=.0170;cf=cfr(.882,-.53,-.204,.575,.638,-.512,-.675,.724,.144,.463,.263,.847);es="Linear";ed="In";};["Right Arm"]={tm=.0170;cf=cfr(.124,-.357,.039,.915,-.377,.141,.378,.926,.02,-.139,.035,.99);es="Linear";ed="In";};["Head"]={tm=.0170;cf=cfr(0,0,0,.255,-.957,.139,.941,.279,.194,-.225,.082,.971);es="Linear";ed="In";};};{tm=.767;["Torso"]={tm=.0160;cf=cfr(-.055,-.017,-.334,.162,.915,-.369,-.964,.067,-.257,-.211,.397,.893);es="Linear";ed="In";};["Left Leg"]={tm=.0160;cf=cfr(-.406,.644,.115,.901,.43,.063,-.426,.847,.318,.083,-.313,.946);es="Linear";ed="In";};["Right Leg"]={tm=.0160;cf=cfr(.338,.09,.063,.867,-.121,-.484,.032,.982,-.187,.498,.146,.855);es="Linear";ed="In";};["Left Arm"]={tm=.0160;cf=cfr(.877,-.528,-.207,.576,.638,-.511,-.673,.725,.146,.463,.26,.847);es="Linear";ed="In";};["Right Arm"]={tm=.0160;cf=cfr(.125,-.36,.039,.914,-.378,.144,.379,.925,.022,-.142,.035,.989);es="Linear";ed="In";};["Head"]={tm=.0160;cf=cfr(0,0,0,.255,-.957,.141,.941,.279,.192,-.223,.083,.971);es="Linear";ed="In";};};{tm=.783;["Torso"]={tm=.0170;cf=cfr(-.056,-.017,-.334,.161,.915,-.369,-.964,.066,-.257,-.211,.397,.893);es="Linear";ed="In";};["Left Leg"]={tm=.0170;cf=cfr(-.405,.646,.114,.901,.429,.063,-.426,.847,.318,.083,-.314,.946);es="Linear";ed="In";};["Right Leg"]={tm=.0170;cf=cfr(.339,.089,.063,.867,-.121,-.484,.032,.982,-.187,.498,.147,.855);es="Linear";ed="In";};["Left Arm"]={tm=.0170;cf=cfr(.872,-.526,-.211,.578,.638,-.509,-.671,.726,.149,.464,.256,.848);es="Linear";ed="In";};["Right Arm"]={tm=.0170;cf=cfr(.127,-.363,.039,.913,-.38,.148,.381,.924,.023,-.145,.035,.989);es="Linear";ed="In";};["Head"]={tm=.0170;cf=cfr(0,0,0,.255,-.956,.142,.941,.279,.19,-.222,.085,.971);es="Linear";ed="In";};};{tm=.8;["Torso"]={tm=.0169;cf=cfr(-.057,-.017,-.335,.161,.915,-.369,-.964,.066,-.258,-.211,.397,.893);es="Linear";ed="In";};["Left Leg"]={tm=.0169;cf=cfr(-.404,.647,.113,.901,.428,.063,-.425,.847,.319,.083,-.314,.946);es="Linear";ed="In";};["Right Leg"]={tm=.0169;cf=cfr(.339,.088,.063,.867,-.12,-.484,.031,.982,-.188,.498,.148,.855);es="Linear";ed="In";};["Left Arm"]={tm=.0169;cf=cfr(.866,-.524,-.214,.579,.639,-.507,-.67,.727,.151,.465,.252,.849);es="Linear";ed="In";};["Right Arm"]={tm=.0169;cf=cfr(.128,-.366,.039,.912,-.382,.151,.382,.924,.025,-.149,.035,.988);es="Linear";ed="In";};["Head"]={tm=.0169;cf=cfr(0,0,0,.255,-.956,.143,.942,.28,.188,-.22,.087,.972);es="Linear";ed="In";};};{tm=.817;["Torso"]={tm=.0160;cf=cfr(-.057,-.017,-.335,.161,.915,-.369,-.964,.065,-.258,-.212,.397,.893);es="Linear";ed="In";};["Left Leg"]={tm=.0160;cf=cfr(-.403,.649,.113,.902,.428,.063,-.425,.847,.319,.083,-.315,.946);es="Linear";ed="In";};["Right Leg"]={tm=.0160;cf=cfr(.34,.087,.063,.867,-.12,-.484,.031,.982,-.188,.498,.148,.855);es="Linear";ed="In";};["Left Arm"]={tm=.0160;cf=cfr(.861,-.522,-.218,.581,.639,-.505,-.668,.728,.154,.466,.248,.85);es="Linear";ed="In";};["Right Arm"]={tm=.0160;cf=cfr(.129,-.369,.038,.911,-.383,.154,.384,.923,.026,-.152,.035,.988);es="Linear";ed="In";};["Head"]={tm=.0160;cf=cfr(0,0,0,.255,-.956,.145,.942,.28,.186,-.218,.089,.972);es="Linear";ed="In";};};{tm=.833;["Torso"]={tm=.0170;cf=cfr(-.058,-.018,-.335,.16,.915,-.369,-.964,.065,-.258,-.212,.397,.893);es="Linear";ed="In";};["Left Leg"]={tm=.0170;cf=cfr(-.403,.65,.112,.902,.428,.064,-.424,.847,.319,.083,-.315,.946);es="Linear";ed="In";};["Right Leg"]={tm=.0170;cf=cfr(.34,.087,.063,.867,-.12,-.484,.03,.982,-.188,.498,.148,.855);es="Linear";ed="In";};["Left Arm"]={tm=.0170;cf=cfr(.856,-.52,-.222,.582,.639,-.503,-.666,.73,.156,.467,.244,.85);es="Linear";ed="In";};["Right Arm"]={tm=.0170;cf=cfr(.131,-.372,.038,.909,-.385,.157,.386,.922,.028,-.156,.035,.987);es="Linear";ed="In";};["Head"]={tm=.0170;cf=cfr(0,0,0,.256,-.956,.146,.942,.28,.183,-.216,.091,.972);es="Linear";ed="In";};};{tm=.85;["Torso"]={tm=.0170;cf=cfr(-.059,-.018,-.336,.16,.915,-.369,-.964,.065,-.258,-.212,.397,.893);es="Linear";ed="In";};["Left Leg"]={tm=.0170;cf=cfr(-.402,.651,.112,.902,.427,.064,-.424,.847,.32,.083,-.315,.945);es="Linear";ed="In";};["Right Leg"]={tm=.0170;cf=cfr(.34,.086,.063,.867,-.119,-.484,.03,.982,-.188,.497,.149,.855);es="Linear";ed="In";};["Left Arm"]={tm=.0170;cf=cfr(.85,-.517,-.225,.584,.639,-.501,-.664,.731,.159,.467,.239,.851);es="Linear";ed="In";};["Right Arm"]={tm=.0170;cf=cfr(.132,-.375,.038,.908,-.387,.161,.387,.921,.029,-.16,.036,.987);es="Linear";ed="In";};["Head"]={tm=.0170;cf=cfr(0,0,0,.256,-.955,.148,.943,.28,.181,-.215,.093,.972);es="Linear";ed="In";};};{tm=.867;["Torso"]={tm=.0160;cf=cfr(-.059,-.018,-.336,.16,.916,-.369,-.964,.064,-.258,-.213,.397,.893);es="Linear";ed="In";};["Left Leg"]={tm=.0160;cf=cfr(-.402,.652,.111,.902,.427,.064,-.424,.847,.32,.083,-.315,.945);es="Linear";ed="In";};["Right Leg"]={tm=.0160;cf=cfr(.34,.086,.063,.867,-.119,-.484,.03,.982,-.189,.497,.149,.855);es="Linear";ed="In";};["Left Arm"]={tm=.0160;cf=cfr(.845,-.515,-.229,.585,.639,-.498,-.662,.732,.162,.468,.235,.852);es="Linear";ed="In";};["Right Arm"]={tm=.0160;cf=cfr(.134,-.378,.038,.907,-.389,.164,.389,.921,.031,-.163,.036,.986);es="Linear";ed="In";};["Head"]={tm=.0160;cf=cfr(0,0,0,.256,-.955,.149,.943,.281,.179,-.213,.095,.972);es="Linear";ed="In";};};{tm=.883;["Torso"]={tm=.0170;cf=cfr(-.059,-.018,-.336,.16,.916,-.369,-.964,.064,-.258,-.213,.397,.893);es="Linear";ed="In";};["Left Leg"]={tm=.0170;cf=cfr(-.401,.652,.111,.902,.427,.064,-.423,.848,.32,.083,-.316,.945);es="Linear";ed="In";};["Right Leg"]={tm=.0170;cf=cfr(.341,.085,.063,.867,-.119,-.484,.03,.982,-.189,.497,.149,.855);es="Linear";ed="In";};["Left Arm"]={tm=.0170;cf=cfr(.839,-.513,-.233,.587,.64,-.496,-.66,.733,.164,.469,.231,.852);es="Linear";ed="In";};["Right Arm"]={tm=.0170;cf=cfr(.135,-.381,.038,.905,-.39,.168,.391,.92,.033,-.167,.036,.985);es="Linear";ed="In";};["Head"]={tm=.0170;cf=cfr(0,0,0,.256,-.955,.151,.943,.281,.176,-.211,.097,.973);es="Linear";ed="In";};};{tm=.9;["Torso"]={tm=.0170;cf=cfr(-.059,-.018,-.336,.16,.916,-.369,-.964,.064,-.258,-.213,.397,.893);es="Linear";ed="In";};["Left Leg"]={tm=.0170;cf=cfr(-.401,.653,.111,.902,.427,.064,-.423,.848,.32,.083,-.316,.945);es="Linear";ed="In";};["Right Leg"]={tm=.0170;cf=cfr(.341,.085,.063,.867,-.119,-.484,.029,.982,-.189,.497,.15,.855);es="Linear";ed="In";};["Left Arm"]={tm=.0170;cf=cfr(.834,-.51,-.237,.589,.64,-.494,-.658,.734,.167,.47,.227,.853);es="Linear";ed="In";};["Right Arm"]={tm=.0170;cf=cfr(.137,-.384,.038,.904,-.392,.171,.392,.919,.034,-.171,.036,.985);es="Linear";ed="In";};["Head"]={tm=.0170;cf=cfr(0,0,0,.256,-.954,.152,.944,.281,.174,-.209,.099,.973);es="Linear";ed="In";};};{tm=.917;["Torso"]={tm=.0160;cf=cfr(-.06,-.018,-.336,.16,.916,-.369,-.964,.064,-.258,-.213,.397,.893);es="Linear";ed="In";};["Left Leg"]={tm=.0160;cf=cfr(-.401,.653,.111,.902,.426,.064,-.423,.848,.32,.083,-.316,.945);es="Linear";ed="In";};["Right Leg"]={tm=.0160;cf=cfr(.341,.085,.063,.867,-.119,-.484,.029,.982,-.189,.497,.15,.855);es="Linear";ed="In";};["Left Arm"]={tm=.0160;cf=cfr(.828,-.508,-.241,.59,.64,-.492,-.656,.736,.17,.471,.222,.854);es="Linear";ed="In";};["Right Arm"]={tm=.0160;cf=cfr(.138,-.387,.038,.902,-.394,.175,.394,.918,.036,-.174,.036,.984);es="Linear";ed="In";};["Head"]={tm=.0160;cf=cfr(0,0,0,.257,-.954,.154,.944,.282,.172,-.207,.101,.973);es="Linear";ed="In";};};{tm=.933;["Torso"]={tm=.0169;cf=cfr(-.06,-.018,-.336,.16,.916,-.369,-.964,.064,-.258,-.213,.397,.893);es="Linear";ed="In";};["Left Leg"]={tm=.0169;cf=cfr(-.401,.653,.111,.902,.426,.064,-.423,.848,.32,.083,-.316,.945);es="Linear";ed="In";};["Right Leg"]={tm=.0169;cf=cfr(.341,.085,.063,.867,-.119,-.484,.029,.982,-.189,.497,.15,.855);es="Linear";ed="In";};["Left Arm"]={tm=.0169;cf=cfr(.823,-.506,-.245,.592,.64,-.49,-.654,.737,.173,.471,.218,.854);es="Linear";ed="In";};["Right Arm"]={tm=.0169;cf=cfr(.14,-.39,.037,.901,-.396,.178,.396,.918,.038,-.178,.037,.983);es="Linear";ed="In";};["Head"]={tm=.0169;cf=cfr(0,0,0,.257,-.954,.155,.944,.282,.169,-.205,.103,.973);es="Linear";ed="In";};};{tm=.95;["Torso"]={tm=.0170;cf=cfr(-.06,-.018,-.336,.16,.916,-.369,-.964,.064,-.258,-.213,.397,.893);es="Linear";ed="In";};["Left Leg"]={tm=.0170;cf=cfr(-.401,.653,.111,.902,.426,.064,-.423,.848,.32,.083,-.316,.945);es="Linear";ed="In";};["Right Leg"]={tm=.0170;cf=cfr(.341,.085,.063,.867,-.119,-.484,.029,.982,-.189,.497,.15,.855);es="Linear";ed="In";};["Left Arm"]={tm=.0170;cf=cfr(.817,-.503,-.249,.593,.64,-.488,-.652,.738,.175,.472,.214,.855);es="Linear";ed="In";};["Right Arm"]={tm=.0170;cf=cfr(.141,-.393,.037,.899,-.398,.181,.397,.917,.039,-.182,.037,.983);es="Linear";ed="In";};["Head"]={tm=.0170;cf=cfr(0,0,0,.257,-.954,.157,.945,.282,.167,-.203,.105,.973);es="Linear";ed="In";};};{tm=.967;["Torso"]={tm=.0160;cf=cfr(-.059,-.018,-.336,.16,.916,-.369,-.964,.064,-.258,-.213,.397,.893);es="Linear";ed="In";};["Left Leg"]={tm=.0160;cf=cfr(-.401,.653,.111,.902,.427,.064,-.423,.848,.32,.083,-.316,.945);es="Linear";ed="In";};["Right Leg"]={tm=.0160;cf=cfr(.341,.085,.063,.867,-.119,-.484,.029,.982,-.189,.497,.15,.855);es="Linear";ed="In";};["Left Arm"]={tm=.0160;cf=cfr(.812,-.501,-.252,.595,.64,-.486,-.65,.739,.178,.473,.21,.856);es="Linear";ed="In";};["Right Arm"]={tm=.0160;cf=cfr(.142,-.396,.037,.898,-.399,.185,.399,.916,.041,-.186,.037,.982);es="Linear";ed="In";};["Head"]={tm=.0160;cf=cfr(0,0,0,.257,-.953,.158,.945,.282,.165,-.202,.107,.974);es="Linear";ed="In";};};{tm=.983;["Torso"]={tm=.0170;cf=cfr(-.059,-.018,-.336,.16,.916,-.369,-.964,.064,-.258,-.213,.397,.893);es="Linear";ed="In";};["Left Leg"]={tm=.0170;cf=cfr(-.401,.652,.111,.902,.427,.064,-.423,.848,.32,.083,-.316,.945);es="Linear";ed="In";};["Right Leg"]={tm=.0170;cf=cfr(.341,.085,.063,.867,-.119,-.484,.03,.982,-.189,.497,.149,.855);es="Linear";ed="In";};["Left Arm"]={tm=.0170;cf=cfr(.806,-.499,-.256,.597,.64,-.484,-.648,.74,.181,.474,.205,.856);es="Linear";ed="In";};["Right Arm"]={tm=.0170;cf=cfr(.144,-.399,.037,.896,-.401,.188,.401,.915,.042,-.189,.037,.981);es="Linear";ed="In";};["Head"]={tm=.0170;cf=cfr(0,0,0,.258,-.953,.16,.945,.283,.162,-.2,.109,.974);es="Linear";ed="In";};};{tm=1;["Torso"]={tm=.0169;cf=cfr(-.059,-.018,-.336,.16,.916,-.369,-.964,.064,-.258,-.213,.397,.893);es="Linear";ed="In";};["Left Leg"]={tm=.0169;cf=cfr(-.402,.652,.111,.902,.427,.064,-.424,.847,.32,.083,-.315,.945);es="Linear";ed="In";};["Right Leg"]={tm=.0169;cf=cfr(.34,.086,.063,.867,-.119,-.484,.03,.982,-.189,.497,.149,.855);es="Linear";ed="In";};["Left Arm"]={tm=.0169;cf=cfr(.801,-.496,-.26,.598,.64,-.482,-.646,.741,.183,.474,.201,.857);es="Linear";ed="In";};["Right Arm"]={tm=.0169;cf=cfr(.145,-.402,.037,.895,-.403,.191,.402,.914,.044,-.193,.037,.981);es="Linear";ed="In";};["Head"]={tm=.0169;cf=cfr(0,0,0,.258,-.953,.161,.946,.283,.16,-.198,.111,.974);es="Linear";ed="In";};};{tm=1.017;["Torso"]={tm=.0160;cf=cfr(-.059,-.018,-.336,.16,.915,-.369,-.964,.065,-.258,-.212,.397,.893);es="Linear";ed="In";};["Left Leg"]={tm=.0160;cf=cfr(-.402,.651,.112,.902,.427,.064,-.424,.847,.32,.083,-.315,.945);es="Linear";ed="In";};["Right Leg"]={tm=.0160;cf=cfr(.34,.086,.063,.867,-.119,-.484,.03,.982,-.188,.497,.149,.855);es="Linear";ed="In";};["Left Arm"]={tm=.0160;cf=cfr(.796,-.494,-.264,.6,.641,-.48,-.644,.742,.186,.475,.197,.858);es="Linear";ed="In";};["Right Arm"]={tm=.0160;cf=cfr(.147,-.405,.037,.894,-.405,.195,.404,.914,.046,-.196,.038,.98);es="Linear";ed="In";};["Head"]={tm=.0160;cf=cfr(0,0,0,.258,-.952,.163,.946,.283,.158,-.196,.113,.974);es="Linear";ed="In";};};{tm=1.033;["Torso"]={tm=.0170;cf=cfr(-.058,-.018,-.335,.16,.915,-.369,-.964,.065,-.258,-.212,.397,.893);es="Linear";ed="In";};["Left Leg"]={tm=.0170;cf=cfr(-.403,.65,.112,.902,.428,.064,-.424,.847,.319,.083,-.315,.946);es="Linear";ed="In";};["Right Leg"]={tm=.0170;cf=cfr(.34,.087,.063,.867,-.12,-.484,.03,.982,-.188,.497,.149,.855);es="Linear";ed="In";};["Left Arm"]={tm=.0170;cf=cfr(.79,-.492,-.267,.601,.641,-.478,-.642,.743,.189,.476,.193,.858);es="Linear";ed="In";};["Right Arm"]={tm=.0170;cf=cfr(.148,-.408,.037,.892,-.406,.198,.405,.913,.047,-.2,.038,.979);es="Linear";ed="In";};["Head"]={tm=.0170;cf=cfr(0,0,0,.258,-.952,.164,.946,.283,.155,-.194,.115,.974);es="Linear";ed="In";};};{tm=1.05;["Torso"]={tm=.0169;cf=cfr(-.057,-.017,-.335,.161,.915,-.369,-.964,.065,-.258,-.212,.397,.893);es="Linear";ed="In";};["Left Leg"]={tm=.0169;cf=cfr(-.403,.649,.113,.902,.428,.063,-.425,.847,.319,.083,-.315,.946);es="Linear";ed="In";};["Right Leg"]={tm=.0169;cf=cfr(.34,.087,.063,.867,-.12,-.484,.031,.982,-.188,.498,.148,.855);es="Linear";ed="In";};["Left Arm"]={tm=.0169;cf=cfr(.785,-.49,-.271,.603,.641,-.476,-.64,.744,.191,.476,.189,.859);es="Linear";ed="In";};["Right Arm"]={tm=.0169;cf=cfr(.149,-.411,.037,.891,-.408,.201,.407,.912,.049,-.203,.038,.978);es="Linear";ed="In";};["Head"]={tm=.0169;cf=cfr(0,0,0,.258,-.952,.165,.947,.284,.153,-.193,.117,.974);es="Linear";ed="In";};};{tm=1.067;["Torso"]={tm=.0160;cf=cfr(-.057,-.017,-.335,.161,.915,-.369,-.964,.066,-.258,-.212,.397,.893);es="Linear";ed="In";};["Left Leg"]={tm=.0160;cf=cfr(-.404,.647,.113,.901,.428,.063,-.425,.847,.319,.083,-.314,.946);es="Linear";ed="In";};["Right Leg"]={tm=.0160;cf=cfr(.339,.088,.063,.867,-.12,-.484,.031,.982,-.188,.498,.148,.855);es="Linear";ed="In";};["Left Arm"]={tm=.0160;cf=cfr(.78,-.488,-.274,.604,.641,-.474,-.638,.745,.193,.477,.186,.859);es="Linear";ed="In";};["Right Arm"]={tm=.0160;cf=cfr(.151,-.414,.036,.889,-.409,.204,.408,.912,.05,-.206,.038,.978);es="Linear";ed="In";};["Head"]={tm=.0160;cf=cfr(0,0,0,.259,-.951,.167,.947,.284,.151,-.191,.119,.974);es="Linear";ed="In";};};{tm=1.083;["Torso"]={tm=.0170;cf=cfr(-.056,-.017,-.335,.161,.915,-.369,-.964,.066,-.257,-.211,.397,.893);es="Linear";ed="In";};["Left Leg"]={tm=.0170;cf=cfr(-.405,.646,.114,.901,.429,.063,-.426,.847,.318,.083,-.314,.946);es="Linear";ed="In";};["Right Leg"]={tm=.0170;cf=cfr(.339,.089,.063,.867,-.121,-.484,.032,.982,-.188,.498,.147,.855);es="Linear";ed="In";};["Left Arm"]={tm=.0170;cf=cfr(.776,-.486,-.277,.606,.641,-.472,-.637,.746,.196,.478,.182,.86);es="Linear";ed="In";};["Right Arm"]={tm=.0170;cf=cfr(.152,-.416,.036,.888,-.411,.207,.409,.911,.052,-.21,.039,.977);es="Linear";ed="In";};["Head"]={tm=.0170;cf=cfr(0,0,0,.259,-.951,.168,.947,.284,.149,-.19,.121,.974);es="Linear";ed="In";};};{tm=1.1;["Torso"]={tm=.0169;cf=cfr(-.055,-.017,-.334,.162,.915,-.369,-.964,.067,-.257,-.211,.397,.893);es="Linear";ed="In";};["Left Leg"]={tm=.0169;cf=cfr(-.406,.644,.114,.901,.429,.063,-.426,.847,.318,.083,-.313,.946);es="Linear";ed="In";};["Right Leg"]={tm=.0169;cf=cfr(.339,.09,.063,.867,-.121,-.484,.032,.982,-.187,.498,.147,.855);es="Linear";ed="In";};["Left Arm"]={tm=.0169;cf=cfr(.771,-.484,-.281,.607,.641,-.47,-.635,.747,.198,.478,.178,.86);es="Linear";ed="In";};["Right Arm"]={tm=.0169;cf=cfr(.153,-.419,.036,.887,-.412,.209,.411,.91,.053,-.213,.039,.976);es="Linear";ed="In";};["Head"]={tm=.0169;cf=cfr(0,0,0,.259,-.951,.169,.947,.284,.147,-.188,.122,.975);es="Linear";ed="In";};};{tm=1.117;["Torso"]={tm=.0160;cf=cfr(-.054,-.016,-.334,.162,.915,-.369,-.964,.067,-.257,-.21,.397,.893);es="Linear";ed="In";};["Left Leg"]={tm=.0160;cf=cfr(-.407,.642,.115,.901,.43,.063,-.427,.847,.317,.083,-.313,.946);es="Linear";ed="In";};["Right Leg"]={tm=.0160;cf=cfr(.338,.09,.063,.866,-.121,-.484,.033,.982,-.187,.498,.146,.855);es="Linear";ed="In";};["Left Arm"]={tm=.0160;cf=cfr(.767,-.482,-.284,.608,.641,-.469,-.633,.748,.2,.479,.175,.86);es="Linear";ed="In";};["Right Arm"]={tm=.0160;cf=cfr(.154,-.421,.036,.885,-.414,.212,.412,.91,.055,-.215,.039,.976);es="Linear";ed="In";};["Head"]={tm=.0160;cf=cfr(0,0,0,.259,-.951,.171,.948,.285,.145,-.187,.124,.975);es="Linear";ed="In";};};{tm=1.133;["Torso"]={tm=.0169;cf=cfr(-.053,-.016,-.333,.163,.915,-.369,-.964,.068,-.257,-.21,.397,.893);es="Linear";ed="In";};["Left Leg"]={tm=.0169;cf=cfr(-.408,.64,.116,.9,.431,.063,-.427,.847,.317,.083,-.312,.946);es="Linear";ed="In";};["Right Leg"]={tm=.0169;cf=cfr(.338,.091,.063,.866,-.122,-.484,.034,.982,-.186,.498,.145,.855);es="Linear";ed="In";};["Left Arm"]={tm=.0169;cf=cfr(.763,-.48,-.287,.609,.641,-.467,-.632,.748,.202,.479,.172,.861);es="Linear";ed="In";};["Right Arm"]={tm=.0169;cf=cfr(.155,-.424,.036,.884,-.415,.215,.413,.909,.056,-.218,.039,.975);es="Linear";ed="In";};["Head"]={tm=.0169;cf=cfr(0,0,0,.26,-.95,.172,.948,.285,.143,-.185,.125,.975);es="Linear";ed="In";};};{tm=1.15;["Torso"]={tm=.0170;cf=cfr(-.052,-.016,-.333,.163,.915,-.369,-.964,.069,-.256,-.209,.397,.894);es="Linear";ed="In";};["Left Leg"]={tm=.0170;cf=cfr(-.409,.638,.117,.9,.432,.063,-.428,.847,.316,.083,-.311,.947);es="Linear";ed="In";};["Right Leg"]={tm=.0170;cf=cfr(.337,.093,.063,.866,-.122,-.485,.034,.982,-.186,.499,.145,.855);es="Linear";ed="In";};["Left Arm"]={tm=.0170;cf=cfr(.759,-.479,-.289,.611,.641,-.465,-.63,.749,.204,.48,.169,.861);es="Linear";ed="In";};["Right Arm"]={tm=.0170;cf=cfr(.156,-.426,.036,.883,-.416,.217,.414,.908,.057,-.221,.04,.974);es="Linear";ed="In";};["Head"]={tm=.0170;cf=cfr(0,0,0,.26,-.95,.173,.948,.285,.142,-.184,.127,.975);es="Linear";ed="In";};};{tm=1.1