-- // converted using mech's animoduler
local cfr = CFrame.new

return {{tm=0;["Torso"]={tm=.05;cf=cfr(0,0,0,.836,-.546,.063,.549,.83,-.095,0,.114,.993);es="Linear";ed="In";};["Head"]={tm=.05;cf=cfr(0,0,0,.908,.417,-.05,-.419,.895,-.15,-.017,.157,.987);es="Linear";ed="In";};["Right Arm"]={tm=.1;cf=cfr(-.394,-.13,.003,.949,-.15,-.276,.314,.434,.844,-.007,-.888,.459);es="Linear";ed="In";};["Left Arm"]={tm=.1;cf=cfr(.166,-.04,.046,.939,.305,-.16,-.227,.897,.38,.26,-.32,.911);es="Linear";ed="In";};};{tm=.05;["Torso"]={tm=.05;cf=cfr(0,0,0,.925,-.378,.034,.379,.915,-.136,.021,.139,.99);es="Linear";ed="In";};["Head"]={tm=.05;cf=cfr(0,0,0,.929,.37,-.01,-.368,.919,-.141,-.043,.135,.99);es="Linear";ed="In";};};{tm=.1;["Torso"]={tm=.1;cf=cfr(0,0,0,.91,.415,-.011,-.411,.898,-.158,-.055,.149,.987);es="Linear";ed="In";};["Head"]={tm=.1;cf=cfr(0,0,0,.905,-.426,.022,.425,.898,-.116,.029,.114,.993);es="Linear";ed="In";};["Right Arm"]={tm=.1;cf=cfr(-.688,-.21,-.071,.938,.164,-.305,.254,.272,.928,.236,-.948,.213);es="Linear";ed="In";};["Left Arm"]={tm=.1;cf=cfr(.166,-.04,.046,.939,.33,-.1,-.227,.809,.542,.26,-.486,.834);es="Linear";ed="In";};};{tm=.2;["Torso"]={tm=.0499;cf=cfr(0,0,0,.288,.958,-.011,-.948,.284,-.142,-.133,.052,.99);es="Linear";ed="In";};["Head"]={tm=.1499;cf=cfr(0,0,0,.528,-.849,.022,.845,.522,-.116,.087,.08,.993);es="Linear";ed="In";};["Right Arm"]={tm=.1499;cf=cfr(-.194,-.137,.317,.781,.545,-.305,.116,.354,.928,.614,-.76,.213);es="Linear";ed="In";};["Left Arm"]={tm=.0499;cf=cfr(-.287,-.468,.379,.954,.239,.183,-.22,.137,.966,.206,-.961,.183);es="Linear";ed="In";};};{tm=.25;["Torso"]={tm=.0499;cf=cfr(0,0,0,.095,.992,.083,-.986,.105,-.133,-.14,-.069,.988);es="Linear";ed="In";};["Left Arm"]={tm=.0999;cf=cfr(-.203,-.486,.389,.971,.157,.183,-.207,.155,.966,.123,-.975,.183);es="Linear";ed="In";};};{tm=.3;["Torso"]={tm=.0499;cf=cfr(0,0,0,.117,.988,.103,-.983,.13,-.128,-.14,-.086,.986);es="Linear";ed="In";};};{tm=.35;["Torso"]={tm=.0500;cf=cfr(0,0,0,.234,.965,.122,-.961,.249,-.123,-.149,-.089,.985);es="Linear";ed="In";};["Head"]={tm=.0500;cf=cfr(0,0,0,.534,-.845,.022,.841,.529,-.116,.086,.081,.993);es="Linear";ed="In";};["Right Arm"]={tm=.0500;cf=cfr(-.194,-.137,.317,.943,-.135,-.305,.326,.18,.928,-.07,-.974,.213);es="Linear";ed="In";};["Left Arm"]={tm=.0500;cf=cfr(-.203,-.486,.389,.968,.245,.051,-.089,.148,.985,.234,-.958,.165);es="Linear";ed="In";};};{tm=.4;["Torso"]={tm=.0329;cf=cfr(0,0,0,.976,.094,.194,-.067,.987,-.144,-.205,.128,.97);es="Linear";ed="In";};["Head"]={tm=.0329;cf=cfr(0,0,0,.995,.092,.022,-.089,.989,-.116,-.033,.113,.993);es="Linear";ed="In";};["Right Arm"]={tm=.0329;cf=cfr(-.59,-.144,-.218,.943,-.135,-.305,.326,.18,.928,-.07,-.974,.213);es="Linear";ed="In";};["Left Arm"]={tm=.0329;cf=cfr(.501,-.588,.378,.322,.936,.144,-.224,-.072,.972,.92,-.346,.187);es="Linear";ed="In";};};{tm=.433;["Torso"]={tm=.0499;cf=cfr(0,0,0,.234,-.961,.144,.933,.18,-.313,.275,.208,.939);es="Linear";ed="In";};["Head"]={tm=.0499;cf=cfr(0,0,0,.788,.615,.022,-.609,.785,-.116,-.089,.078,.993);es="Linear";ed="In";};["Right Arm"]={tm=.0499;cf=cfr(.153,.03,.705,.982,.03,-.189,.188,-.336,.923,-.035,-.941,-.335);es="Linear";ed="In";};["Left Arm"]={tm=.0499;cf=cfr(.501,-.588,.378,.354,.924,.144,-.227,-.064,.972,.907,-.377,.187);es="Linear";ed="In";};};{tm=.483;["Torso"]={tm=.0500;cf=cfr(0,0,0,-.333,-.91,.249,.904,-.383,-.19,.268,.162,.95);es="Linear";ed="In";};["Head"]={tm=.0999;cf=cfr(0,0,0,.487,.873,.022,-.866,.486,-.116,-.112,.037,.993);es="Linear";ed="In";};["Right Arm"]={tm=.0999;cf=cfr(.188,-.257,.158,.851,-.482,.209,-.287,-.092,.953,-.441,-.871,-.217);es="Linear";ed="In";};["Left Arm"]={tm=.0999;cf=cfr(.501,-.588,.378,.186,.972,.144,-.212,-.103,.972,.959,-.211,.187);es="Linear";ed="In";};};{tm=.533;["Torso"]={tm=.0499;cf=cfr(0,0,0,-.359,-.91,.207,.919,-.384,-.093,.164,.157,.974);es="Linear";ed="In";};};{tm=.583;["Torso"]={tm=.0500;cf=cfr(0,0,0,-.35,-.921,.171,.935,-.354,.009,.052,.163,.985);es="Linear";ed="In";};["Head"]={tm=.1000;cf=cfr(0,0,0,.724,.689,-.022,-.68,.708,-.193,-.118,.155,.981);es="Linear";ed="In";};["Right Arm"]={tm=.1000;cf=cfr(.358,-.541,-.053,.721,-.689,.076,.164,.277,.947,-.674,-.67,.312);es="Linear";ed="In";};["Left Arm"]={tm=.1000;cf=cfr(.501,-.588,.378,.598,.797,-.084,-.236,.275,.932,.766,-.538,.352);es="Linear";ed="In";};};{tm=.633;["Torso"]={tm=.0500;cf=cfr(0,0,0,-.195,-.976,.095,.981,-.195,.015,.004,.096,.995);es="Linear";ed="In";};};{tm=.683;["Torso"]={tm=.0999;cf=cfr(0,0,0,.213,-.977,.023,.976,.214,.042,-.046,.014,.999);es="Linear";ed="In";};["Head"]={tm=.0999;cf=cfr(0,0,0,.718,.688,-.104,-.696,.706,-.132,-.017,.168,.986);es="Linear";ed="In";};["Right Arm"]={tm=0;cf=cfr(.035,-.575,.13,.528,-.793,.304,.461,.569,.681,-.713,-.219,.666);es="Linear";ed="In";};["Left Arm"]={tm=0;cf=cfr(.437,-.565,.308,.657,.599,-.458,-.243,.743,.624,.714,-.298,.633);es="Linear";ed="In";};};{tm=.783;["Torso"]={tm=0;cf=cfr(0,0,0,.394,-.919,-.029,.919,.393,.042,-.027,-.043,.999);es="Linear";ed="In";};["Head"]={tm=0;cf=cfr(0,0,0,.673,.739,-.041,-.73,.653,-.203,-.123,.166,.978);es="Linear";ed="In";};};}