-- // converted using mech's animoduler
local cfr = CFrame.new

return {{tm=0;["Torso"]={tm=.05;cf=cfr(0,0,0,.234,-.961,.144,.933,.18,-.313,.275,.208,.939);es="Linear";ed="In";};["Head"]={tm=.2;cf=cfr(0,0,0,.788,.615,.022,-.609,.785,-.116,-.089,.078,.993);es="Linear";ed="In";};["Left Leg"]={tm=0;cf=cfr(0,0,0,1,0,0,0,1,0,0,0,1);es="Linear";ed="In";};["Right Arm"]={tm=.1;cf=cfr(-.27,.236,.618,.946,.03,-.322,.313,-.336,.888,-.081,-.941,-.327);es="Linear";ed="In";};["Handle"]={tm=0;cf=cfr(0,0,0,1,0,0,0,1,0,0,0,1);es="Linear";ed="In";};["Right Leg"]={tm=0;cf=cfr(0,0,0,1,0,0,0,1,0,0,0,1);es="Linear";ed="In";};["Left Arm"]={tm=.1;cf=cfr(.501,-.588,.378,.354,.924,.144,-.227,-.064,.972,.907,-.377,.187);es="Linear";ed="In";};};{tm=.05;["Torso"]={tm=.05;cf=cfr(0,-.076,-.017,.015,-.988,.152,.967,-.024,-.252,.253,.151,.956);es="Linear";ed="In";};};{tm=.1;["Torso"]={tm=.1;cf=cfr(0,-.152,-.034,.031,-.999,.009,.98,.028,-.195,.195,.015,.981);es="Linear";ed="In";};["Right Arm"]={tm=.1;cf=cfr(-.27,.236,.618,.888,-.436,.143,-.201,-.089,.975,-.413,-.895,-.167);es="Linear";ed="In";};["Left Arm"]={tm=.0499;cf=cfr(.501,-.588,.378,.244,.924,.295,-.66,-.064,.748,.71,-.377,.594);es="Linear";ed="In";};};{tm=.15;["Left Arm"]={tm=.0500;cf=cfr(.155,-.474,.181,.386,.793,.471,-.714,-.067,.697,.584,-.605,.54);es="Linear";ed="In";};};{tm=.2;["Torso"]={tm=.0499;cf=cfr(0,-.152,-.034,.693,-.716,-.085,.719,.695,.001,.058,-.062,.996);es="Linear";ed="In";};["Head"]={tm=.0499;cf=cfr(0,0,0,.859,.511,.022,-.506,.855,-.116,-.078,.088,.993);es="Linear";ed="In";};["Right Arm"]={tm=.0499;cf=cfr(-.412,-.483,.484,.502,-.818,-.281,.062,-.29,.955,-.862,-.497,-.095);es="Linear";ed="In";};["Left Arm"]={tm=.0499;cf=cfr(-.907,-.265,.182,.338,.748,.572,-.757,-.146,.637,.56,-.648,.517);es="Linear";ed="In";};};{tm=.25;["Torso"]={tm=.0499;cf=cfr(0,-.152,-.034,.988,-.139,-.064,.137,.99,-.03,.067,.021,.997);es="Linear";ed="In";};["Head"]={tm=.0999;cf=cfr(0,0,0,.995,-.092,.022,.094,.989,-.116,-.011,.118,.993);es="Linear";ed="In";};["Right Arm"]={tm=.0499;cf=cfr(.581,-.126,.254,-.13,-.988,-.079,.036,-.084,.996,-.991,.126,.046);es="Linear";ed="In";};["Left Arm"]={tm=.0499;cf=cfr(-.87,-.053,-.39,-.428,.893,-.137,-.792,-.298,.534,.436,.337,.834);es="Linear";ed="In";};};{tm=.3;["Torso"]={tm=.0499;cf=cfr(0,-.152,-.034,.995,.071,-.068,-.07,.997,.022,.069,-.018,.997);es="Linear";ed="In";};["Right Arm"]={tm=.0499;cf=cfr(.726,-.115,.258,.023,-.997,-.079,.048,-.078,.996,-.999,-.026,.046);es="Linear";ed="In";};["Left Arm"]={tm=.0499;cf=cfr(-.87,-.053,-.39,-.197,.98,.004,-.823,-.168,.542,.532,.103,.84);es="Linear";ed="In";};};{tm=.35;["Torso"]={tm=.0500;cf=cfr(0,-.152,-.034,.992,.106,-.069,-.104,.994,.021,.071,-.014,.997);es="Linear";ed="In";};["Head"]={tm=.0500;cf=cfr(0,0,0,.985,-.168,.022,.17,.979,-.116,-.002,.118,.993);es="Linear";ed="In";};["Right Arm"]={tm=.0500;cf=cfr(.775,-.111,.254,-.092,-.993,-.079,.039,-.083,.996,-.995,.088,.046);es="Linear";ed="In";};["Left Arm"]={tm=.1500;cf=cfr(-.87,-.053,-.39,.025,.993,.115,-.773,-.054,.632,.634,-.105,.767);es="Linear";ed="In";};};{tm=.4;["Torso"]={tm=.0499;cf=cfr(0,-.152,-.062,.992,.105,-.07,-.104,.994,.014,.071,-.006,.997);es="Linear";ed="In";};["Head"]={tm=.0999;cf=cfr(0,0,0,.991,-.132,.022,.134,.984,-.116,-.007,.118,.993);es="Linear";ed="In";};["Right Arm"]={tm=.0499;cf=cfr(.733,.014,.238,-.136,-.982,-.134,-.044,-.129,.991,-.99,.141,-.026);es="Linear";ed="In";};};{tm=.45;["Torso"]={tm=.0499;cf=cfr(0,-.152,-.071,.992,.1,-.077,-.104,.993,-.05,.071,.057,.996);es="Linear";ed="In";};["Right Arm"]={tm=.0499;cf=cfr(.69,.139,.222,-.172,-.967,-.189,-.13,-.168,.977,-.977,.192,-.097);es="Linear";ed="In";};};{tm=.5;["Torso"]={tm=.0500;cf=cfr(0,-.269,-.136,.992,.095,-.083,-.104,.987,-.119,.071,.127,.989);es="Linear";ed="In";};["Head"]={tm=.0500;cf=cfr(0,0,0,.987,-.132,.09,.141,.984,-.107,-.075,.118,.99);es="Linear";ed="In";};["Right Arm"]={tm=.0500;cf=cfr(.648,.264,.205,-.05,-.969,-.24,-.186,-.227,.956,-.981,.092,-.169);es="Linear";ed="In";};["Left Arm"]={tm=.0500;cf=cfr(-.61,-.074,-.412,-.126,.985,.115,-.756,-.171,.632,.642,-.007,.767);es="Linear";ed="In";};};{tm=.55;["Torso"]={tm=.0999;cf=cfr(0,-.269,-.136,.999,.002,-.044,-.003,1,-.018,.044,.018,.999);es="Linear";ed="In";};["Head"]={tm=.0999;cf=cfr(0,0,0,.995,-.032,.093,.049,.983,-.178,-.085,.182,.98);es="Linear";ed="In";};["Right Arm"]={tm=.0999;cf=cfr(.999,.043,.224,.002,-.994,-.11,-.032,-.11,.993,-.999,.002,-.032);es="Linear";ed="In";};["Left Arm"]={tm=.0999;cf=cfr(-.784,-.047,-.413,-.117,.989,.089,-.717,-.146,.682,.687,.016,.726);es="Linear";ed="In";};};{tm=.65;["Torso"]={tm=.0499;cf=cfr(0,-.269,-.136,.998,-.053,-.045,.053,.999,.008,.045,-.01,.999);es="Linear";ed="In";};["Head"]={tm=.2999;cf=cfr(0,0,0,.994,.106,.031,-.099,.98,-.173,-.048,.168,.985);es="Linear";ed="In";};["Right Arm"]={tm=.0499;cf=cfr(.891,.035,.336,-.01,-.998,-.066,-.034,-.066,.997,-.999,.012,-.033);es="Linear";ed="In";};["Left Arm"]={tm=.0999;cf=cfr(-.772,-.046,-.411,-.103,.994,.034,-.629,-.092,.772,.77,.059,.635);es="Linear";ed="In";};};{tm=.7;["Torso"]={tm=.0500;cf=cfr(-.001,-.274,-.165,.998,-.054,-.044,.053,.998,-.022,.045,.019,.999);es="Linear";ed="In";};["Right Arm"]={tm=.0500;cf=cfr(.876,.128,.469,-.033,-.987,-.156,.038,-.157,.987,-.999,.026,.042);es="Linear";ed="In";};};{tm=.75;["Torso"]={tm=.0500;cf=cfr(0,-.328,-.195,.998,-.054,-.043,.053,.998,-.029,.045,.026,.999);es="Linear";ed="In";};["Right Arm"]={tm=.0500;cf=cfr(.752,.212,.517,-.125,-.989,-.075,.055,-.083,.995,-.991,.12,.065);es="Linear";ed="In";};["Left Arm"]={tm=.0500;cf=cfr(-.78,-.064,-.388,-.153,.988,.031,-.624,-.121,.772,.766,.099,.635);es="Linear";ed="In";};};{tm=.8;["Torso"]={tm=.0999;cf=cfr(0,-.328,-.195,.998,-.057,-.039,.053,.994,-.099,.045,.097,.994);es="Linear";ed="In";};["Right Arm"]={tm=.0999;cf=cfr(1.029,.185,.432,-.007,-.988,-.152,-.033,-.152,.988,-.999,.012,-.031);es="Linear";ed="In";};["Left Arm"]={tm=.0999;cf=cfr(-1.039,-.025,-.41,-.146,.985,.089,-.477,-.149,.866,.867,.084,.492);es="Linear";ed="In";};};{tm=.9;["Torso"]={tm=.0499;cf=cfr(0,-.328,-.195,.991,-.052,-.126,.055,.998,.023,.124,-.03,.992);es="Linear";ed="In";};["Right Arm"]={tm=.0499;cf=cfr(.856,.158,.442,-.007,-1,-.005,.041,-.005,.999,-.999,.007,.041);es="Linear";ed="In";};["Left Arm"]={tm=.0499;cf=cfr(-1.016,-.198,-.431,-.239,.968,.07,-.531,-.191,.826,.813,.161,.56);es="Linear";ed="In";};};{tm=.95;["Torso"]={tm=.0500;cf=cfr(0,-.328,-.195,.997,-.01,-.07,.012,1,.028,.07,-.029,.997);es="Linear";ed="In";};["Head"]={tm=.1000;cf=cfr(0,0,0,.999,-.033,.011,.035,.937,-.348,.001,.349,.937);es="Linear";ed="In";};["Right Arm"]={tm=.0500;cf=cfr(.951,-.069,.365,-.084,-.99,-.111,.131,-.121,.984,-.988,.068,.14);es="Linear";ed="In";};["Left Arm"]={tm=.0500;cf=cfr(-.942,-.178,-.321,-.332,.942,-.035,-.431,-.119,.894,.839,.312,.446);es="Linear";ed="In";};};{tm=1;["Torso"]={tm=.0500;cf=cfr(0,-.328,-.195,.939,.345,-.015,-.344,.939,.021,.022,-.014,1);es="Linear";ed="In";};["Right Arm"]={tm=.0500;cf=cfr(.977,-.099,.235,-.304,-.953,-.01,.213,-.079,.974,-.929,.294,.226);es="Linear";ed="In";};["Left Arm"]={tm=.0500;cf=cfr(-.738,-.164,-.146,-.264,.963,.059,-.451,-.177,.875,.853,.204,.481);es="Linear";ed="In";};};{tm=1.05;["Torso"]={tm=.0500;cf=cfr(0,-.328,-.195,.762,.645,.056,-.647,.755,.104,.025,-.115,.993);es="Linear";ed="In";};["Head"]={tm=.0999;cf=cfr(0,0,0,.981,-.129,.146,.19,.797,-.574,-.042,.591,.806);es="Linear";ed="In";};["Right Arm"]={tm=.1999;cf=cfr(-.34,-.55,.244,.846,-.391,-.362,.512,.41,.755,-.146,-.824,.547);es="Linear";ed="In";};["Left Arm"]={tm=.0999;cf=cfr(-.738,-.164,-.146,-.264,.963,.059,-.451,-.177,.875,.853,.204,.481);es="Linear";ed="In";};};{tm=1.1;["Torso"]={tm=.0499;cf=cfr(0,-.328,-.195,.465,.882,-.071,-.884,.467,.013,.045,.057,.997);es="Linear";ed="In";};};{tm=1.15;["Torso"]={tm=.0500;cf=cfr(0,-.328,-.195,.414,.908,-.067,-.91,.415,.01,.037,.057,.998);es="Linear";ed="In";};["Head"]={tm=.1000;cf=cfr(0,0,0,.821,-.471,.321,.57,.676,-.467,.003,.567,.824);es="Linear";ed="In";};["Left Arm"]={tm=.0500;cf=cfr(-.361,-.268,.321,.01,.994,.11,-.142,-.107,.984,.99,-.025,.141);es="Linear";ed="In";};};{tm=1.2;["Torso"]={tm=.0500;cf=cfr(0,-.328,-.195,.415,.91,.005,-.906,.413,-.094,-.088,.035,.996);es="Linear";ed="In";};["Left Arm"]={tm=.0500;cf=cfr(-.329,-.251,.605,-.19,.98,.06,.077,-.046,.996,.979,.194,-.066);es="Linear";ed="In";};};{tm=1.25;["Torso"]={tm=.0500;cf=cfr(0,-.328,-.195,.714,.691,.109,-.627,.701,-.34,-.311,.174,.934);es="Linear";ed="In";};["Head"]={tm=.0500;cf=cfr(0,0,0,.821,-.569,-.036,.57,.82,.047,.003,-.059,.998);es="Linear";ed="In";};["Right Arm"]={tm=.3000;cf=cfr(-.109,-.546,.34,.924,.127,-.36,.018,.928,.373,.382,-.351,.855);es="Linear";ed="In";};["Left Arm"]={tm=.0500;cf=cfr(-.908,.321,.264,-.194,.974,.117,.367,-.039,.929,.91,.223,-.35);es="Linear";ed="In";};};{tm=1.3;["Torso"]={tm=.0500;cf=cfr(0,-.328,-.195,.813,.583,.009,-.574,.802,-.164,-.103,.129,.986);es="Linear";ed="In";};["Head"]={tm=.0500;cf=cfr(0,0,0,.876,-.48,-.036,.482,.875,.047,.009,-.059,.998);es="Linear";ed="In";};["Left Arm"]={tm=.0500;cf=cfr(-.57,.038,.487,.69,.716,-.104,.267,-.118,.956,.673,-.688,-.273);es="Linear";ed="In";};};{tm=1.35;["Torso"]={tm=.0499;cf=cfr(0,-.328,-.195,.998,.021,.055,-.015,.995,-.096,-.057,.095,.994);es="Linear";ed="In";};["Head"]={tm=.0499;cf=cfr(0,0,0,.997,-.077,-.013,.077,.997,-.02,.014,.019,1);es="Linear";ed="In";};["Left Arm"]={tm=.0999;cf=cfr(-.126,-.111,.458,.968,-.137,-.211,.21,-.019,.977,-.138,-.99,.01);es="Linear";ed="In";};};{tm=1.4;["Torso"]={tm=.0500;cf=cfr(0,-.328,-.195,.996,-.024,.082,.025,1,-.017,-.082,.019,.996);es="Linear";ed="In";};["Head"]={tm=.0500;cf=cfr(0,0,0,.996,-.089,-.001,.089,.992,-.09,.009,.09,.996);es="Linear";ed="In";};};{tm=1.45;["Torso"]={tm=.1000;cf=cfr(0,-.328,-.195,.981,.155,.114,-.162,.985,.06,-.103,-.078,.992);es="Linear";ed="In";};["Head"]={tm=0;cf=cfr(0,0,0,.968,-.251,.017,.25,.955,-.159,.023,.158,.987);es="Linear";ed="In";};["Left Arm"]={tm=.1000;cf=cfr(.319,-.261,.43,.804,.499,.324,-.37,-.008,.929,.466,-.867,.178);es="Linear";ed="In";};};{tm=1.55;["Torso"]={tm=0;cf=cfr(0,-.328,-.195,.927,.376,.004,-.376,.927,.015,.002,-.015,1);es="Linear";ed="In";};["Right Arm"]={tm=0;cf=cfr(.053,-.335,-.064,.924,.035,-.38,.018,.991,.135,.382,-.131,.915);es="Linear";ed="In";};["Left Arm"]={tm=0;cf=cfr(.06,-.325,.243,.804,.594,-.031,-.37,.54,.756,.466,-.596,.654);es="Linear";ed="In";};};}