-- // converted using mech's animoduler
local cfr = CFrame.new

return {{tm=0;["Torso"]={tm=.05;cf=cfr(-.241,-.481,0,.989,-.123,-.079,.122,.992,-.01,.079,0,.997);es="Linear";ed="In";};["Head"]={tm=.1;cf=cfr(0,0,0,.986,0,.167,0,1,0,-.167,0,.986);es="Linear";ed="In";};["Left Leg"]={tm=.1;cf=cfr(-.252,0,.047,.983,0,.185,0,1,0,-.185,0,.983);es="Linear";ed="In";};["Right Arm"]={tm=.3;cf=cfr(0,0,0,.936,-.351,0,.269,.717,.643,-.226,-.602,.766);es="Linear";ed="In";};["Right Leg"]={tm=.05;cf=cfr(.793,.429,.105,.998,-.04,-.054,.051,.973,.223,.044,-.226,.973);es="Linear";ed="In";};["Left Arm"]={tm=.2;cf=cfr(0,0,0,.906,.423,0,-.35,.748,.564,.239,-.511,.826);es="Linear";ed="In";};};{tm=.05;["Torso"]={tm=.05;cf=cfr(-.862,-.849,-.219,.977,.04,-.208,-.085,.973,-.215,.194,.228,.954);es="Linear";ed="In";};["Right Leg"]={tm=.05;cf=cfr(.793,.429,.105,.956,-.281,-.087,.294,.897,.33,-.014,-.341,.94);es="Linear";ed="In";};};{tm=.1;["Torso"]={tm=.1;cf=cfr(-.733,-.898,-.246,.944,-.025,-.328,-.042,.979,-.198,.326,.201,.924);es="Linear";ed="In";};["Head"]={tm=.1;cf=cfr(0,0,0,.986,0,.167,0,1,0,-.167,0,.986);es="Linear";ed="In";};["Left Leg"]={tm=.1;cf=cfr(-.252,0,.047,.983,.013,.185,-.014,1,0,-.185,-.003,.983);es="Linear";ed="In";};["Right Leg"]={tm=.1;cf=cfr(.783,.477,.066,.974,-.227,-.004,.179,.757,.628,-.14,-.612,.778);es="Linear";ed="In";};};{tm=.2;["Torso"]={tm=.0499;cf=cfr(-.413,-1.58,-.038,.99,.003,.142,.053,.919,-.39,-.132,.394,.91);es="Linear";ed="In";};["Head"]={tm=.0499;cf=cfr(0,0,0,.986,-.067,.153,0,.917,.399,-.167,-.393,.904);es="Linear";ed="In";};["Left Leg"]={tm=.0499;cf=cfr(-.253,-.038,.066,.84,-.098,.534,-.182,.876,.447,-.512,-.472,.718);es="Linear";ed="In";};["Right Leg"]={tm=.0499;cf=cfr(.511,.025,.133,.955,-.277,.103,.259,.953,.161,-.143,-.127,.982);es="Linear";ed="In";};["Left Arm"]={tm=.0999;cf=cfr(0,0,0,.576,.818,0,-.675,.475,.564,.461,-.325,.826);es="Linear";ed="In";};};{tm=.25;["Torso"]={tm=.0499;cf=cfr(-.409,-1.66,-.041,.99,-.047,.134,.053,.998,-.038,-.132,.045,.99);es="Linear";ed="In";};["Head"]={tm=.0499;cf=cfr(0,0,0,.986,-.003,.167,0,1,.021,-.167,-.02,.986);es="Linear";ed="In";};["Left Leg"]={tm=.0499;cf=cfr(-.11,-.218,.114,.592,-.61,.526,.087,.697,.712,-.801,-.376,.466);es="Linear";ed="In";};["Right Leg"]={tm=.0499;cf=cfr(.145,-.101,.192,.993,.115,-.025,-.109,.98,.164,.044,-.16,.986);es="Linear";ed="In";};};{tm=.3;["Torso"]={tm=.0499;cf=cfr(.137,-1.634,-.045,.999,-.047,.008,.048,.998,-.044,-.006,.045,.999);es="Linear";ed="In";};["Head"]={tm=.1000;cf=cfr(0,0,0,.986,-.016,.166,0,.995,.097,-.167,-.095,.981);es="Linear";ed="In";};["Left Leg"]={tm=.1500;cf=cfr(-.128,-.214,.062,.694,-.578,.43,.504,.816,.283,-.514,.02,.858);es="Linear";ed="In";};["Right Arm"]={tm=.2;cf=cfr(.028,-.631,-.004,-.685,-.653,-.322,.519,-.748,.413,-.511,.116,.852);es="Linear";ed="In";};["Right Leg"]={tm=.1000;cf=cfr(.243,-.092,.226,.942,.067,-.328,.085,.9,.428,.324,-.431,.842);es="Linear";ed="In";};["Left Arm"]={tm=.2;cf=cfr(-.332,-.436,.216,-.564,.79,.239,-.74,-.612,.279,.367,-.02,.93);es="Linear";ed="In";};};{tm=.35;["Torso"]={tm=.0500;cf=cfr(.15,-1.633,-.043,.996,-.047,-.081,.043,.998,-.048,.083,.045,.996);es="Linear";ed="In";};};{tm=.4;["Torso"]={tm=.0499;cf=cfr(.15,-1.633,-.043,.996,-.047,-.081,.043,.998,-.048,.083,.045,.996);es="Linear";ed="In";};["Head"]={tm=.0499;cf=cfr(0,0,0,.986,-.009,.167,0,.999,.053,-.167,-.052,.985);es="Linear";ed="In";};["Right Leg"]={tm=.0499;cf=cfr(.243,-.092,.226,.958,.044,-.283,.121,.833,.539,.26,-.551,.793);es="Linear";ed="In";};};{tm=.45;["Torso"]={tm=.0499;cf=cfr(.152,-1.632,-.07,.996,-.046,-.082,.043,.998,-.037,.083,.033,.996);es="Linear";ed="In";};["Head"]={tm=.0499;cf=cfr(0,0,0,.986,-.003,.167,0,1,.016,-.167,-.016,.986);es="Linear";ed="In";};["Left Leg"]={tm=.0499;cf=cfr(-.128,-.214,.062,.666,-.61,.43,.542,.791,.283,-.512,.045,.858);es="Linear";ed="In";};["Right Leg"]={tm=.0499;cf=cfr(.243,-.092,.226,.966,.049,-.254,.115,.799,.591,.232,-.6,.766);es="Linear";ed="In";};};{tm=.5;["Torso"]={tm=.1500;cf=cfr(.154,-1.695,-.069,.996,-.026,-.09,.043,.98,.193,.083,-.196,.977);es="Linear";ed="In";};["Head"]={tm=.1500;cf=cfr(0,0,0,.986,-.013,.167,0,.997,.077,-.167,-.076,.983);es="Linear";ed="In";};["Left Leg"]={tm=.4170;cf=cfr(.117,-.267,.003,.486,-.822,.295,.728,.568,.384,-.484,.028,.875);es="Linear";ed="In";};["Right Arm"]={tm=.25;cf=cfr(.177,-.721,.048,-.821,-.549,-.156,.495,-.821,.283,-.283,.155,.946);es="Linear";ed="In";};["Right Leg"]={tm=.1500;cf=cfr(.243,-.092,.226,.89,.403,-.213,-.187,.749,.635,.415,-.526,.742);es="Linear";ed="In";};["Left Arm"]={tm=.2329;cf=cfr(-.249,-.53,.232,-.729,.659,.186,-.589,-.742,.319,.349,.123,.929);es="Linear";ed="In";};};{tm=.65;["Torso"]={tm=.0999;cf=cfr(.154,-1.695,-.069,.996,-.029,-.089,.043,.985,.168,.083,-.171,.982);es="Linear";ed="In";};["Head"]={tm=.0999;cf=cfr(0,0,0,.986,-.002,.167,0,1,.011,-.167,-.011,.986);es="Linear";ed="In";};["Right Leg"]={tm=.0829;cf=cfr(.243,-.092,.226,.892,.342,-.296,-.078,.76,.645,.446,-.552,.704);es="Linear";ed="In";};};{tm=.733;["Right Leg"]={tm=.0670;cf=cfr(.243,-.092,.226,.877,.342,-.337,-.048,.76,.648,.478,-.552,.683);es="Linear";ed="In";};["Left Arm"]={tm=.0670;cf=cfr(-.249,-.53,.232,-.729,.659,.186,-.589,-.742,.319,.349,.123,.929);es="Linear";ed="In";};};{tm=.75;["Torso"]={tm=.0500;cf=cfr(.156,-1.736,-.063,.996,-.032,-.088,.043,.991,.13,.083,-.133,.988);es="Linear";ed="In";};["Head"]={tm=.0500;cf=cfr(0,0,0,.986,.003,.167,0,1,-.02,-.167,.019,.986);es="Linear";ed="In";};["Right Arm"]={tm=.1999;cf=cfr(.177,-.721,.048,-.864,-.479,-.156,.425,-.86,.283,-.27,.178,.946);es="Linear";ed="In";};};{tm=.8;["Torso"]={tm=.0999;cf=cfr(.153,-1.55,-.131,.996,-.028,-.09,.043,.984,.175,.083,-.179,.98);es="Linear";ed="In";};["Head"]={tm=.1169;cf=cfr(0,0,0,.986,-.05,.159,0,.954,.301,-.167,-.297,.94);es="Linear";ed="In";};["Right Leg"]={tm=.1169;cf=cfr(.243,-.092,.226,.892,.302,-.337,-.013,.762,.648,.452,-.573,.683);es="Linear";ed="In";};["Left Arm"]={tm=.1499;cf=cfr(-.249,-.53,.232,-.225,.765,.604,-.837,-.469,.283,.499,-.442,.745);es="Linear";ed="In";};};{tm=.9;["Torso"]={tm=.0499;cf=cfr(.326,-1.659,-.085,1,-.029,-.008,.03,.995,.093,.006,-.093,.996);es="Linear";ed="In";};};{tm=.917;["Head"]={tm=.0499;cf=cfr(0,0,0,.986,-.061,.156,0,.931,.364,-.167,-.359,.918);es="Linear";ed="In";};["Left Leg"]={tm=.0829;cf=cfr(.013,-.165,-.007,.637,-.69,.344,.604,.724,.335,-.48,-.005,.877);es="Linear";ed="In";};["Right Leg"]={tm=.0499;cf=cfr(.243,-.092,.226,.906,.205,-.37,.039,.83,.556,.421,-.518,.745);es="Linear";ed="In";};};{tm=.95;["Torso"]={tm=.0500;cf=cfr(.326,-1.659,-.085,.994,.087,.059,-.092,.991,.095,-.051,-.1,.994);es="Linear";ed="In";};["Right Arm"]={tm=.1670;cf=cfr(.177,-.721,.048,-.335,-.929,-.156,.886,-.367,.283,-.32,-.043,.946);es="Linear";ed="In";};["Left Arm"]={tm=.3000;cf=cfr(-.249,-.53,.232,.182,.961,.207,-.866,.057,.497,.466,-.27,.843);es="Linear";ed="In";};};{tm=.967;["Head"]={tm=.0330;cf=cfr(0,0,0,.998,-.061,.006,.055,.931,.36,-.028,-.359,.933);es="Linear";ed="In";};["Right Leg"]={tm=.0330;cf=cfr(.243,-.092,.226,.925,.049,-.377,.144,.873,.465,.352,-.485,.801);es="Linear";ed="In";};};{tm=1;["Torso"]={tm=.0500;cf=cfr(.529,-1.717,-.111,.955,.274,.114,-.272,.962,-.035,-.119,.003,.993);es="Linear";ed="In";};["Head"]={tm=.0500;cf=cfr(0,0,0,.991,-.056,-.124,.1,.918,.384,.092,-.392,.915);es="Linear";ed="In";};["Left Leg"]={tm=.1000;cf=cfr(.013,-.165,-.007,.637,-.647,.419,.604,.757,.251,-.48,.093,.872);es="Linear";ed="In";};["Right Leg"]={tm=.1000;cf=cfr(.243,-.092,.226,.901,-.252,-.354,.385,.839,.384,.2,-.482,.853);es="Linear";ed="In";};};{tm=1.05;["Torso"]={tm=.0500;cf=cfr(1.047,-1.893,-.201,.944,.238,.228,-.229,.971,-.068,-.238,.012,.971);es="Linear";ed="In";};["Head"]={tm=.0999;cf=cfr(0,0,0,.841,.452,.298,-.471,.882,-.011,-.267,-.131,.955);es="Linear";ed="In";};};{tm=1.1;["Torso"]={tm=.0499;cf=cfr(1.528,-2.028,-.366,.786,.564,.254,-.513,.824,-.242,-.346,.06,.936);es="Linear";ed="In";};["Left Leg"]={tm=.0999;cf=cfr(.06,-.195,.163,.802,-.537,.263,.585,.794,-.165,-.12,.287,.95);es="Linear";ed="In";};["Right Leg"]={tm=.0999;cf=cfr(.243,-.092,.226,.737,-.577,-.354,.676,.629,.384,.001,-.522,.853);es="Linear";ed="In";};};{tm=1.117;["Right Arm"]={tm=.133;cf=cfr(.177,-.721,.048,-.158,-.863,-.48,.919,-.306,.249,-.362,-.402,.841);es="Linear";ed="In";};};{tm=1.15;["Torso"]={tm=.0500;cf=cfr(1.592,-2.111,-.412,.771,.62,.147,-.575,.776,-.258,-.274,.114,.955);es="Linear";ed="In";};["Head"]={tm=.0500;cf=cfr(0,0,0,.895,.306,.323,-.056,.797,-.601,-.442,.52,.731);es="Linear";ed="In";};};{tm=1.2;["Torso"]={tm=.0500;cf=cfr(1.304,-1.925,-.384,.739,.661,-.133,-.674,.729,-.123,.016,.181,.983);es="Linear";ed="In";};["Head"]={tm=.0500;cf=cfr(0,0,0,.901,.147,.408,.04,.908,-.417,-.432,.392,.812);es="Linear";ed="In";};["Left Leg"]={tm=.0500;cf=cfr(-.263,.282,.335,.942,-.207,.263,.255,.953,-.165,-.217,.223,.95);es="Linear";ed="In";};["Right Leg"]={tm=.0500;cf=cfr(.396,.153,.099,.883,-.302,-.36,.446,.78,.439,.149,-.548,.823);es="Linear";ed="In";};};{tm=1.25;["Torso"]={tm=.0500;cf=cfr(1.121,-1.851,-.275,.585,.809,-.058,-.768,.576,.281,.261,-.12,.958);es="Linear";ed="In";};["Head"]={tm=.0500;cf=cfr(0,0,0,.529,-.2,.825,.644,.728,-.236,-.553,.656,.514);es="Linear";ed="In";};["Left Leg"]={tm=.0500;cf=cfr(-.263,.282,.335,.96,-.099,.263,.146,.975,-.165,-.241,.197,.95);es="Linear";ed="In";};["Right Arm"]={tm=0;cf=cfr(.286,-.518,-.115,.385,-.923,-.009,.719,.294,.629,-.578,-.249,.777);es="Linear";ed="In";};["Right Leg"]={tm=.0500;cf=cfr(.426,.252,.028,.917,-.08,-.39,.321,.728,.606,.236,-.681,.693);es="Linear";ed="In";};["Left Arm"]={tm=0;cf=cfr(-.249,-.53,.232,.944,.258,.207,-.328,.803,.497,-.038,-.537,.843);es="Linear";ed="In";};};{tm=1.3;["Torso"]={tm=0;cf=cfr(-.036,-.124,-.49,.953,.297,.053,-.299,.909,.292,.038,-.294,.955);es="Linear";ed="In";};["Head"]={tm=0;cf=cfr(0,0,0,.964,0,.267,.158,.805,-.572,-.215,.594,.776);es="Linear";ed="In";};["Left Leg"]={tm=0;cf=cfr(-.263,.282,.335,.891,.299,.343,-.379,.904,.196,-.252,-.305,.919);es="Linear";ed="In";};["Right Leg"]={tm=0;cf=cfr(.426,.252,.028,.917,-.322,-.235,.321,.946,-.041,.236,-.038,.971);es="Linear";ed="In";};};}