-- // converted using mech's animoduler
local cfr = CFrame.new

return {{tm=0;["HumanoidRootPart"]={tm=.033;cf=cfr(0,0,0,1,0,0,0,1,0,0,0,1);es="Linear";ed="In";};["Torso"]={tm=.033;cf=cfr(-.036,-.241,-.171,.983,.174,-.052,-.181,.967,-.182,.018,.188,.982);es="Linear";ed="In";};["Left Leg"]={tm=.033;cf=cfr(-.341,.218,.165,.891,-.177,.418,.218,.975,-.051,-.399,.136,.907);es="Linear";ed="In";};["Right Arm"]={tm=.033;cf=cfr(-.198,-.37,.055,.302,-.953,.012,.908,.291,.301,-.29,-.08,.954);es="Linear";ed="In";};["Head"]={tm=.033;cf=cfr(0,0,0,.999,-.031,.031,.034,.991,-.128,-.027,.129,.991);es="Linear";ed="In";};["Left Arm"]={tm=.033;cf=cfr(.356,-.606,-.095,.114,.964,.241,-.948,.033,.318,.298,-.264,.917);es="Linear";ed="In";};["Right Leg"]={tm=.033;cf=cfr(.506,.284,.023,.989,.097,-.108,-.096,.995,.023,.11,-.012,.994);es="Linear";ed="In";};};{tm=.033;["HumanoidRootPart"]={tm=.034;cf=cfr(0,0,0,1,0,0,0,1,0,0,0,1);es="Linear";ed="In";};["Torso"]={tm=.034;cf=cfr(-.025,-.159,-.149,.995,.093,-.035,-.095,.994,-.061,.029,.064,.998);es="Linear";ed="In";};["Left Leg"]={tm=.034;cf=cfr(-.6,.192,.108,.73,-.542,.416,.538,.831,.14,-.422,.121,.899);es="Linear";ed="In";};["Right Arm"]={tm=.034;cf=cfr(-.399,-.588,.026,.373,-.926,.057,.771,.343,.536,-.516,-.156,.842);es="Linear";ed="In";};["Head"]={tm=.034;cf=cfr(0,0,0,1,-.016,.017,.021,.951,-.31,-.011,.31,.951);es="Linear";ed="In";};["Left Arm"]={tm=.034;cf=cfr(.331,-.636,-.007,.295,.955,.028,-.857,.252,.45,.423,-.157,.893);es="Linear";ed="In";};["Right Leg"]={tm=.034;cf=cfr(.435,.237,.044,.958,.249,-.144,-.245,.968,.049,.152,-.012,.988);es="Linear";ed="In";};};{tm=.067;["HumanoidRootPart"]={tm=.033;cf=cfr(0,0,0,1,0,0,0,1,0,0,0,1);es="Linear";ed="In";};["Torso"]={tm=.033;cf=cfr(-.022,.002,-.13,.997,-.065,-.031,.069,.983,.171,.019,-.173,.985);es="Linear";ed="In";};["Left Leg"]={tm=.033;cf=cfr(-.818,.055,.024,.407,-.898,.169,.838,.44,.321,-.363,.011,.932);es="Linear";ed="In";};["Right Arm"]={tm=.033;cf=cfr(-.496,-.668,-.028,.504,-.855,.126,.638,.467,.613,-.583,-.228,.78);es="Linear";ed="In";};["Head"]={tm=.033;cf=cfr(0,0,0,1,.001,-.015,-.007,.897,-.443,.013,.443,.896);es="Linear";ed="In";};["Left Arm"]={tm=.033;cf=cfr(.284,-.646,.156,.557,.768,-.318,-.594,.635,.493,.58,-.086,.81);es="Linear";ed="In";};["Right Leg"]={tm=.033;cf=cfr(.306,.153,.045,.827,.522,-.208,-.511,.853,.105,.233,.019,.972);es="Linear";ed="In";};};{tm=.1;["HumanoidRootPart"]={tm=.033;cf=cfr(0,0,0,1,0,0,0,1,0,0,0,1);es="Linear";ed="In";};["Torso"]={tm=.033;cf=cfr(-.031,.086,-.114,.987,-.153,-.044,.159,.944,.29,-.003,-.293,.956);es="Linear";ed="In";};["Left Leg"]={tm=.033;cf=cfr(-.923,-.086,-.016,.224,-.975,-.013,.936,.211,.283,-.273,-.075,.959);es="Linear";ed="In";};["Right Arm"]={tm=.033;cf=cfr(-.521,-.679,-.057,.572,-.805,.158,.571,.529,.627,-.588,-.269,.763);es="Linear";ed="In";};["Head"]={tm=.033;cf=cfr(0,0,0,.999,.008,-.032,-.023,.869,-.494,.024,.494,.869);es="Linear";ed="In";};["Left Arm"]={tm=.033;cf=cfr(.258,-.648,.244,.635,.601,-.486,-.421,.796,.435,.648,-.071,.758);es="Linear";ed="In";};["Right Leg"]={tm=.033;cf=cfr(.237,.105,.041,.723,.647,-.241,-.637,.76,.13,.267,.06,.962);es="Linear";ed="In";};};{tm=.133;["HumanoidRootPart"]={tm=.034;cf=cfr(0,0,0,1,0,0,0,1,0,0,0,1);es="Linear";ed="In";};["Torso"]={tm=.034;cf=cfr(-.032,.083,-.078,.986,-.161,-.046,.167,.944,.285,-.003,-.288,.958);es="Linear";ed="In";};["Left Leg"]={tm=.034;cf=cfr(-.923,-.09,-.015,.241,-.97,-.013,.934,.228,.275,-.264,-.078,.961);es="Linear";ed="In";};["Right Arm"]={tm=.034;cf=cfr(-.521,-.679,-.057,.564,-.815,.131,.572,.5,.65,-.595,-.292,.749);es="Linear";ed="In";};["Head"]={tm=.034;cf=cfr(0,0,0,1,.009,-.03,-.022,.875,-.483,.022,.484,.875);es="Linear";ed="In";};["Left Arm"]={tm=.034;cf=cfr(.258,-.648,.244,.622,.619,-.479,-.456,.784,.421,.636,-.044,.77);es="Linear";ed="In";};["Right Leg"]={tm=.034;cf=cfr(.233,.107,.04,.727,.639,-.249,-.628,.767,.132,.276,.06,.959);es="Linear";ed="In";};};{tm=.167;["HumanoidRootPart"]={tm=.033;cf=cfr(0,0,0,1,0,0,0,1,0,0,0,1);es="Linear";ed="In";};["Torso"]={tm=.033;cf=cfr(-.033,.078,-.043,.985,-.166,-.047,.173,.947,.272,-.001,-.276,.961);es="Linear";ed="In";};["Left Leg"]={tm=.033;cf=cfr(-.922,-.093,-.014,.261,-.965,-.01,.931,.249,.268,-.256,-.079,.963);es="Linear";ed="In";};["Right Arm"]={tm=.033;cf=cfr(-.521,-.679,-.057,.54,-.838,.076,.585,.439,.682,-.605,-.324,.728);es="Linear";ed="In";};["Head"]={tm=.033;cf=cfr(0,0,0,1,.01,-.025,-.02,.89,-.456,.018,.456,.89);es="Linear";ed="In";};["Left Arm"]={tm=.033;cf=cfr(.258,-.648,.244,.59,.673,-.447,-.525,.74,.421,.614,-.013,.789);es="Linear";ed="In";};["Right Leg"]={tm=.033;cf=cfr(.23,.107,.039,.738,.625,-.256,-.613,.779,.133,.282,.059,.958);es="Linear";ed="In";};};{tm=.2;["HumanoidRootPart"]={tm=.033;cf=cfr(0,0,0,1,0,0,0,1,0,0,0,1);es="Linear";ed="In";};["Torso"]={tm=.033;cf=cfr(-.034,.071,-.012,.984,-.169,-.048,.176,.951,.256,.003,-.26,.966);es="Linear";ed="In";};["Left Leg"]={tm=.033;cf=cfr(-.919,-.097,-.013,.283,-.959,-.005,.926,.272,.261,-.249,-.079,.965);es="Linear";ed="In";};["Right Arm"]={tm=.033;cf=cfr(-.521,-.679,-.057,.507,-.862,.007,.602,.36,.713,-.617,-.357,.702);es="Linear";ed="In";};["Head"]={tm=.033;cf=cfr(0,0,0,1,.011,-.019,-.018,.907,-.42,.013,.42,.907);es="Linear";ed="In";};["Left Arm"]={tm=.033;cf=cfr(.258,-.648,.244,.541,.74,-.401,-.606,.673,.425,.584,.013,.812);es="Linear";ed="In";};["Right Leg"]={tm=.033;cf=cfr(.228,.107,.039,.751,.607,-.26,-.595,.793,.133,.287,.055,.956);es="Linear";ed="In";};};{tm=.233;["HumanoidRootPart"]={tm=.034;cf=cfr(0,0,0,1,0,0,0,1,0,0,0,1);es="Linear";ed="In";};["Torso"]={tm=.034;cf=cfr(-.034,.064,.012,.984,-.171,-.049,.178,.955,.239,.006,-.244,.97);es="Linear";ed="In";};["Left Leg"]={tm=.034;cf=cfr(-.917,-.1,-.012,.302,-.953,0,.922,.292,.256,-.244,-.077,.967);es="Linear";ed="In";};["Right Arm"]={tm=.034;cf=cfr(-.521,-.679,-.057,.473,-.879,-.062,.617,.28,.735,-.629,-.386,.675);es="Linear";ed="In";};["Head"]={tm=.034;cf=cfr(0,0,0,1,.012,-.012,-.015,.924,-.383,.007,.383,.924);es="Linear";ed="In";};["Left Arm"]={tm=.034;cf=cfr(.258,-.648,.244,.484,.801,-.352,-.679,.598,.427,.553,.032,.833);es="Linear";ed="In";};["Right Leg"]={tm=.034;cf=cfr(.226,.106,.038,.763,.59,-.263,-.578,.806,.132,.29,.052,.956);es="Linear";ed="In";};};{tm=.267;["HumanoidRootPart"]={tm=.0329;cf=cfr(0,0,0,1,0,0,0,1,0,0,0,1);es="Linear";ed="In";};["Torso"]={tm=.0329;cf=cfr(-.035,.058,.028,.984,-.172,-.05,.179,.957,.227,.009,-.232,.973);es="Linear";ed="In";};["Left Leg"]={tm=.0329;cf=cfr(-.915,-.102,-.011,.316,-.949,.004,.918,.307,.252,-.24,-.076,.968);es="Linear";ed="In";};["Right Arm"]={tm=.0329;cf=cfr(-.521,-.679,-.057,.445,-.888,-.116,.627,.217,.748,-.639,-.405,.654);es="Linear";ed="In";};["Head"]={tm=.0329;cf=cfr(0,0,0,1,.012,-.007,-.014,.935,-.354,.002,.354,.935);es="Linear";ed="In";};["Left Arm"]={tm=.0329;cf=cfr(.258,-.648,.244,.436,.843,-.314,-.729,.536,.427,.528,.043,.848);es="Linear";ed="In";};["Right Leg"]={tm=.0329;cf=cfr(.225,.106,.038,.772,.577,-.265,-.564,.815,.131,.292,.049,.955);es="Linear";ed="In";};};{tm=.3;["HumanoidRootPart"]={tm=0;cf=cfr(0,0,0,1,0,0,0,1,0,0,0,1);es="Linear";ed="In";};["Torso"]={tm=0;cf=cfr(-.035,.056,.034,.984,-.172,-.05,.179,.959,.221,.01,-.227,.974);es="Linear";ed="In";};["Left Leg"]={tm=0;cf=cfr(-.914,-.102,-.011,.321,-.947,.006,.916,.312,.25,-.239,-.075,.968);es="Linear";ed="In";};["Right Arm"]={tm=0;cf=cfr(-.521,-.679,-.057,.434,-.891,-.137,.631,.192,.752,-.643,-.412,.645);es="Linear";ed="In";};["Head"]={tm=0;cf=cfr(0,0,0,1,.012,-.005,-.013,.939,-.343,.001,.343,.939);es="Linear";ed="In";};["Left Arm"]={tm=0;cf=cfr(.258,-.648,.244,.416,.859,-.298,-.747,.51,.426,.518,.046,.854);es="Linear";ed="In";};["Right Leg"]={tm=0;cf=cfr(.225,.106,.038,.776,.572,-.266,-.559,.819,.13,.292,.047,.955);es="Linear";ed="In";};};}