-- // converted using mech's animoduler
local cfr = CFrame.new

return {{tm=0;["HumanoidRootPart"]={tm=.017;cf=cfr(0,0,0,1,0,0,0,1,0,0,0,1);es="Linear";ed="In";};["Torso"]={tm=.017;cf=cfr(-.02,.171,-.018,.986,-.167,-.025,.169,.964,.208,-.011,-.209,.978);es="Linear";ed="In";};["Left Leg"]={tm=.017;cf=cfr(-.861,-.321,.018,.245,-.969,-.041,.964,.238,.119,-.106,-.068,.992);es="Linear";ed="In";};["Right Arm"]={tm=.017;cf=cfr(-.142,-.536,-.005,.206,-.968,.141,.802,.25,.543,-.561,.001,.828);es="Linear";ed="In";};["Head"]={tm=.017;cf=cfr(0,0,.017,.983,.177,-.056,-.186,.938,-.291,.001,.297,.955);es="Linear";ed="In";};["Right Leg"]={tm=.017;cf=cfr(.022,.043,.04,.848,.391,-.358,-.352,.92,.171,.396,-.019,.918);es="Linear";ed="In";};["Left Arm"]={tm=.017;cf=cfr(-.098,-.385,-.001,.522,.778,-.348,-.767,.607,.208,.373,.159,.914);es="Linear";ed="In";};};{tm=.017;["HumanoidRootPart"]={tm=.016;cf=cfr(0,0,0,1,0,0,0,1,0,0,0,1);es="Linear";ed="In";};["Torso"]={tm=.016;cf=cfr(-.017,.154,-.1,.991,-.129,-.014,.13,.979,.159,-.007,-.159,.987);es="Linear";ed="In";};["Left Leg"]={tm=.016;cf=cfr(-1.03,-.253,.005,.277,-.961,-.026,.958,.274,.089,-.078,-.049,.996);es="Linear";ed="In";};["Right Arm"]={tm=.016;cf=cfr(-.142,-.539,-.004,.141,-.983,.115,.814,.181,.552,-.564,.015,.826);es="Linear";ed="In";};["Head"]={tm=.016;cf=cfr(0,0,.017,.989,.139,-.048,-.147,.961,-.236,.013,.241,.97);es="Linear";ed="In";};["Right Leg"]={tm=.016;cf=cfr(.298,.039,.131,.832,.445,-.331,-.421,.895,.144,.361,.019,.932);es="Linear";ed="In";};["Left Arm"]={tm=.016;cf=cfr(-.097,-.387,0,.449,.827,-.338,-.814,.535,.226,.368,.174,.914);es="Linear";ed="In";};};{tm=.033;["HumanoidRootPart"]={tm=.017;cf=cfr(0,0,0,1,0,0,0,1,0,0,0,1);es="Linear";ed="In";};["Torso"]={tm=.017;cf=cfr(-.014,.105,-.267,.998,-.057,.002,.057,.998,.039,-.004,-.039,.999);es="Linear";ed="In";};["Left Leg"]={tm=.017;cf=cfr(-1.247,.067,.02,.407,-.913,.016,.911,.408,.066,-.067,-.012,.998);es="Linear";ed="In";};["Right Arm"]={tm=.017;cf=cfr(-.142,-.543,-.004,.024,-.998,.051,.824,.049,.565,-.566,.029,.824);es="Linear";ed="In";};["Head"]={tm=.017;cf=cfr(0,0,.017,.997,.067,-.038,-.071,.992,-.102,.031,.104,.994);es="Linear";ed="In";};["Right Leg"]={tm=.017;cf=cfr(.596,.182,.175,.869,.41,-.278,-.401,.912,.089,.29,.034,.956);es="Linear";ed="In";};["Left Arm"]={tm=.017;cf=cfr(-.094,-.392,0,.305,.902,-.306,-.882,.389,.266,.359,.189,.914);es="Linear";ed="In";};};{tm=.05;["HumanoidRootPart"]={tm=.017;cf=cfr(0,0,0,1,0,0,0,1,0,0,0,1);es="Linear";ed="In";};["Torso"]={tm=.017;cf=cfr(-.015,.032,-.392,1,-.017,.007,.018,.994,-.106,-.005,.106,.994);es="Linear";ed="In";};["Left Leg"]={tm=.017;cf=cfr(-1.218,.407,-.023,.649,-.761,.009,.756,.646,.11,-.089,-.065,.994);es="Linear";ed="In";};["Right Arm"]={tm=.017;cf=cfr(-.142,-.546,-.005,-.028,-.999,-.021,.825,-.035,.564,-.564,-.001,.826);es="Linear";ed="In";};["Head"]={tm=.017;cf=cfr(0,0,.017,.999,.028,-.037,-.026,.998,.061,.038,-.06,.997);es="Linear";ed="In";};["Right Leg"]={tm=.017;cf=cfr(.672,.39,.17,.928,.275,-.25,-.275,.961,.038,.25,.033,.968);es="Linear";ed="In";};["Left Arm"]={tm=.017;cf=cfr(-.093,-.395,-.001,.226,.939,-.26,-.901,.303,.31,.369,.164,.915);es="Linear";ed="In";};};{tm=.067;["HumanoidRootPart"]={tm=.016;cf=cfr(0,0,0,1,0,0,0,1,0,0,0,1);es="Linear";ed="In";};["Torso"]={tm=.016;cf=cfr(-.014,-.047,-.448,1,-.017,.008,.018,.972,-.236,-.004,.236,.972);es="Linear";ed="In";};["Left Leg"]={tm=.016;cf=cfr(-1.001,.495,-.102,.874,-.484,-.04,.483,.858,.177,-.051,-.174,.983);es="Linear";ed="In";};["Right Arm"]={tm=.016;cf=cfr(-.141,-.544,-.009,.093,-.991,-.099,.843,.026,.537,-.529,-.134,.838);es="Linear";ed="In";};["Head"]={tm=.016;cf=cfr(0,0,.017,.999,.029,-.035,-.021,.979,.2,.04,-.199,.979);es="Linear";ed="In";};["Right Leg"]={tm=.016;cf=cfr(.614,.524,.172,.96,.124,-.252,-.128,.992,0,.25,.032,.968);es="Linear";ed="In";};["Left Arm"]={tm=.016;cf=cfr(-.094,-.394,-.006,.304,.944,-.129,-.893,.33,.306,.332,.022,.943);es="Linear";ed="In";};};{tm=.083;["HumanoidRootPart"]={tm=.017;cf=cfr(0,0,0,1,0,0,0,1,0,0,0,1);es="Linear";ed="In";};["Torso"]={tm=.017;cf=cfr(-.014,-.117,-.492,1,-.017,.008,.019,.941,-.339,-.002,.339,.941);es="Linear";ed="In";};["Left Leg"]={tm=.017;cf=cfr(-.807,.513,-.11,.965,-.257,-.044,.261,.943,.209,-.012,-.213,.977);es="Linear";ed="In";};["Right Arm"]={tm=.017;cf=cfr(-.138,-.537,-.016,.344,-.92,-.19,.84,.211,.5,-.42,-.331,.845);es="Linear";ed="In";};["Head"]={tm=.017;cf=cfr(0,0,.017,.999,.029,-.033,-.018,.959,.283,.04,-.282,.958);es="Linear";ed="In";};["Right Leg"]={tm=.017;cf=cfr(.544,.611,.172,.968,-.001,-.25,-.007,1,-.029,.25,.03,.968);es="Linear";ed="In";};["Left Arm"]={tm=.017;cf=cfr(-.097,-.391,-.014,.46,.881,.115,-.869,.42,.26,.18,-.219,.959);es="Linear";ed="In";};};{tm=.1;["HumanoidRootPart"]={tm=.017;cf=cfr(0,0,0,1,0,0,0,1,0,0,0,1);es="Linear";ed="In";};["Torso"]={tm=.017;cf=cfr(-.015,-.169,-.522,1,-.017,.008,.019,.912,-.409,0,.409,.913);es="Linear";ed="In";};["Left Leg"]={tm=.017;cf=cfr(-.781,.581,-.114,.982,-.185,-.03,.187,.959,.211,-.011,-.213,.977);es="Linear";ed="In";};["Right Arm"]={tm=.017;cf=cfr(-.133,-.53,-.021,.598,-.759,-.258,.758,.431,.49,-.26,-.489,.833);es="Linear";ed="In";};["Head"]={tm=.017;cf=cfr(0,0,.017,.999,.029,-.033,-.018,.954,.299,.04,-.299,.954);es="Linear";ed="In";};["Right Leg"]={tm=.017;cf=cfr(.488,.658,.17,.965,-.089,-.247,.079,.996,-.049,.25,.028,.968);es="Linear";ed="In";};["Left Arm"]={tm=.017;cf=cfr(-.104,-.387,-.02,.596,.722,.351,-.803,.543,.247,-.012,-.429,.903);es="Linear";ed="In";};};{tm=.117;["HumanoidRootPart"]={tm=.016;cf=cfr(0,0,0,1,0,0,0,1,0,0,0,1);es="Linear";ed="In";};["Torso"]={tm=.016;cf=cfr(-.015,-.197,-.536,1,-.017,.007,.019,.896,-.443,.001,.443,.896);es="Linear";ed="In";};["Left Leg"]={tm=.016;cf=cfr(-.765,.611,-.115,.989,-.147,-.022,.149,.966,.212,-.01,-.213,.977);es="Linear";ed="In";};["Right Arm"]={tm=.016;cf=cfr(-.127,-.525,-.023,.774,-.579,-.257,.616,.595,.516,-.146,-.558,.817);es="Linear";ed="In";};["Head"]={tm=.016;cf=cfr(0,0,.017,.999,.029,-.033,-.02,.968,.251,.039,-.25,.967);es="Linear";ed="In";};["Right Leg"]={tm=.016;cf=cfr(.459,.677,.17,.961,-.132,-.245,.121,.991,-.059,.25,.027,.968);es="Linear";ed="In";};["Left Arm"]={tm=.016;cf=cfr(-.11,-.384,-.023,.701,.557,.445,-.704,.642,.304,-.117,-.527,.842);es="Linear";ed="In";};};{tm=.133;["HumanoidRootPart"]={tm=.0169;cf=cfr(0,0,0,1,0,0,0,1,0,0,0,1);es="Linear";ed="In";};["Torso"]={tm=.0169;cf=cfr(-.015,-.208,-.541,1,-.017,.007,.019,.89,-.457,.001,.457,.89);es="Linear";ed="In";};["Left Leg"]={tm=.0169;cf=cfr(-.756,.621,-.114,.991,-.131,-.019,.132,.968,.212,-.009,-.212,.977);es="Linear";ed="In";};["Right Arm"]={tm=.0169;cf=cfr(-.123,-.522,-.024,.871,-.448,-.202,.479,.684,.55,-.109,-.576,.81);es="Linear";ed="In";};["Head"]={tm=.0169;cf=cfr(0,0,.017,.999,.029,-.035,-.023,.987,.16,.039,-.159,.986);es="Linear";ed="In";};["Right Leg"]={tm=.0169;cf=cfr(.447,.681,.169,.958,-.15,-.244,.139,.988,-.063,.25,.026,.968);es="Linear";ed="In";};["Left Arm"]={tm=.0169;cf=cfr(-.114,-.383,-.024,.79,.444,.424,-.6,.702,.383,-.128,-.557,.82);es="Linear";ed="In";};};{tm=.15;["HumanoidRootPart"]={tm=.0170;cf=cfr(0,0,0,1,0,0,0,1,0,0,0,1);es="Linear";ed="In";};["Torso"]={tm=.0170;cf=cfr(-.015,-.217,-.541,1,-.017,.007,.019,.884,-.468,.002,.468,.884);es="Linear";ed="In";};["Left Leg"]={tm=.0170;cf=cfr(-.746,.628,-.113,.993,-.115,-.016,.116,.971,.211,-.009,-.211,.977);es="Linear";ed="In";};["Right Arm"]={tm=.0170;cf=cfr(-.12,-.521,-.024,.921,-.361,-.145,.376,.73,.571,-.101,-.581,.808);es="Linear";ed="In";};["Head"]={tm=.0170;cf=cfr(0,0,.017,.999,.028,-.037,-.026,.998,.054,.038,-.053,.998);es="Linear";ed="In";};["Right Leg"]={tm=.0170;cf=cfr(.436,.683,.168,.956,-.166,-.243,.154,.986,-.066,.25,.026,.968);es="Linear";ed="In";};["Left Arm"]={tm=.0170;cf=cfr(-.116,-.382,-.024,.849,.361,.387,-.513,.737,.439,-.127,-.571,.811);es="Linear";ed="In";};};{tm=.167;["HumanoidRootPart"]={tm=.0159;cf=cfr(0,0,0,1,0,0,0,1,0,0,0,1);es="Linear";ed="In";};["Torso"]={tm=.0159;cf=cfr(-.015,-.225,-.539,1,-.017,.007,.019,.879,-.477,.002,.477,.879);es="Linear";ed="In";};["Left Leg"]={tm=.0159;cf=cfr(-.735,.631,-.111,.995,-.1,-.014,.101,.972,.21,-.008,-.21,.978);es="Linear";ed="In";};["Right Arm"]={tm=.0159;cf=cfr(-.119,-.52,-.024,.945,-.313,-.095,.308,.752,.583,-.111,-.58,.807);es="Linear";ed="In";};["Head"]={tm=.0159;cf=cfr(0,0,.017,.999,.027,-.039,-.029,.998,-.055,.037,.056,.998);es="Linear";ed="In";};["Right Leg"]={tm=.0159;cf=cfr(.426,.68,.167,.953,-.18,-.242,.168,.983,-.069,.25,.025,.968);es="Linear";ed="In";};["Left Arm"]={tm=.0159;cf=cfr(-.118,-.381,-.025,.886,.306,.347,-.448,.758,.474,-.118,-.576,.809);es="Linear";ed="In";};};{tm=.183;["HumanoidRootPart"]={tm=.0170;cf=cfr(0,0,0,1,0,0,0,1,0,0,0,1);es="Linear";ed="In";};["Torso"]={tm=.0170;cf=cfr(-.015,-.231,-.534,1,-.017,.007,.019,.874,-.485,.002,.485,.875);es="Linear";ed="In";};["Left Leg"]={tm=.0170;cf=cfr(-.723,.631,-.109,.996,-.086,-.011,.086,.974,.209,-.007,-.209,.978);es="Linear";ed="In";};["Right Arm"]={tm=.0170;cf=cfr(-.119,-.52,-.024,.954,-.294,-.061,.272,.761,.589,-.127,-.579,.806);es="Linear";ed="In";};["Head"]={tm=.0170;cf=cfr(0,0,.017,.999,.026,-.04,-.032,.987,-.157,.036,.158,.987);es="Linear";ed="In";};["Right Leg"]={tm=.0170;cf=cfr(.418,.675,.166,.951,-.193,-.241,.181,.981,-.071,.25,.024,.968);es="Linear";ed="In";};["Left Arm"]={tm=.0170;cf=cfr(-.118,-.381,-.025,.907,.276,.317,-.406,.769,.493,-.107,-.576,.81);es="Linear";ed="In";};};{tm=.2;["HumanoidRootPart"]={tm=.0169;cf=cfr(0,0,0,1,0,0,0,1,0,0,0,1);es="Linear";ed="In";};["Torso"]={tm=.0169;cf=cfr(-.015,-.236,-.528,1,-.017,.007,.019,.871,-.491,.002,.491,.871);es="Linear";ed="In";};["Left Leg"]={tm=.0169;cf=cfr(-.711,.629,-.107,.997,-.072,-.009,.072,.976,.208,-.006,-.208,.978);es="Linear";ed="In";};["Right Arm"]={tm=.0169;cf=cfr(-.118,-.52,-.024,.956,-.291,-.048,.262,.762,.592,-.136,-.578,.804);es="Linear";ed="In";};["Head"]={tm=.0169;cf=cfr(0,0,.017,.999,.025,-.042,-.035,.97,-.241,.034,.242,.97);es="Linear";ed="In";};["Right Leg"]={tm=.0169;cf=cfr(.41,.668,.165,.949,-.204,-.24,.192,.979,-.073,.25,.023,.968);es="Linear";ed="In";};["Left Arm"]={tm=.0169;cf=cfr(-.119,-.381,-.025,.914,.267,.305,-.392,.773,.499,-.102,-.576,.811);es="Linear";ed="In";};};{tm=.217;["HumanoidRootPart"]={tm=.0160;cf=cfr(0,0,0,1,0,0,0,1,0,0,0,1);es="Linear";ed="In";};["Torso"]={tm=.0160;cf=cfr(-.015,-.24,-.52,1,-.017,.007,.019,.868,-.496,.002,.496,.868);es="Linear";ed="In";};["Left Leg"]={tm=.0160;cf=cfr(-.699,.625,-.104,.998,-.059,-.007,.06,.977,.206,-.005,-.206,.978);es="Linear";ed="In";};["Right Arm"]={tm=.0160;cf=cfr(-.119,-.52,-.024,.954,-.294,-.05,.266,.76,.594,-.137,-.58,.803);es="Linear";ed="In";};["Head"]={tm=.0160;cf=cfr(0,0,.017,.999,.025,-.043,-.036,.954,-.298,.033,.299,.954);es="Linear";ed="In";};["Right Leg"]={tm=.0160;cf=cfr(.404,.66,.164,.947,-.214,-.24,.202,.977,-.075,.25,.023,.968);es="Linear";ed="In";};["Left Arm"]={tm=.0160;cf=cfr(-.119,-.381,-.025,.912,.271,.308,-.398,.77,.499,-.101,-.578,.81);es="Linear";ed="In";};};{tm=.233;["HumanoidRootPart"]={tm=.0169;cf=cfr(0,0,0,1,0,0,0,1,0,0,0,1);es="Linear";ed="In";};["Torso"]={tm=.0169;cf=cfr(-.015,-.243,-.511,1,-.017,.007,.019,.866,-.499,.002,.499,.866);es="Linear";ed="In";};["Left Leg"]={tm=.0169;cf=cfr(-.688,.62,-.101,.999,-.048,-.006,.048,.978,.205,-.004,-.205,.979);es="Linear";ed="In";};["Right Arm"]={tm=.0169;cf=cfr(-.119,-.52,-.024,.951,-.303,-.055,.275,.755,.596,-.139,-.582,.801);es="Linear";ed="In";};["Head"]={tm=.0169;cf=cfr(0,0,.017,.999,.024,-.043,-.037,.946,-.323,.033,.324,.946);es="Linear";ed="In";};["Right Leg"]={tm=.0169;cf=cfr(.399,.651,.162,.945,-.223,-.239,.21,.975,-.076,.25,.022,.968);es="Linear";ed="In";};["Left Arm"]={tm=.0169;cf=cfr(-.118,-.381,-.025,.906,.282,.316,-.412,.763,.498,-.1,-.582,.807);es="Linear";ed="In";};};{tm=.25;["HumanoidRootPart"]={tm=.0170;cf=cfr(0,0,0,1,0,0,0,1,0,0,0,1);es="Linear";ed="In";};["Torso"]={tm=.0170;cf=cfr(-.015,-.245,-.502,1,-.017,.007,.019,.865,-.502,.002,.502,.865);es="Linear";ed="In";};["Left Leg"]={tm=.0170;cf=cfr(-.676,.613,-.098,.999,-.037,-.005,.037,.978,.203,-.003,-.203,.979);es="Linear";ed="In";};["Right Arm"]={tm=.0170;cf=cfr(-.119,-.52,-.024,.947,-.316,-.062,.289,.748,.598,-.143,-.584,.799);es="Linear";ed="In";};["Head"]={tm=.0170;cf=cfr(0,0,.017,.999,.024,-.043,-.037,.944,-.327,.033,.328,.944);es="Linear";ed="In";};["Right Leg"]={tm=.0170;cf=cfr(.394,.641,.161,.943,-.23,-.239,.218,.973,-.077,.25,.021,.968);es="Linear";ed="In";};["Left Arm"]={tm=.0170;cf=cfr(-.118,-.382,-.025,.897,.298,.327,-.431,.753,.496,-.099,-.586,.804);es="Linear";ed="In";};};{tm=.267;["HumanoidRootPart"]={tm=.0159;cf=cfr(0,0,0,1,0,0,0,1,0,0,0,1);es="Linear";ed="In";};["Torso"]={tm=.0159;cf=cfr(-.015,-.246,-.494,1,-.017,.007,.019,.864,-.503,.002,.504,.864);es="Linear";ed="In";};["Left Leg"]={tm=.0159;cf=cfr(-.666,.607,-.096,1,-.028,-.004,.028,.979,.202,-.002,-.202,.979);es="Linear";ed="In";};["Right Arm"]={tm=.0159;cf=cfr(-.12,-.52,-.024,.941,-.331,-.07,.305,.74,.6,-.147,-.586,.797);es="Linear";ed="In";};["Head"]={tm=.0159;cf=cfr(0,0,.017,.999,.024,-.043,-.037,.943,-.33,.033,.331,.943);es="Linear";ed="In";};["Right Leg"]={tm=.0159;cf=cfr(.39,.632,.16,.942,-.236,-.239,.224,.972,-.078,.25,.02,.968);es="Linear";ed="In";};["Left Arm"]={tm=.0159;cf=cfr(-.117,-.382,-.025,.886,.315,.34,-.454,.742,.493,-.097,-.591,.8);es="Linear";ed="In";};};{tm=.283;["HumanoidRootPart"]={tm=.0170;cf=cfr(0,0,0,1,0,0,0,1,0,0,0,1);es="Linear";ed="In";};["Torso"]={tm=.0170;cf=cfr(-.015,-.247,-.486,1,-.017,.007,.019,.863,-.505,.002,.505,.863);es="Linear";ed="In";};["Left Leg"]={tm=.0170;cf=cfr(-.658,.601,-.094,1,-.021,-.003,.021,.979,.201,-.001,-.201,.98);es="Linear";ed="In";};["Right Arm"]={tm=.0170;cf=cfr(-.12,-.521,-.024,.935,-.346,-.077,.32,.731,.602,-.152,-.588,.795);es="Linear";ed="In";};["Head"]={tm=.0170;cf=cfr(0,0,.017,.999,.024,-.043,-.037,.942,-.332,.033,.333,.942);es="Linear";ed="In";};["Right Leg"]={tm=.0170;cf=cfr(.387,.624,.158,.941,-.241,-.238,.228,.97,-.079,.25,.019,.968);es="Linear";ed="In";};["Left Arm"]={tm=.0170;cf=cfr(-.117,-.382,-.025,.874,.332,.353,-.476,.731,.49,-.095,-.596,.797);es="Linear";ed="In";};};{tm=.3;["HumanoidRootPart"]={tm=.0170;cf=cfr(0,0,0,1,0,0,0,1,0,0,0,1);es="Linear";ed="In";};["Torso"]={tm=.0170;cf=cfr(-.015,-.248,-.48,1,-.017,.007,.019,.863,-.505,.002,.505,.863);es="Linear";ed="In";};["Left Leg"]={tm=.0170;cf=cfr(-.651,.596,-.092,1,-.015,-.002,.015,.98,.2,-.001,-.2,.98);es="Linear";ed="In";};["Right Arm"]={tm=.0170;cf=cfr(-.121,-.521,-.024,.93,-.358,-.084,.334,.724,.604,-.155,-.589,.793);es="Linear";ed="In";};["Head"]={tm=.0170;cf=cfr(0,0,.017,.999,.024,-.043,-.037,.942,-.333,.033,.334,.942);es="Linear";ed="In";};["Right Leg"]={tm=.0170;cf=cfr(.384,.617,.157,.94,-.244,-.238,.232,.97,-.079,.25,.019,.968);es="Linear";ed="In";};["Left Arm"]={tm=.0170;cf=cfr(-.116,-.383,-.025,.864,.347,.364,-.495,.72,.487,-.093,-.601,.794);es="Linear";ed="In";};};{tm=.317;["HumanoidRootPart"]={tm=.0160;cf=cfr(0,0,0,1,0,0,0,1,0,0,0,1);es="Linear";ed="In";};["Torso"]={tm=.0160;cf=cfr(-.015,-.248,-.476,1,-.017,.007,.019,.863,-.505,.002,.505,.863);es="Linear";ed="In";};["Left Leg"]={tm=.0160;cf=cfr(-.647,.593,-.091,1,-.011,-.002,.012,.98,.199,0,-.199,.98);es="Linear";ed="In";};["Right Arm"]={tm=.0160;cf=cfr(-.121,-.521,-.024,.926,-.367,-.089,.343,.719,.605,-.158,-.59,.792);es="Linear";ed="In";};["Head"]={tm=.0160;cf=cfr(0,0,.017,.999,.024,-.043,-.037,.942,-.333,.033,.335,.942);es="Linear";ed="In";};["Right Leg"]={tm=.0160;cf=cfr(.383,.613,.157,.94,-.246,-.238,.234,.969,-.079,.25,.019,.968);es="Linear";ed="In";};["Left Arm"]={tm=.0160;cf=cfr(-.116,-.383,-.025,.856,.358,.372,-.508,.712,.484,-.092,-.604,.792);es="Linear";ed="In";};};{tm=.333;["HumanoidRootPart"]={tm=0;cf=cfr(0,0,0,1,0,0,0,1,0,0,0,1);es="Linear";ed="In";};["Torso"]={tm=0;cf=cfr(-.015,-.248,-.474,1,-.017,.007,.019,.863,-.505,.002,.505,.863);es="Linear";ed="In";};["Left Leg"]={tm=0;cf=cfr(-.645,.592,-.09,1,-.01,-.002,.01,.98,.199,0,-.199,.98);es="Linear";ed="In";};["Right Arm"]={tm=0;cf=cfr(-.121,-.521,-.024,.924,-.371,-.091,.347,.717,.605,-.159,-.591,.791);es="Linear";ed="In";};["Head"]={tm=0;cf=cfr(0,0,.017,.999,.024,-.043,-.037,.942,-.333,.033,.335,.942);es="Linear";ed="In";};["Right Leg"]={tm=0;cf=cfr(.382,.611,.156,.939,-.247,-.238,.235,.969,-.079,.25,.018,.968);es="Linear";ed="In";};["Left Arm"]={tm=0;cf=cfr(-.116,-.383,-.025,.853,.362,.375,-.513,.709,.483,-.092,-.605,.791);es="Linear";ed="In";};};}