-- // converted using mech's animoduler
local cfr = CFrame.new

return {{tm=0;["Torso"]={tm=.02;cf=cfr(-.256,-.142,-.143,.062,.948,-.311,-.985,.008,-.172,-.161,.317,.935);es="Linear";ed="In";};["Head"]={tm=.02;cf=cfr(0,0,.017,.218,-.966,.139,.955,.24,.174,-.201,.095,.975);es="Linear";ed="In";};["Left Arm"]={tm=.02;cf=cfr(.578,-.474,-.015,.822,.525,-.221,-.557,.821,-.123,.117,.224,.967);es="Linear";ed="In";};["Cube"]={tm=.02;cf=cfr(0,0,0,1,0,0,0,1,0,0,0,1);es="Linear";ed="In";};["Right Arm"]={tm=.02;cf=cfr(.151,-.384,.094,.904,-.328,-.274,.337,.941,-.013,.262,-.081,.962);es="Linear";ed="In";};["Knife"]={tm=.02;cf=cfr(0,0,0,1,0,0,0,1,0,0,0,1);es="Linear";ed="In";};["Left Leg"]={tm=.02;cf=cfr(-.175,.408,.074,.88,.281,.383,-.337,.938,.086,-.335,-.205,.92);es="Linear";ed="In";};["Right Leg"]={tm=.02;cf=cfr(.403,.068,.123,.929,-.121,-.349,.098,.992,-.084,.356,.044,.934);es="Linear";ed="In";};["StandHumanoidRootPart"]={tm=.02;cf=cfr(0,0,0,1,0,0,0,1,0,0,0,1);es="Linear";ed="In";};["Stand Torso"]={tm=.02;cf=cfr(-1.754,.484,2.979,-.053,.327,-.944,.146,.937,.317,.988,-.121,-.097);es="Linear";ed="In";};["Stand Head"]={tm=.02;cf=cfr(0,0,0,.638,-.734,.231,.759,.651,-.027,-.131,.193,.972);es="Linear";ed="In";};["Stand Right Arm"]={tm=.02;cf=cfr(.033,-.109,-.106,.923,.011,-.385,.064,.981,.183,.38,-.194,.904);es="Linear";ed="In";};["Stand Left Leg"]={tm=.02;cf=cfr(-.487,.386,.015,.985,.08,.15,-.09,.994,.061,-.145,-.073,.987);es="Linear";ed="In";};["Stand Left Arm"]={tm=.02;cf=cfr(-.06,-.127,.069,.845,-.208,.493,-.46,.19,.867,-.274,-.96,.065);es="Linear";ed="In";};["Stand Right Leg"]={tm=.02;cf=cfr(.948,.68,-.132,.979,.174,.108,-.191,.965,.179,-.073,-.196,.978);es="Linear";ed="In";};};{tm=.02;["Torso"]={tm=.02;cf=cfr(-.253,-.022,-.114,.012,.956,-.292,-.987,-.035,-.158,-.161,.29,.943);es="Linear";ed="In";};["Head"]={tm=.02;cf=cfr(0,0,.017,.131,-.975,.178,.98,.155,.128,-.152,.158,.976);es="Linear";ed="In";};["Left Arm"]={tm=.02;cf=cfr(.462,-.518,.006,.801,.593,.085,-.598,.801,.041,-.044,-.083,.996);es="Linear";ed="In";};["Cube"]={tm=.02;cf=cfr(0,0,0,1,0,0,0,1,0,0,0,1);es="Linear";ed="In";};["Right Arm"]={tm=.02;cf=cfr(-.017,-.442,.108,.903,-.057,-.426,.111,.988,.103,.415,-.141,.899);es="Linear";ed="In";};["Knife"]={tm=.02;cf=cfr(0,0,0,1,0,0,0,1,0,0,0,1);es="Linear";ed="In";};["Left Leg"]={tm=.02;cf=cfr(-.117,.38,.056,.863,.249,.44,-.34,.93,.141,-.373,-.272,.887);es="Linear";ed="In";};["Right Leg"]={tm=.02;cf=cfr(.41,.026,.107,.949,-.121,-.291,.087,.988,-.126,.303,.094,.949);es="Linear";ed="In";};["StandHumanoidRootPart"]={tm=.02;cf=cfr(0,0,0,1,0,0,0,1,0,0,0,1);es="Linear";ed="In";};["Stand Torso"]={tm=.02;cf=cfr(-1.754,.484,2.979,-.053,.327,-.944,.146,.937,.317,.988,-.121,-.097);es="Linear";ed="In";};["Stand Head"]={tm=.02;cf=cfr(0,0,0,.638,-.734,.231,.759,.651,-.027,-.131,.193,.972);es="Linear";ed="In";};["Stand Right Arm"]={tm=.02;cf=cfr(.033,-.109,-.106,.923,.011,-.385,.064,.981,.183,.38,-.194,.904);es="Linear";ed="In";};["Stand Left Leg"]={tm=.02;cf=cfr(-.487,.386,.015,.985,.08,.15,-.09,.994,.061,-.145,-.073,.987);es="Linear";ed="In";};["Stand Left Arm"]={tm=.02;cf=cfr(-.06,-.127,.069,.845,-.208,.493,-.46,.19,.867,-.274,-.96,.065);es="Linear";ed="In";};["Stand Right Leg"]={tm=.02;cf=cfr(.948,.68,-.132,.979,.174,.108,-.191,.965,.179,-.073,-.196,.978);es="Linear";ed="In";};};{tm=.04;["Torso"]={tm=.0199;cf=cfr(-.246,.082,-.095,-.035,.961,-.273,-.985,-.079,-.151,-.166,.264,.95);es="Linear";ed="In";};["Head"]={tm=.0199;cf=cfr(0,0,.017,.054,-.974,.218,.993,.075,.089,-.103,.212,.972);es="Linear";ed="In";};["Left Arm"]={tm=.0199;cf=cfr(.327,-.552,.026,.717,.583,.382,-.675,.718,.172,-.174,-.381,.908);es="Linear";ed="In";};["Cube"]={tm=.0199;cf=cfr(0,0,0,1,0,0,0,1,0,0,0,1);es="Linear";ed="In";};["Right Arm"]={tm=.0199;cf=cfr(-.176,-.503,.123,.814,.233,-.532,-.108,.961,.256,.57,-.151,.807);es="Linear";ed="In";};["Knife"]={tm=.0199;cf=cfr(0,0,0,1,0,0,0,1,0,0,0,1);es="Linear";ed="In";};["Left Leg"]={tm=.0199;cf=cfr(-.059,.357,.034,.845,.215,.489,-.347,.917,.198,-.406,-.337,.85);es="Linear";ed="In";};["Right Leg"]={tm=.0199;cf=cfr(.394,-.021,.085,.964,-.128,-.235,.089,.982,-.169,.252,.142,.957);es="Linear";ed="In";};["StandHumanoidRootPart"]={tm=.0199;cf=cfr(0,0,0,1,0,0,0,1,0,0,0,1);es="Linear";ed="In";};["Stand Torso"]={tm=.0199;cf=cfr(-1.754,.484,2.979,-.053,.327,-.944,.146,.937,.317,.988,-.121,-.097);es="Linear";ed="In";};["Stand Head"]={tm=.0199;cf=cfr(0,0,0,.638,-.734,.231,.759,.651,-.027,-.131,.193,.972);es="Linear";ed="In";};["Stand Right Arm"]={tm=.0199;cf=cfr(.033,-.109,-.106,.923,.011,-.385,.064,.981,.183,.38,-.194,.904);es="Linear";ed="In";};["Stand Left Leg"]={tm=.0199;cf=cfr(-.487,.386,.015,.985,.08,.15,-.09,.994,.061,-.145,-.073,.987);es="Linear";ed="In";};["Stand Left Arm"]={tm=.0199;cf=cfr(-.06,-.127,.069,.845,-.208,.493,-.46,.19,.867,-.274,-.96,.065);es="Linear";ed="In";};["Stand Right Leg"]={tm=.0199;cf=cfr(.948,.68,-.132,.979,.174,.108,-.191,.965,.179,-.073,-.196,.978);es="Linear";ed="In";};};{tm=.06;["Torso"]={tm=.0200;cf=cfr(-.234,.135,-.098,-.069,.963,-.261,-.98,-.114,-.162,-.186,.245,.952);es="Linear";ed="In";};["Head"]={tm=.0200;cf=cfr(0,0,.017,0,-.969,.245,.998,.017,.068,-.07,.245,.967);es="Linear";ed="In";};["Left Arm"]={tm=.0200;cf=cfr(.18,-.561,.037,.59,.551,.591,-.775,.592,.222,-.227,-.589,.776);es="Linear";ed="In";};["Cube"]={tm=.0200;cf=cfr(0,0,0,1,0,0,0,1,0,0,0,1);es="Linear";ed="In";};["Right Arm"]={tm=.0200;cf=cfr(-.296,-.559,.133,.675,.467,-.571,-.267,.876,.401,.687,-.118,.717);es="Linear";ed="In";};["Knife"]={tm=.0200;cf=cfr(0,0,0,1,0,0,0,1,0,0,0,1);es="Linear";ed="In";};["Left Leg"]={tm=.0200;cf=cfr(-.039,.377,.017,.834,.177,.523,-.349,.903,.25,-.428,-.391,.815);es="Linear";ed="In";};["Right Leg"]={tm=.0200;cf=cfr(.379,-.06,.069,.972,-.137,-.192,.094,.972,-.215,.216,.191,.958);es="Linear";ed="In";};["StandHumanoidRootPart"]={tm=.0200;cf=cfr(0,0,0,1,0,0,0,1,0,0,0,1);es="Linear";ed="In";};["Stand Torso"]={tm=.0200;cf=cfr(-1.754,.484,2.979,-.053,.327,-.944,.146,.937,.317,.988,-.121,-.097);es="Linear";ed="In";};["Stand Head"]={tm=.0200;cf=cfr(0,0,0,.638,-.734,.231,.759,.651,-.027,-.131,.193,.972);es="Linear";ed="In";};["Stand Right Arm"]={tm=.0200;cf=cfr(.033,-.109,-.106,.923,.011,-.385,.064,.981,.183,.38,-.194,.904);es="Linear";ed="In";};["Stand Left Leg"]={tm=.0200;cf=cfr(-.487,.386,.015,.985,.08,.15,-.09,.994,.061,-.145,-.073,.987);es="Linear";ed="In";};["Stand Left Arm"]={tm=.0200;cf=cfr(-.06,-.127,.069,.845,-.208,.493,-.46,.19,.867,-.274,-.96,.065);es="Linear";ed="In";};["Stand Right Leg"]={tm=.0200;cf=cfr(.948,.68,-.132,.979,.174,.108,-.191,.965,.179,-.073,-.196,.978);es="Linear";ed="In";};};{tm=.08;["Torso"]={tm=.0200;cf=cfr(-.219,.104,-.14,-.072,.961,-.267,-.97,-.129,-.204,-.23,.244,.942);es="Linear";ed="In";};["Head"]={tm=.0200;cf=cfr(0,0,.017,-.014,-.97,.245,.997,.004,.073,-.071,.245,.967);es="Linear";ed="In";};["Left Arm"]={tm=.0200;cf=cfr(.028,-.529,.033,.435,.585,.684,-.879,.441,.181,-.196,-.68,.706);es="Linear";ed="In";};["Cube"]={tm=.0200;cf=cfr(0,0,0,1,0,0,0,1,0,0,0,1);es="Linear";ed="In";};["Right Arm"]={tm=.0200;cf=cfr(-.344,-.602,.134,.557,.607,-.567,-.354,.791,.499,.752,-.077,.655);es="Linear";ed="In";};["Knife"]={tm=.0200;cf=cfr(0,0,0,1,0,0,0,1,0,0,0,1);es="Linear";ed="In";};["Left Leg"]={tm=.0200;cf=cfr(-.091,.478,.011,.832,.142,.537,-.342,.892,.294,-.437,-.428,.791);es="Linear";ed="In";};["Right Leg"]={tm=.0200;cf=cfr(.423,-.074,.073,.976,-.127,-.175,.078,.961,-.264,.202,.245,.948);es="Linear";ed="In";};["StandHumanoidRootPart"]={tm=.0200;cf=cfr(0,0,0,1,0,0,0,1,0,0,0,1);es="Linear";ed="In";};["Stand Torso"]={tm=.0200;cf=cfr(-1.754,.484,2.979,-.053,.327,-.944,.146,.937,.317,.988,-.121,-.097);es="Linear";ed="In";};["Stand Head"]={tm=.0200;cf=cfr(0,0,0,.638,-.734,.231,.759,.651,-.027,-.131,.193,.972);es="Linear";ed="In";};["Stand Right Arm"]={tm=.0200;cf=cfr(.033,-.109,-.106,.923,.011,-.385,.064,.981,.183,.38,-.194,.904);es="Linear";ed="In";};["Stand Left Leg"]={tm=.0200;cf=cfr(-.487,.386,.015,.985,.08,.15,-.09,.994,.061,-.145,-.073,.987);es="Linear";ed="In";};["Stand Left Arm"]={tm=.0200;cf=cfr(-.06,-.127,.069,.845,-.208,.493,-.46,.19,.867,-.274,-.96,.065);es="Linear";ed="In";};["Stand Right Leg"]={tm=.0200;cf=cfr(.948,.68,-.132,.979,.174,.108,-.191,.965,.179,-.073,-.196,.978);es="Linear";ed="In";};};{tm=.1;["Torso"]={tm=.0199;cf=cfr(-.201,-.034,-.229,-.018,.957,-.289,-.953,-.104,-.284,-.302,.271,.914);es="Linear";ed="In";};["Head"]={tm=.0199;cf=cfr(0,0,.017,.04,-.978,.206,.993,.061,.102,-.112,.2,.973);es="Linear";ed="In";};["Left Arm"]={tm=.0199;cf=cfr(-.122,-.451,.008,.234,.728,.644,-.966,.246,.073,-.106,-.639,.762);es="Linear";ed="In";};["Cube"]={tm=.0199;cf=cfr(0,0,0,1,0,0,0,1,0,0,0,1);es="Linear";ed="In";};["Right Arm"]={tm=.0199;cf=cfr(-.299,-.629,.122,.506,.662,-.553,-.387,.747,.54,.771,-.06,.635);es="Linear";ed="In";};["Knife"]={tm=.0199;cf=cfr(0,0,0,1,0,0,0,1,0,0,0,1);es="Linear";ed="In";};["Left Leg"]={tm=.0199;cf=cfr(-.175,.651,-.029,.843,.157,.514,-.361,.874,.325,-.399,-.459,.794);es="Linear";ed="In";};["Right Leg"]={tm=.0199;cf=cfr(.494,-.062,.106,.972,-.114,-.207,.044,.948,-.314,.232,.296,.926);es="Linear";ed="In";};["StandHumanoidRootPart"]={tm=.0199;cf=cfr(0,0,0,1,0,0,0,1,0,0,0,1);es="Linear";ed="In";};["Stand Torso"]={tm=.0199;cf=cfr(-1.754,.484,2.979,-.053,.327,-.944,.146,.937,.317,.988,-.121,-.097);es="Linear";ed="In";};["Stand Head"]={tm=.0199;cf=cfr(0,0,0,.638,-.734,.231,.759,.651,-.027,-.131,.193,.972);es="Linear";ed="In";};["Stand Right Arm"]={tm=.0199;cf=cfr(.033,-.109,-.106,.923,.011,-.385,.064,.981,.183,.38,-.194,.904);es="Linear";ed="In";};["Stand Left Leg"]={tm=.0199;cf=cfr(-.487,.386,.015,.985,.08,.15,-.09,.994,.061,-.145,-.073,.987);es="Linear";ed="In";};["Stand Left Arm"]={tm=.0199;cf=cfr(-.06,-.127,.069,.845,-.208,.493,-.46,.19,.867,-.274,-.96,.065);es="Linear";ed="In";};["Stand Right Leg"]={tm=.0199;cf=cfr(.948,.68,-.132,.979,.174,.108,-.191,.965,.179,-.073,-.196,.978);es="Linear";ed="In";};};{tm=.12;["Torso"]={tm=.0200;cf=cfr(-.173,-.247,-.334,.16,.941,-.299,-.918,.031,-.394,-.362,.338,.869);es="Linear";ed="In";};["Head"]={tm=.0200;cf=cfr(0,0,.017,.225,-.964,.139,.963,.242,.12,-.149,.107,.983);es="Linear";ed="In";};["Left Arm"]={tm=.0200;cf=cfr(-.254,-.349,-.026,-.019,.887,.461,-.999,-.005,-.031,-.025,-.462,.887);es="Linear";ed="In";};["Cube"]={tm=.0200;cf=cfr(0,0,0,1,0,0,0,1,0,0,0,1);es="Linear";ed="In";};["Right Arm"]={tm=.0200;cf=cfr(-.19,-.648,.1,.514,.675,-.529,-.392,.734,.555,.763,-.078,.642);es="Linear";ed="In";};["Knife"]={tm=.0200;cf=cfr(0,0,0,1,0,0,0,1,0,0,0,1);es="Linear";ed="In";};["Left Leg"]={tm=.0200;cf=cfr(-.234,.794,-.143,.878,.293,.38,-.429,.832,.351,-.213,-.471,.856);es="Linear";ed="In";};["Right Leg"]={tm=.0200;cf=cfr(.469,-.052,.167,.926,-.106,-.362,-.024,.941,-.336,.376,.32,.869);es="Linear";ed="In";};["StandHumanoidRootPart"]={tm=.0200;cf=cfr(0,0,0,1,0,0,0,1,0,0,0,1);es="Linear";ed="In";};["Stand Torso"]={tm=.0200;cf=cfr(-1.754,.484,2.979,-.053,.327,-.944,.146,.937,.317,.988,-.121,-.097);es="Linear";ed="In";};["Stand Head"]={tm=.0200;cf=cfr(0,0,0,.638,-.734,.231,.759,.651,-.027,-.131,.193,.972);es="Linear";ed="In";};["Stand Right Arm"]={tm=.0200;cf=cfr(.033,-.109,-.106,.923,.011,-.385,.064,.981,.183,.38,-.194,.904);es="Linear";ed="In";};["Stand Left Leg"]={tm=.0200;cf=cfr(-.487,.386,.015,.985,.08,.15,-.09,.994,.061,-.145,-.073,.987);es="Linear";ed="In";};["Stand Left Arm"]={tm=.0200;cf=cfr(-.06,-.127,.069,.845,-.208,.493,-.46,.19,.867,-.274,-.96,.065);es="Linear";ed="In";};["Stand Right Leg"]={tm=.0200;cf=cfr(.948,.68,-.132,.979,.174,.108,-.191,.965,.179,-.073,-.196,.978);es="Linear";ed="In";};};{tm=.14;["Torso"]={tm=.0199;cf=cfr(-.103,-.486,-.401,.542,.809,-.228,-.772,.372,-.515,-.332,.455,.826);es="Linear";ed="In";};["Head"]={tm=.0199;cf=cfr(0,0,.017,.603,-.796,.051,.791,.605,.092,-.104,-.015,.994);es="Linear";ed="In";};["Left Arm"]={tm=.0199;cf=cfr(-.353,-.249,-.059,-.26,.945,.197,-.966,-.252,-.064,-.011,-.206,.978);es="Linear";ed="In";};["Cube"]={tm=.0199;cf=cfr(0,0,0,1,0,0,0,1,0,0,0,1);es="Linear";ed="In";};["Right Arm"]={tm=.0199;cf=cfr(-.062,-.672,.074,.55,.683,-.481,-.385,.718,.579,.741,-.133,.658);es="Linear";ed="In";};["Knife"]={tm=.0199;cf=cfr(0,0,0,1,0,0,0,1,0,0,0,1);es="Linear";ed="In";};["Left Leg"]={tm=.0199;cf=cfr(-.287,.775,-.314,.826,.564,-.002,-.511,.75,.421,.239,-.346,.907);es="Linear";ed="In";};["Right Leg"]={tm=.0199;cf=cfr(.198,-.071,.165,.695,-.076,-.715,-.159,.954,-.256,.701,.292,.651);es="Linear";ed="In";};["StandHumanoidRootPart"]={tm=.0199;cf=cfr(0,0,0,1,0,0,0,1,0,0,0,1);es="Linear";ed="In";};["Stand Torso"]={tm=.0199;cf=cfr(-1.754,.484,2.979,-.053,.327,-.944,.146,.937,.317,.988,-.121,-.097);es="Linear";ed="In";};["Stand Head"]={tm=.0199;cf=cfr(0,0,0,.638,-.734,.231,.759,.651,-.027,-.131,.193,.972);es="Linear";ed="In";};["Stand Right Arm"]={tm=.0199;cf=cfr(.033,-.109,-.106,.923,.011,-.385,.064,.981,.183,.38,-.194,.904);es="Linear";ed="In";};["Stand Left Leg"]={tm=.0199;cf=cfr(-.487,.386,.015,.985,.08,.15,-.09,.994,.061,-.145,-.073,.987);es="Linear";ed="In";};["Stand Left Arm"]={tm=.0199;cf=cfr(-.06,-.127,.069,.845,-.208,.493,-.46,.19,.867,-.274,-.96,.065);es="Linear";ed="In";};["Stand Right Leg"]={tm=.0199;cf=cfr(.948,.68,-.132,.979,.174,.108,-.191,.965,.179,-.073,-.196,.978);es="Linear";ed="In";};};{tm=.16;["Torso"]={tm=.0199;cf=cfr(.031,-.629,-.324,.96,.28,-.023,-.249,.809,-.533,-.131,.517,.846);es="Linear";ed="In";};["Head"]={tm=.0199;cf=cfr(0,0,.017,.972,-.218,-.083,.221,.975,.031,.074,-.049,.996);es="Linear";ed="In";};["Left Arm"]={tm=.0199;cf=cfr(-.398,-.179,-.08,-.407,.913,-.015,-.912,-.408,-.037,-.04,-.001,.999);es="Linear";ed="In";};["Cube"]={tm=.0199;cf=cfr(0,0,0,1,0,0,0,1,0,0,0,1);es="Linear";ed="In";};["Right Arm"]={tm=.0199;cf=cfr(.049,-.707,.047,.656,.628,-.42,-.306,.729,.613,.69,-.274,.67);es="Linear";ed="In";};["Knife"]={tm=.0199;cf=cfr(0,0,0,1,0,0,0,1,0,0,0,1);es="Linear";ed="In";};["Left Leg"]={tm=.0199;cf=cfr(-.313,.365,-.314,.265,.765,-.587,-.561,.617,.551,.784,.183,.593);es="Linear";ed="In";};["Right Leg"]={tm=.0199;cf=cfr(-.19,.038,-.46,.03,.07,-.997,-.132,.989,.065,.991,.13,.039);es="Linear";ed="In";};["StandHumanoidRootPart"]={tm=.0199;cf=cfr(0,0,0,1,0,0,0,1,0,0,0,1);es="Linear";ed="In";};["Stand Torso"]={tm=.0199;cf=cfr(-1.754,.484,2.979,-.053,.327,-.944,.146,.937,.317,.988,-.121,-.097);es="Linear";ed="In";};["Stand Head"]={tm=.0199;cf=cfr(0,0,0,.638,-.734,.231,.759,.651,-.027,-.131,.193,.972);es="Linear";ed="In";};["Stand Right Arm"]={tm=.0199;cf=cfr(.033,-.109,-.106,.923,.011,-.385,.064,.981,.183,.38,-.194,.904);es="Linear";ed="In";};["Stand Left Leg"]={tm=.0199;cf=cfr(-.487,.386,.015,.985,.08,.15,-.09,.994,.061,-.145,-.073,.987);es="Linear";ed="In";};["Stand Left Arm"]={tm=.0199;cf=cfr(-.06,-.127,.069,.845,-.208,.493,-.46,.19,.867,-.274,-.96,.065);es="Linear";ed="In";};["Stand Right Leg"]={tm=.0199;cf=cfr(.948,.68,-.132,.979,.174,.108,-.191,.965,.179,-.073,-.196,.978);es="Linear";ed="In";};};{tm=.18;["Torso"]={tm=.0200;cf=cfr(.12,-.607,-.159,.905,-.399,.146,.424,.827,-.369,.027,.396,.918);es="Linear";ed="In";};["Head"]={tm=.0200;cf=cfr(0,0,.017,.876,.434,-.211,-.433,.9,.057,.214,.042,.976);es="Linear";ed="In";};["Left Arm"]={tm=.0200;cf=cfr(-.372,-.157,-.083,-.444,.891,-.092,-.894,-.447,-.012,-.052,.077,.996);es="Linear";ed="In";};["Cube"]={tm=.0200;cf=cfr(0,0,0,1,0,0,0,1,0,0,0,1);es="Linear";ed="In";};["Right Arm"]={tm=.0200;cf=cfr(.132,-.745,.02,.826,.424,-.371,-.105,.763,.638,.553,-.489,.675);es="Linear";ed="In";};["Knife"]={tm=.0200;cf=cfr(0,0,0,1,0,0,0,1,0,0,0,1);es="Linear";ed="In";};["Left Leg"]={tm=.0200;cf=cfr(-.416,.272,-.491,-.306,.483,-.821,-.394,.72,.571,.867,.498,-.03);es="Linear";ed="In";};["Right Leg"]={tm=.0200;cf=cfr(-.056,.208,-.723,-.593,.257,-.763,-.131,.904,.407,.794,.342,-.503);es="Linear";ed="In";};["StandHumanoidRootPart"]={tm=.0200;cf=cfr(0,0,0,1,0,0,0,1,0,0,0,1);es="Linear";ed="In";};["Stand Torso"]={tm=.0200;cf=cfr(-1.754,.484,2.979,-.053,.327,-.944,.146,.937,.317,.988,-.121,-.097);es="Linear";ed="In";};["Stand Head"]={tm=.0200;cf=cfr(0,0,0,.638,-.734,.231,.759,.651,-.027,-.131,.193,.972);es="Linear";ed="In";};["Stand Right Arm"]={tm=.0200;cf=cfr(.033,-.109,-.106,.923,.011,-.385,.064,.981,.183,.38,-.194,.904);es="Linear";ed="In";};["Stand Left Leg"]={tm=.0200;cf=cfr(-.487,.386,.015,.985,.08,.15,-.09,.994,.061,-.145,-.073,.987);es="Linear";ed="In";};["Stand Left Arm"]={tm=.0200;cf=cfr(-.06,-.127,.069,.845,-.208,.493,-.46,.19,.867,-.274,-.96,.065);es="Linear";ed="In";};["Stand Right Leg"]={tm=.0200;cf=cfr(.948,.68,-.132,.979,.174,.108,-.191,.965,.179,-.073,-.196,.978);es="Linear";ed="In";};};{tm=.2;["Torso"]={tm=.0199;cf=cfr(.145,-.544,-.065,.62,-.756,.209,.784,.595,-.175,.008,.272,.962);es="Linear";ed="In";};["Head"]={tm=.0199;cf=cfr(0,0,.017,.608,.751,-.257,-.748,.65,.132,.266,.112,.957);es="Linear";ed="In";};["Left Arm"]={tm=.0199;cf=cfr(-.289,-.177,-.071,-.402,.914,-.059,-.915,-.403,-.01,-.033,.05,.998);es="Linear";ed="In";};["Cube"]={tm=.0199;cf=cfr(0,0,0,1,0,0,0,1,0,0,0,1);es="Linear";ed="In";};["Right Arm"]={tm=.0199;cf=cfr(.191,-.775,-.001,.935,.102,-.339,.157,.738,.656,.317,-.667,.674);es="Linear";ed="In";};["Knife"]={tm=.0199;cf=cfr(0,0,0,1,0,0,0,1,0,0,0,1);es="Linear";ed="In";};["Left Leg"]={tm=.0199;cf=cfr(-.388,.23,-.709,-.614,.252,-.748,-.233,.848,.477,.754,.467,-.462);es="Linear";ed="In";};["Right Leg"]={tm=.0199;cf=cfr(.112,.304,-.794,-.859,.261,-.441,-.07,.793,.605,.508,.551,-.663);es="Linear";ed="In";};["StandHumanoidRootPart"]={tm=.0199;cf=cfr(0,0,0,1,0,0,0,1,0,0,0,1);es="Linear";ed="In";};["Stand Torso"]={tm=.0199;cf=cfr(-1.754,.484,2.979,-.053,.327,-.944,.146,.937,.317,.988,-.121,-.097);es="Linear";ed="In";};["Stand Head"]={tm=.0199;cf=cfr(0,0,0,.638,-.734,.231,.759,.651,-.027,-.131,.193,.972);es="Linear";ed="In";};["Stand Right Arm"]={tm=.0199;cf=cfr(.033,-.109,-.106,.923,.011,-.385,.064,.981,.183,.38,-.194,.904);es="Linear";ed="In";};["Stand Left Leg"]={tm=.0199;cf=cfr(-.487,.386,.015,.985,.08,.15,-.09,.994,.061,-.145,-.073,.987);es="Linear";ed="In";};["Stand Left Arm"]={tm=.0199;cf=cfr(-.06,-.127,.069,.845,-.208,.493,-.46,.19,.867,-.274,-.96,.065);es="Linear";ed="In";};["Stand Right Leg"]={tm=.0199;cf=cfr(.948,.68,-.132,.979,.174,.108,-.191,.965,.179,-.073,-.196,.978);es="Linear";ed="In";};};{tm=.22;["Torso"]={tm=.0199;cf=cfr(.158,-.486,-.048,.368,-.901,.229,.926,.377,-.005,-.082,.214,.973);es="Linear";ed="In";};["Head"]={tm=.0199;cf=cfr(0,0,.017,.394,.879,-.267,-.873,.449,.189,.287,.159,.945);es="Linear";ed="In";};["Left Arm"]={tm=.0199;cf=cfr(-.171,-.226,-.049,-.298,.953,.052,-.955,-.297,-.015,.001,-.054,.999);es="Linear";ed="In";};["Cube"]={tm=.0199;cf=cfr(0,0,0,1,0,0,0,1,0,0,0,1);es="Linear";ed="In";};["Right Arm"]={tm=.0199;cf=cfr(.228,-.784,-.012,.918,-.235,-.319,.393,.64,.66,.049,-.731,.68);es="Linear";ed="In";};["Knife"]={tm=.0199;cf=cfr(0,0,0,1,0,0,0,1,0,0,0,1);es="Linear";ed="In";};["Left Leg"]={tm=.0199;cf=cfr(-.328,.169,-.834,-.775,.132,-.618,-.119,.93,.348,.621,.343,-.705);es="Linear";ed="In";};["Right Leg"]={tm=.0199;cf=cfr(.223,.365,-.78,-.953,.207,-.222,-.022,.682,.731,.303,.701,-.645);es="Linear";ed="In";};["StandHumanoidRootPart"]={tm=.0199;cf=cfr(0,0,0,1,0,0,0,1,0,0,0,1);es="Linear";ed="In";};["Stand Torso"]={tm=.0199;cf=cfr(-1.754,.484,2.979,-.053,.327,-.944,.146,.937,.317,.988,-.121,-.097);es="Linear";ed="In";};["Stand Head"]={tm=.0199;cf=cfr(0,0,0,.638,-.734,.231,.759,.651,-.027,-.131,.193,.972);es="Linear";ed="In";};["Stand Right Arm"]={tm=.0199;cf=cfr(.033,-.109,-.106,.923,.011,-.385,.064,.981,.183,.38,-.194,.904);es="Linear";ed="In";};["Stand Left Leg"]={tm=.0199;cf=cfr(-.487,.386,.015,.985,.08,.15,-.09,.994,.061,-.145,-.073,.987);es="Linear";ed="In";};["Stand Left Arm"]={tm=.0199;cf=cfr(-.06,-.127,.069,.845,-.208,.493,-.46,.19,.867,-.274,-.96,.065);es="Linear";ed="In";};["Stand Right Leg"]={tm=.0199;cf=cfr(.948,.68,-.132,.979,.174,.108,-.191,.965,.179,-.073,-.196,.978);es="Linear";ed="In";};};{tm=.24;["Torso"]={tm=.0200;cf=cfr(.172,-.434,-.078,.184,-.955,.234,.967,.219,.133,-.179,.201,.963);es="Linear";ed="In";};["Head"]={tm=.0200;cf=cfr(0,0,.017,.238,.927,-.289,-.927,.306,.217,.29,.217,.932);es="Linear";ed="In";};["Left Arm"]={tm=.0200;cf=cfr(-.04,-.289,-.022,-.151,.966,.209,-.988,-.152,-.009,.023,-.207,.978);es="Linear";ed="In";};["Cube"]={tm=.0200;cf=cfr(0,0,0,1,0,0,0,1,0,0,0,1);es="Linear";ed="In";};["Right Arm"]={tm=.0200;cf=cfr(.25,-.763,-.013,.812,-.503,-.298,.558,.517,.649,-.172,-.693,.7);es="Linear";ed="In";};["Knife"]={tm=.0200;cf=cfr(0,0,0,1,0,0,0,1,0,0,0,1);es="Linear";ed="In";};["Left Leg"]={tm=.0200;cf=cfr(-.032,.133,-1.041,-.839,.207,-.502,.109,.97,.218,.532,.129,-.837);es="Linear";ed="In";};["Right Leg"]={tm=.0200;cf=cfr(.287,.406,-.739,-.985,.146,-.094,.008,.578,.816,.174,.803,-.57);es="Linear";ed="In";};["StandHumanoidRootPart"]={tm=.0200;cf=cfr(0,0,0,1,0,0,0,1,0,0,0,1);es="Linear";ed="In";};["Stand Torso"]={tm=.0200;cf=cfr(-1.754,.484,2.979,-.053,.327,-.944,.146,.937,.317,.988,-.121,-.097);es="Linear";ed="In";};["Stand Head"]={tm=.0200;cf=cfr(0,0,0,.638,-.734,.231,.759,.651,-.027,-.131,.193,.972);es="Linear";ed="In";};["Stand Right Arm"]={tm=.0200;cf=cfr(.033,-.109,-.106,.923,.011,-.385,.064,.981,.183,.38,-.194,.904);es="Linear";ed="In";};["Stand Left Leg"]={tm=.0200;cf=cfr(-.487,.386,.015,.985,.08,.15,-.09,.994,.061,-.145,-.073,.987);es="Linear";ed="In";};["Stand Left Arm"]={tm=.0200;cf=cfr(-.06,-.127,.069,.845,-.208,.493,-.46,.19,.867,-.274,-.96,.065);es="Linear";ed="In";};["Stand Right Leg"]={tm=.0200;cf=cfr(.948,.68,-.132,.979,.174,.108,-.191,.965,.179,-.073,-.196,.978);es="Linear";ed="In";};};{tm=.26;["Torso"]={tm=.0200;cf=cfr(.185,-.392,-.121,.063,-.97,.233,.966,.119,.232,-.252,.21,.944);es="Linear";ed="In";};["Head"]={tm=.0200;cf=cfr(0,0,.017,.135,.938,-.321,-.95,.214,.227,.282,.274,.919);es="Linear";ed="In";};["Left Arm"]={tm=.0200;cf=cfr(.081,-.352,.004,.006,.93,.369,-1,-.001,.018,.017,-.369,.929);es="Linear";ed="In";};["Cube"]={tm=.0200;cf=cfr(0,0,0,1,0,0,0,1,0,0,0,1);es="Linear";ed="In";};["Right Arm"]={tm=.0200;cf=cfr(.259,-.717,-.006,.666,-.696,-.268,.669,.399,.628,-.33,-.597,.731);es="Linear";ed="In";};["Knife"]={tm=.0200;cf=cfr(0,0,0,1,0,0,0,1,0,0,0,1);es="Linear";ed="In";};["Left Leg"]={tm=.0200;cf=cfr(.228,.1,-1.146,-.854,.307,-.421,.285,.951,.116,.436,-.021,-.9);es="Linear";ed="In";};["Right Leg"]={tm=.0200;cf=cfr(.32,.432,-.699,-.995,.097,-.028,.024,.496,.868,.098,.863,-.496);es="Linear";ed="In";};["StandHumanoidRootPart"]={tm=.0200;cf=cfr(0,0,0,1,0,0,0,1,0,0,0,1);es="Linear";ed="In";};["Stand Torso"]={tm=.0200;cf=cfr(-1.754,.484,2.979,-.053,.327,-.944,.146,.937,.317,.988,-.121,-.097);es="Linear";ed="In";};["Stand Head"]={tm=.0200;cf=cfr(0,0,0,.638,-.734,.231,.759,.651,-.027,-.131,.193,.972);es="Linear";ed="In";};["Stand Right Arm"]={tm=.0200;cf=cfr(.033,-.109,-.106,.923,.011,-.385,.064,.981,.183,.38,-.194,.904);es="Linear";ed="In";};["Stand Left Leg"]={tm=.0200;cf=cfr(-.487,.386,.015,.985,.08,.15,-.09,.994,.061,-.145,-.073,.987);es="Linear";ed="In";};["Stand Left Arm"]={tm=.0200;cf=cfr(-.06,-.127,.069,.845,-.208,.493,-.46,.19,.867,-.274,-.96,.065);es="Linear";ed="In";};["Stand Right Leg"]={tm=.0200;cf=cfr(.948,.68,-.132,.979,.174,.108,-.191,.965,.179,-.073,-.196,.978);es="Linear";ed="In";};};{tm=.28;["Torso"]={tm=.0199;cf=cfr(.19,-.373,-.143,.009,-.973,.231,.96,.073,.271,-.281,.219,.934);es="Linear";ed="In";};["Head"]={tm=.0199;cf=cfr(0,0,.017,.089,.938,-.335,-.96,.17,.222,.265,.302,.916);es="Linear";ed="In";};["Left Arm"]={tm=.0199;cf=cfr(.173,-.402,.025,.131,.86,.494,-.991,.12,.054,-.013,-.497,.868);es="Linear";ed="In";};["Cube"]={tm=.0199;cf=cfr(0,0,0,1,0,0,0,1,0,0,0,1);es="Linear";ed="In";};["Right Arm"]={tm=.0199;cf=cfr(.26,-.658,.005,.516,-.826,-.226,.741,.297,.603,-.431,-.478,.765);es="Linear";ed="In";};["Knife"]={tm=.0199;cf=cfr(0,0,0,1,0,0,0,1,0,0,0,1);es="Linear";ed="In";};["Left Leg"]={tm=.0199;cf=cfr(.319,.081,-1.165,-.859,.344,-.38,.343,.937,.074,.381,-.067,-.922);es="Linear";ed="In";};["Right Leg"]={tm=.0199;cf=cfr(.333,.441,-.682,-.997,.071,-.002,.031,.462,.887,.064,.884,-.463);es="Linear";ed="In";};["StandHumanoidRootPart"]={tm=.0199;cf=cfr(0,0,0,1,0,0,0,1,0,0,0,1);es="Linear";ed="In";};["Stand Torso"]={tm=.0199;cf=cfr(-1.754,.484,2.979,-.053,.327,-.944,.146,.937,.317,.988,-.121,-.097);es="Linear";ed="In";};["Stand Head"]={tm=.0199;cf=cfr(0,0,0,.638,-.734,.231,.759,.651,-.027,-.131,.193,.972);es="Linear";ed="In";};["Stand Right Arm"]={tm=.0199;cf=cfr(.033,-.109,-.106,.923,.011,-.385,.064,.981,.183,.38,-.194,.904);es="Linear";ed="In";};["Stand Left Leg"]={tm=.0199;cf=cfr(-.487,.386,.015,.985,.08,.15,-.09,.994,.061,-.145,-.073,.987);es="Linear";ed="In";};["Stand Left Arm"]={tm=.0199;cf=cfr(-.06,-.127,.069,.845,-.208,.493,-.46,.19,.867,-.274,-.96,.065);es="Linear";ed="In";};["Stand Right Leg"]={tm=.0199;cf=cfr(.948,.68,-.132,.979,.174,.108,-.191,.965,.179,-.073,-.196,.978);es="Linear";ed="In";};};{tm=.3;["Torso"]={tm=.0200;cf=cfr(.188,-.371,-.143,-.01,-.973,.229,.96,.055,.273,-.278,.223,.934);es="Linear";ed="In";};["Head"]={tm=.0200;cf=cfr(0,0,.017,.074,.939,-.335,-.967,.15,.206,.244,.309,.919);es="Linear";ed="In";};["Left Arm"]={tm=.0200;cf=cfr(.22,-.429,.036,.202,.797,.57,-.978,.191,.078,-.047,-.573,.818);es="Linear";ed="In";};["Cube"]={tm=.0200;cf=cfr(0,0,0,1,0,0,0,1,0,0,0,1);es="Linear";ed="In";};["Right Arm"]={tm=.0200;cf=cfr(.257,-.597,.019,.388,-.905,-.177,.784,.223,.579,-.484,-.363,.796);es="Linear";ed="In";};["Knife"]={tm=.0200;cf=cfr(0,0,0,1,0,0,0,1,0,0,0,1);es="Linear";ed="In";};["Left Leg"]={tm=.0200;cf=cfr(.332,.079,-1.159,-.864,.348,-.362,.346,.935,.073,.365,-.062,-.929);es="Linear";ed="In";};["Right Leg"]={tm=.0200;cf=cfr(.339,.441,-.681,-.998,.059,.009,.035,.461,.887,.048,.885,-.462);es="Linear";ed="In";};["StandHumanoidRootPart"]={tm=.0200;cf=cfr(0,0,0,1,0,0,0,1,0,0,0,1);es="Linear";ed="In";};["Stand Torso"]={tm=.0200;cf=cfr(-1.754,.484,2.979,-.053,.327,-.944,.146,.937,.317,.988,-.121,-.097);es="Linear";ed="In";};["Stand Head"]={tm=.0200;cf=cfr(0,0,0,.638,-.734,.231,.759,.651,-.027,-.131,.193,.972);es="Linear";ed="In";};["Stand Right Arm"]={tm=.0200;cf=cfr(.033,-.109,-.106,.923,.011,-.385,.064,.981,.183,.38,-.194,.904);es="Linear";ed="In";};["Stand Left Leg"]={tm=.0200;cf=cfr(-.487,.386,.015,.985,.08,.15,-.09,.994,.061,-.145,-.073,.987);es="Linear";ed="In";};["Stand Left Arm"]={tm=.0200;cf=cfr(-.06,-.127,.069,.845,-.208,.493,-.46,.19,.867,-.274,-.96,.065);es="Linear";ed="In";};["Stand Right Leg"]={tm=.0200;cf=cfr(.948,.68,-.132,.979,.174,.108,-.191,.965,.179,-.073,-.196,.978);es="Linear";ed="In";};};{tm=.32;["Torso"]={tm=.0200;cf=cfr(.188,-.369,-.143,-.025,-.973,.229,.961,.04,.274,-.276,.227,.934);es="Linear";ed="In";};["Head"]={tm=.0200;cf=cfr(0,0,.017,.059,.938,-.342,-.972,.132,.193,.226,.321,.92);es="Linear";ed="In";};["Left Arm"]={tm=.0200;cf=cfr(.231,-.435,.038,.23,.758,.611,-.97,.226,.085,-.074,-.612,.787);es="Linear";ed="In";};["Cube"]={tm=.0200;cf=cfr(0,0,0,1,0,0,0,1,0,0,0,1);es="Linear";ed="In";};["Right Arm"]={tm=.0200;cf=cfr(.255,-.545,.032,.307,-.943,-.128,.807,.187,.56,-.504,-.276,.819);es="Linear";ed="In";};["Knife"]={tm=.0200;cf=cfr(0,0,0,1,0,0,0,1,0,0,0,1);es="Linear";ed="In";};["Left Leg"]={tm=.0200;cf=cfr(.341,.077,-1.153,-.869,.353,-.347,.349,.934,.075,.351,-.056,-.935);es="Linear";ed="In";};["Right Leg"]={tm=.0200;cf=cfr(.343,.44,-.681,-.999,.049,.017,.037,.461,.886,.035,.886,-.462);es="Linear";ed="In";};["StandHumanoidRootPart"]={tm=.0200;cf=cfr(0,0,0,1,0,0,0,1,0,0,0,1);es="Linear";ed="In";};["Stand Torso"]={tm=.0200;cf=cfr(-1.754,.484,2.979,-.053,.327,-.944,.146,.937,.317,.988,-.121,-.097);es="Linear";ed="In";};["Stand Head"]={tm=.0200;cf=cfr(0,0,0,.638,-.734,.231,.759,.651,-.027,-.131,.193,.972);es="Linear";ed="In";};["Stand Right Arm"]={tm=.0200;cf=cfr(.033,-.109,-.106,.923,.011,-.385,.064,.981,.183,.38,-.194,.904);es="Linear";ed="In";};["Stand Left Leg"]={tm=.0200;cf=cfr(-.487,.386,.015,.985,.08,.15,-.09,.994,.061,-.145,-.073,.987);es="Linear";ed="In";};["Stand Left Arm"]={tm=.0200;cf=cfr(-.06,-.127,.069,.845,-.208,.493,-.46,.19,.867,-.274,-.96,.065);es="Linear";ed="In";};["Stand Right Leg"]={tm=.0200;cf=cfr(.948,.68,-.132,.979,.174,.108,-.191,.965,.179,-.073,-.196,.978);es="Linear";ed="In";};};{tm=.34;["Torso"]={tm=.0199;cf=cfr(.189,-.366,-.144,-.037,-.973,.23,.961,.028,.274,-.273,.231,.934);es="Linear";ed="In";};["Head"]={tm=.0199;cf=cfr(0,0,.017,.045,.937,-.346,-.976,.116,.186,.215,.329,.92);es="Linear";ed="In";};["Left Arm"]={tm=.0199;cf=cfr(.217,-.427,.034,.232,.741,.631,-.968,.238,.077,-.093,-.628,.772);es="Linear";ed="In";};["Cube"]={tm=.0199;cf=cfr(0,0,0,1,0,0,0,1,0,0,0,1);es="Linear";ed="In";};["Right Arm"]={tm=.0199;cf=cfr(.25,-.506,.045,.263,-.961,-.088,.82,.174,.546,-.509,-.216,.833);es="Linear";ed="In";};["Knife"]={tm=.0199;cf=cfr(0,0,0,1,0,0,0,1,0,0,0,1);es="Linear";ed="In";};["Left Leg"]={tm=.0199;cf=cfr(.348,.076,-1.148,-.872,.357,-.335,.352,.933,.077,.34,-.05,-.939);es="Linear";ed="In";};["Right Leg"]={tm=.0199;cf=cfr(.345,.44,-.681,-.999,.039,.022,.038,.462,.886,.025,.886,-.463);es="Linear";ed="In";};["StandHumanoidRootPart"]={tm=.0199;cf=cfr(0,0,0,1,0,0,0,1,0,0,0,1);es="Linear";ed="In";};["Stand Torso"]={tm=.0199;cf=cfr(-1.754,.484,2.979,-.053,.327,-.944,.146,.937,.317,.988,-.121,-.097);es="Linear";ed="In";};["Stand Head"]={tm=.0199;cf=cfr(0,0,0,.638,-.734,.231,.759,.651,-.027,-.131,.193,.972);es="Linear";ed="In";};["Stand Right Arm"]={tm=.0199;cf=cfr(.033,-.109,-.106,.923,.011,-.385,.064,.981,.183,.38,-.194,.904);es="Linear";ed="In";};["Stand Left Leg"]={tm=.0199;cf=cfr(-.487,.386,.015,.985,.08,.15,-.09,.994,.061,-.145,-.073,.987);es="Linear";ed="In";};["Stand Left Arm"]={tm=.0199;cf=cfr(-.06,-.127,.069,.845,-.208,.493,-.46,.19,.867,-.274,-.96,.065);es="Linear";ed="In";};["Stand Right Leg"]={tm=.0199;cf=cfr(.948,.68,-.132,.979,.174,.108,-.191,.965,.179,-.073,-.196,.978);es="Linear";ed="In";};};{tm=.36;["Torso"]={tm=.0200;cf=cfr(.191,-.363,-.144,-.047,-.972,.232,.962,.019,.274,-.271,.236,.933);es="Linear";ed="In";};["Head"]={tm=.0200;cf=cfr(0,0,.017,.033,.938,-.346,-.977,.103,.185,.209,.332,.92);es="Linear";ed="In";};["Left Arm"]={tm=.0200;cf=cfr(.192,-.412,.027,.221,.738,.638,-.969,.238,.061,-.106,-.632,.768);es="Linear";ed="In";};["Cube"]={tm=.0200;cf=cfr(0,0,0,1,0,0,0,1,0,0,0,1);es="Linear";ed="In";};["Right Arm"]={tm=.0200;cf=cfr(.238,-.475,.056,.228,-.972,-.057,.829,.163,.536,-.512,-.169,.842);es="Linear";ed="In";};["Knife"]={tm=.0200;cf=cfr(0,0,0,1,0,0,0,1,0,0,0,1);es="Linear";ed="In";};["Left Leg"]={tm=.0200;cf=cfr(.353,.074,-1.143,-.874,.361,-.324,.355,.932,.081,.331,-.044,-.943);es="Linear";ed="In";};["Right Leg"]={tm=.0200;cf=cfr(.347,.44,-.681,-.999,.031,.025,.037,.463,.886,.016,.886,-.464);es="Linear";ed="In";};["StandHumanoidRootPart"]={tm=.0200;cf=cfr(0,0,0,1,0,0,0,1,0,0,0,1);es="Linear";ed="In";};["Stand Torso"]={tm=.0200;cf=cfr(-1.754,.484,2.979,-.053,.327,-.944,.146,.937,.317,.988,-.121,-.097);es="Linear";ed="In";};["Stand Head"]={tm=.0200;cf=cfr(0,0,0,.638,-.734,.231,.759,.651,-.027,-.131,.193,.972);es="Linear";ed="In";};["Stand Right Arm"]={tm=.0200;cf=cfr(.033,-.109,-.106,.923,.011,-.385,.064,.981,.183,.38,-.194,.904);es="Linear";ed="In";};["Stand Left Leg"]={tm=.0200;cf=cfr(-.487,.386,.015,.985,.08,.15,-.09,.994,.061,-.145,-.073,.987);es="Linear";ed="In";};["Stand Left Arm"]={tm=.0200;cf=cfr(-.06,-.127,.069,.845,-.208,.493,-.46,.19,.867,-.274,-.96,.065);es="Linear";ed="In";};["Stand Right Leg"]={tm=.0200;cf=cfr(.948,.68,-.132,.979,.174,.108,-.191,.965,.179,-.073,-.196,.978);es="Linear";ed="In";};};{tm=.38;["Torso"]={tm=.0200;cf=cfr(.193,-.36,-.144,-.054,-.97,.235,.962,.013,.273,-.268,.241,.933);es="Linear";ed="In";};["Head"]={tm=.0200;cf=cfr(0,0,.017,.023,.939,-.344,-.978,.093,.188,.208,.332,.92);es="Linear";ed="In";};["Left Arm"]={tm=.0200;cf=cfr(.168,-.398,.021,.209,.741,.638,-.971,.234,.047,-.115,-.63,.768);es="Linear";ed="In";};["Cube"]={tm=.0200;cf=cfr(0,0,0,1,0,0,0,1,0,0,0,1);es="Linear";ed="In";};["Right Arm"]={tm=.0200;cf=cfr(.221,-.452,.066,.201,-.979,-.032,.835,.154,.528,-.512,-.133,.848);es="Linear";ed="In";};["Knife"]={tm=.0200;cf=cfr(0,0,0,1,0,0,0,1,0,0,0,1);es="Linear";ed="In";};["Left Leg"]={tm=.0200;cf=cfr(.355,.073,-1.139,-.876,.365,-.316,.357,.93,.085,.325,-.038,-.945);es="Linear";ed="In";};["Right Leg"]={tm=.0200;cf=cfr(.347,.44,-.682,-.999,.024,.026,.035,.465,.885,.009,.885,-.465);es="Linear";ed="In";};["StandHumanoidRootPart"]={tm=.0200;cf=cfr(0,0,0,1,0,0,0,1,0,0,0,1);es="Linear";ed="In";};["Stand Torso"]={tm=.0200;cf=cfr(-1.754,.484,2.979,-.053,.327,-.944,.146,.937,.317,.988,-.121,-.097);es="Linear";ed="In";};["Stand Head"]={tm=.0200;cf=cfr(0,0,0,.638,-.734,.231,.759,.651,-.027,-.131,.193,.972);es="Linear";ed="In";};["Stand Right Arm"]={tm=.0200;cf=cfr(.033,-.109,-.106,.923,.011,-.385,.064,.981,.183,.38,-.194,.904);es="Linear";ed="In";};["Stand Left Leg"]={tm=.0200;cf=cfr(-.487,.386,.015,.985,.08,.15,-.09,.994,.061,-.145,-.073,.987);es="Linear";ed="In";};["Stand Left Arm"]={tm=.0200;cf=cfr(-.06,-.127,.069,.845,-.208,.493,-.46,.19,.867,-.274,-.96,.065);es="Linear";ed="In";};["Stand Right Leg"]={tm=.0200;cf=cfr(.948,.68,-.132,.979,.174,.108,-.191,.965,.179,-.073,-.196,.978);es="Linear";ed="In";};};{tm=.4;["Torso"]={tm=.0199;cf=cfr(.196,-.358,-.145,-.06,-.969,.238,.962,.008,.272,-.266,.246,.932);es="Linear";ed="In";};["Head"]={tm=.0199;cf=cfr(0,0,.017,.014,.94,-.34,-.977,.085,.193,.211,.33,.92);es="Linear";ed="In";};["Left Arm"]={tm=.0199;cf=cfr(.154,-.39,.017,.206,.741,.639,-.971,.236,.039,-.122,-.629,.768);es="Linear";ed="In";};["Cube"]={tm=.0199;cf=cfr(0,0,0,1,0,0,0,1,0,0,0,1);es="Linear";ed="In";};["Right Arm"]={tm=.0199;cf=cfr(.201,-.436,.074,.182,-.983,-.015,.839,.148,.523,-.512,-.108,.852);es="Linear";ed="In";};["Knife"]={tm=.0199;cf=cfr(0,0,0,1,0,0,0,1,0,0,0,1);es="Linear";ed="In";};["Left Leg"]={tm=.0199;cf=cfr(.357,.073,-1.135,-.877,.368,-.309,.359,.929,.089,.32,-.033,-.947);es="Linear";ed="In";};["Right Leg"]={tm=.0199;cf=cfr(.347,.439,-.682,-.999,.018,.026,.032,.466,.884,.004,.885,-.466);es="Linear";ed="In";};["StandHumanoidRootPart"]={tm=.0199;cf=cfr(0,0,0,1,0,0,0,1,0,0,0,1);es="Linear";ed="In";};["Stand Torso"]={tm=.0199;cf=cfr(-1.754,.484,2.979,-.053,.327,-.944,.146,.937,.317,.988,-.121,-.097);es="Linear";ed="In";};["Stand Head"]={tm=.0199;cf=cfr(0,0,0,.638,-.734,.231,.759,.651,-.027,-.131,.193,.972);es="Linear";ed="In";};["Stand Right Arm"]={tm=.0199;cf=cfr(.033,-.109,-.106,.923,.011,-.385,.064,.981,.183,.38,-.194,.904);es="Linear";ed="In";};["Stand Left Leg"]={tm=.0199;cf=cfr(-.487,.386,.015,.985,.08,.15,-.09,.994,.061,-.145,-.073,.987);es="Linear";ed="In";};["Stand Left Arm"]={tm=.0199;cf=cfr(-.06,-.127,.069,.845,-.208,.493,-.46,.19,.867,-.274,-.96,.065);es="Linear";ed="In";};["Stand Right Leg"]={tm=.0199;cf=cfr(.948,.68,-.132,.979,.174,.108,-.191,.965,.179,-.073,-.196,.978);es="Linear";ed="In";};};{tm=.42;["Torso"]={tm=.0200;cf=cfr(.199,-.355,-.145,-.063,-.968,.242,.963,.005,.271,-.264,.25,.932);es="Linear";ed="In";};["Head"]={tm=.0200;cf=cfr(0,0,.017,.008,.942,-.335,-.977,.079,.2,.215,.326,.921);es="Linear";ed="In";};["Left Arm"]={tm=.0200;cf=cfr(.15,-.388,.016,.21,.738,.641,-.969,.243,.038,-.127,-.629,.766);es="Linear";ed="In";};["Cube"]={tm=.0200;cf=cfr(0,0,0,1,0,0,0,1,0,0,0,1);es="Linear";ed="In";};["Right Arm"]={tm=.0200;cf=cfr(.18,-.425,.081,.17,-.985,-.003,.842,.143,.52,-.512,-.091,.854);es="Linear";ed="In";};["Knife"]={tm=.0200;cf=cfr(0,0,0,1,0,0,0,1,0,0,0,1);es="Linear";ed="In";};["Left Leg"]={tm=.0200;cf=cfr(.357,.072,-1.132,-.877,.372,-.304,.361,.928,.094,.317,-.027,-.948);es="Linear";ed="In";};["Right Leg"]={tm=.0200;cf=cfr(.347,.439,-.683,-1,.014,.025,.029,.468,.883,0,.884,-.468);es="Linear";ed="In";};["StandHumanoidRootPart"]={tm=.0200;cf=cfr(0,0,0,1,0,0,0,1,0,0,0,1);es="Linear";ed="In";};["Stand Torso"]={tm=.0200;cf=cfr(-1.754,.484,2.979,-.053,.327,-.944,.146,.937,.317,.988,-.121,-.097);es="Linear";ed="In";};["Stand Head"]={tm=.0200;cf=cfr(0,0,0,.638,-.734,.231,.759,.651,-.027,-.131,.193,.972);es="Linear";ed="In";};["Stand Right Arm"]={tm=.0200;cf=cfr(.033,-.109,-.106,.923,.011,-.385,.064,.981,.183,.38,-.194,.904);es="Linear";ed="In";};["Stand Left Leg"]={tm=.0200;cf=cfr(-.487,.386,.015,.985,.08,.15,-.09,.994,.061,-.145,-.073,.987);es="Linear";ed="In";};["Stand Left Arm"]={tm=.0200;cf=cfr(-.06,-.127,.069,.845,-.208,.493,-.46,.19,.867,-.274,-.96,.065);es="Linear";ed="In";};["Stand Right Leg"]={tm=.0200;cf=cfr(.948,.68,-.132,.979,.174,.108,-.191,.965,.179,-.073,-.196,.978);es="Linear";ed="In";};};{tm=.44;["Torso"]={tm=.0200;cf=cfr(.202,-.353,-.146,-.066,-.967,.245,.963,.003,.27,-.262,.254,.931);es="Linear";ed="In";};["Head"]={tm=.0200;cf=cfr(0,0,.017,.002,.944,-.329,-.975,.075,.208,.221,.321,.921);es="Linear";ed="In";};["Left Arm"]={tm=.0200;cf=cfr(.153,-.389,.017,.219,.734,.643,-.967,.252,.042,-.131,-.631,.764);es="Linear";ed="In";};["Cube"]={tm=.0200;cf=cfr(0,0,0,1,0,0,0,1,0,0,0,1);es="Linear";ed="In";};["Right Arm"]={tm=.0200;cf=cfr(.16,-.418,.087,.162,-.987,.004,.844,.141,.518,-.511,-.08,.856);es="Linear";ed="In";};["Knife"]={tm=.0200;cf=cfr(0,0,0,1,0,0,0,1,0,0,0,1);es="Linear";ed="In";};["Left Leg"]={tm=.0200;cf=cfr(.356,.072,-1.13,-.877,.374,-.3,.362,.927,.098,.315,-.023,-.949);es="Linear";ed="In";};["Right Leg"]={tm=.0200;cf=cfr(.346,.439,-.683,-1,.01,.024,.026,.469,.883,-.002,.883,-.469);es="Linear";ed="In";};["StandHumanoidRootPart"]={tm=.0200;cf=cfr(0,0,0,1,0,0,0,1,0,0,0,1);es="Linear";ed="In";};["Stand Torso"]={tm=.0200;cf=cfr(-1.754,.484,2.979,-.053,.327,-.944,.146,.937,.317,.988,-.121,-.097);es="Linear";ed="In";};["Stand Head"]={tm=.0200;cf=cfr(0,0,0,.638,-.734,.231,.759,.651,-.027,-.131,.193,.972);es="Linear";ed="In";};["Stand Right Arm"]={tm=.0200;cf=cfr(.033,-.109,-.106,.923,.011,-.385,.064,.981,.183,.38,-.194,.904);es="Linear";ed="In";};["Stand Left Leg"]={tm=.0200;cf=cfr(-.487,.386,.015,.985,.08,.15,-.09,.994,.061,-.145,-.073,.987);es="Linear";ed="In";};["Stand Left Arm"]={tm=.0200;cf=cfr(-.06,-.127,.069,.845,-.208,.493,-.46,.19,.867,-.274,-.96,.065);es="Linear";ed="In";};["Stand Right Leg"]={tm=.0200;cf=cfr(.948,.68,-.132,.979,.174,.108,-.191,.965,.179,-.073,-.196,.978);es="Linear";ed="In";};};{tm=.46;["Torso"]={tm=.0199;cf=cfr(.204,-.351,-.146,-.067,-.966,.248,.963,.002,.269,-.261,.257,.931);es="Linear";ed="In";};["Head"]={tm=.0199;cf=cfr(0,0,.017,-.001,.946,-.324,-.974,.072,.215,.227,.316,.921);es="Linear";ed="In";};["Left Arm"]={tm=.0199;cf=cfr(.159,-.392,.019,.229,.729,.645,-.964,.261,.047,-.134,-.633,.762);es="Linear";ed="In";};["Cube"]={tm=.0199;cf=cfr(0,0,0,1,0,0,0,1,0,0,0,1);es="Linear";ed="In";};["Right Arm"]={tm=.0199;cf=cfr(.143,-.415,.091,.158,-.987,.008,.845,.139,.517,-.511,-.075,.856);es="Linear";ed="In";};["Knife"]={tm=.0199;cf=cfr(0,0,0,1,0,0,0,1,0,0,0,1);es="Linear";ed="In";};["Left Leg"]={tm=.0199;cf=cfr(.355,.072,-1.128,-.877,.376,-.298,.363,.926,.101,.314,-.02,-.949);es="Linear";ed="In";};["Right Leg"]={tm=.0199;cf=cfr(.345,.439,-.684,-1,.007,.022,.023,.47,.882,-.004,.883,-.47);es="Linear";ed="In";};["StandHumanoidRootPart"]={tm=.0199;cf=cfr(0,0,0,1,0,0,0,1,0,0,0,1);es="Linear";ed="In";};["Stand Torso"]={tm=.0199;cf=cfr(-1.754,.484,2.979,-.053,.327,-.944,.146,.937,.317,.988,-.121,-.097);es="Linear";ed="In";};["Stand Head"]={tm=.0199;cf=cfr(0,0,0,.638,-.734,.231,.759,.651,-.027,-.131,.193,.972);es="Linear";ed="In";};["Stand Right Arm"]={tm=.0199;cf=cfr(.033,-.109,-.106,.923,.011,-.385,.064,.981,.183,.38,-.194,.904);es="Linear";ed="In";};["Stand Left Leg"]={tm=.0199;cf=cfr(-.487,.386,.015,.985,.08,.15,-.09,.994,.061,-.145,-.073,.987);es="Linear";ed="In";};["Stand Left Arm"]={tm=.0199;cf=cfr(-.06,-.127,.069,.845,-.208,.493,-.46,.19,.867,-.274,-.96,.065);es="Linear";ed="In";};["Stand Right Leg"]={tm=.0199;cf=cfr(.948,.68,-.132,.979,.174,.108,-.191,.965,.179,-.073,-.196,.978);es="Linear";ed="In";};};{tm=.48;["Torso"]={tm=.0200;cf=cfr(.205,-.35,-.146,-.067,-.966,.25,.963,.002,.268,-.26,.259,.93);es="Linear";ed="In";};["Head"]={tm=.0200;cf=cfr(0,0,.017,-.003,.947,-.321,-.973,.071,.22,.231,.313,.921);es="Linear";ed="In";};["Left Arm"]={tm=.0200;cf=cfr(.165,-.396,.02,.238,.725,.647,-.962,.268,.053,