-- // converted using mech's animoduler
local cfr = CFrame.new

return {{tm=0;["Torso"]={tm=.02;cf=cfr(.206,-.35,-.147,-.068,-.966,.25,.963,.002,.268,-.259,.259,.93);es="Linear";ed="In";};["Head"]={tm=.02;cf=cfr(0,0,.017,-.004,.948,-.319,-.973,.07,.222,.233,.311,.921);es="Linear";ed="In";};["Left Arm"]={tm=.02;cf=cfr(.167,-.397,.021,.241,.723,.648,-.961,.271,.055,-.136,-.636,.76);es="Linear";ed="In";};["Cube"]={tm=.02;cf=cfr(0,0,0,1,0,0,0,1,0,0,0,1);es="Linear";ed="In";};["Right Arm"]={tm=.02;cf=cfr(.127,-.413,.095,.156,-.988,.009,.845,.139,.516,-.511,-.073,.856);es="Linear";ed="In";};["Knife"]={tm=.02;cf=cfr(0,0,0,1,0,0,0,1,0,0,0,1);es="Linear";ed="In";};["Left Leg"]={tm=.02;cf=cfr(.353,.071,-1.126,-.877,.378,-.296,.364,.926,.104,.313,-.017,-.95);es="Linear";ed="In";};["Right Leg"]={tm=.02;cf=cfr(.345,.439,-.684,-1,.005,.021,.021,.471,.882,-.005,.882,-.471);es="Linear";ed="In";};["StandHumanoidRootPart"]={tm=.02;cf=cfr(0,0,0,1,0,0,0,1,0,0,0,1);es="Linear";ed="In";};["Stand Torso"]={tm=.02;cf=cfr(-1.754,.484,2.979,-.053,.327,-.944,.146,.937,.317,.988,-.121,-.097);es="Linear";ed="In";};["Stand Head"]={tm=.02;cf=cfr(0,0,0,.638,-.734,.231,.759,.651,-.027,-.131,.193,.972);es="Linear";ed="In";};["Stand Right Arm"]={tm=.02;cf=cfr(.033,-.109,-.106,.923,.011,-.385,.064,.981,.183,.38,-.194,.904);es="Linear";ed="In";};["Stand Left Leg"]={tm=.02;cf=cfr(-.487,.386,.015,.985,.08,.15,-.09,.994,.061,-.145,-.073,.987);es="Linear";ed="In";};["Stand Left Arm"]={tm=.02;cf=cfr(-.06,-.127,.069,.845,-.208,.493,-.46,.19,.867,-.274,-.96,.065);es="Linear";ed="In";};["Stand Right Leg"]={tm=.02;cf=cfr(.948,.68,-.132,.979,.174,.108,-.191,.965,.179,-.073,-.196,.978);es="Linear";ed="In";};};{tm=.02;["Torso"]={tm=.02;cf=cfr(.2,-.301,-.154,-.088,-.966,.243,.958,-.016,.285,-.272,.258,.927);es="Linear";ed="In";};["Head"]={tm=.02;cf=cfr(0,0,.017,-.012,.944,-.331,-.974,.064,.218,.227,.325,.918);es="Linear";ed="In";};["Left Arm"]={tm=.02;cf=cfr(.167,-.397,.021,.236,.717,.656,-.961,.271,.049,-.143,-.642,.753);es="Linear";ed="In";};["Cube"]={tm=.02;cf=cfr(0,0,0,1,0,0,0,1,0,0,0,1);es="Linear";ed="In";};["Right Arm"]={tm=.02;cf=cfr(.167,-.378,.114,.045,-.996,.081,.887,.077,.455,-.46,.051,.887);es="Linear";ed="In";};["Knife"]={tm=.02;cf=cfr(0,0,0,1,0,0,0,1,0,0,0,1);es="Linear";ed="In";};["Left Leg"]={tm=.02;cf=cfr(.37,.073,-1.119,-.885,.377,-.274,.362,.926,.103,.292,-.008,-.956);es="Linear";ed="In";};["Right Leg"]={tm=.02;cf=cfr(.354,.439,-.681,-.999,-.002,.039,.034,.465,.884,-.02,.885,-.465);es="Linear";ed="In";};["StandHumanoidRootPart"]={tm=.02;cf=cfr(0,0,0,1,0,0,0,1,0,0,0,1);es="Linear";ed="In";};["Stand Torso"]={tm=.02;cf=cfr(-1.754,.484,2.979,-.053,.327,-.944,.146,.937,.317,.988,-.121,-.097);es="Linear";ed="In";};["Stand Head"]={tm=.02;cf=cfr(0,0,0,.638,-.734,.231,.759,.651,-.027,-.131,.193,.972);es="Linear";ed="In";};["Stand Right Arm"]={tm=.02;cf=cfr(.033,-.109,-.106,.923,.011,-.385,.064,.981,.183,.38,-.194,.904);es="Linear";ed="In";};["Stand Left Leg"]={tm=.02;cf=cfr(-.487,.386,.015,.985,.08,.15,-.09,.994,.061,-.145,-.073,.987);es="Linear";ed="In";};["Stand Left Arm"]={tm=.02;cf=cfr(-.06,-.127,.069,.845,-.208,.493,-.46,.19,.867,-.274,-.96,.065);es="Linear";ed="In";};["Stand Right Leg"]={tm=.02;cf=cfr(.948,.68,-.132,.979,.174,.108,-.191,.965,.179,-.073,-.196,.978);es="Linear";ed="In";};};{tm=.04;["Torso"]={tm=.0199;cf=cfr(.184,-.18,-.174,-.139,-.965,.224,.944,-.061,.324,-.298,.256,.919);es="Linear";ed="In";};["Head"]={tm=.0199;cf=cfr(0,0,.017,-.03,.933,-.357,-.976,.049,.21,.214,.355,.91);es="Linear";ed="In";};["Left Arm"]={tm=.0199;cf=cfr(.167,-.397,.02,.22,.703,.676,-.963,.268,.035,-.157,-.659,.736);es="Linear";ed="In";};["Cube"]={tm=.0199;cf=cfr(0,0,0,1,0,0,0,1,0,0,0,1);es="Linear";ed="In";};["Right Arm"]={tm=.0199;cf=cfr(.265,-.302,.164,-.201,-.928,.314,.954,-.112,.279,-.224,.356,.907);es="Linear";ed="In";};["Knife"]={tm=.0199;cf=cfr(0,0,0,1,0,0,0,1,0,0,0,1);es="Linear";ed="In";};["Left Leg"]={tm=.0199;cf=cfr(.401,.076,-1.094,-.905,.367,-.216,.353,.93,.105,.239,.018,-.971);es="Linear";ed="In";};["Right Leg"]={tm=.0199;cf=cfr(.377,.44,-.673,-.996,-.022,.086,.067,.455,.888,-.059,.89,-.452);es="Linear";ed="In";};["StandHumanoidRootPart"]={tm=.0199;cf=cfr(0,0,0,1,0,0,0,1,0,0,0,1);es="Linear";ed="In";};["Stand Torso"]={tm=.0199;cf=cfr(-1.754,.484,2.979,-.053,.327,-.944,.146,.937,.317,.988,-.121,-.097);es="Linear";ed="In";};["Stand Head"]={tm=.0199;cf=cfr(0,0,0,.638,-.734,.231,.759,.651,-.027,-.131,.193,.972);es="Linear";ed="In";};["Stand Right Arm"]={tm=.0199;cf=cfr(.033,-.109,-.106,.923,.011,-.385,.064,.981,.183,.38,-.194,.904);es="Linear";ed="In";};["Stand Left Leg"]={tm=.0199;cf=cfr(-.487,.386,.015,.985,.08,.15,-.09,.994,.061,-.145,-.073,.987);es="Linear";ed="In";};["Stand Left Arm"]={tm=.0199;cf=cfr(-.06,-.127,.069,.845,-.208,.493,-.46,.19,.867,-.274,-.96,.065);es="Linear";ed="In";};["Stand Right Leg"]={tm=.0199;cf=cfr(.948,.68,-.132,.979,.174,.108,-.191,.965,.179,-.073,-.196,.978);es="Linear";ed="In";};};{tm=.06;["Torso"]={tm=.0200;cf=cfr(.165,-.025,-.196,-.204,-.958,.2,.923,-.12,.365,-.326,.26,.909);es="Linear";ed="In";};["Head"]={tm=.0200;cf=cfr(0,0,.017,-.051,.921,-.387,-.978,.032,.205,.201,.389,.899);es="Linear";ed="In";};["Left Arm"]={tm=.0200;cf=cfr(.166,-.397,.02,.196,.687,.7,-.966,.26,.016,-.171,-.679,.714);es="Linear";ed="In";};["Cube"]={tm=.0200;cf=cfr(0,0,0,1,0,0,0,1,0,0,0,1);es="Linear";ed="In";};["Right Arm"]={tm=.0200;cf=cfr(.384,-.233,.224,-.322,-.669,.67,.912,-.409,.03,.254,.621,.742);es="Linear";ed="In";};["Knife"]={tm=.0200;cf=cfr(0,0,0,1,0,0,0,1,0,0,0,1);es="Linear";ed="In";};["Left Leg"]={tm=.0200;cf=cfr(.413,.082,-1.055,-.93,.34,-.139,.325,.938,.116,.17,.063,-.984);es="Linear";ed="In";};["Right Leg"]={tm=.0200;cf=cfr(.407,.438,-.666,-.988,-.049,.147,.11,.451,.886,-.11,.891,-.441);es="Linear";ed="In";};["StandHumanoidRootPart"]={tm=.0200;cf=cfr(0,0,0,1,0,0,0,1,0,0,0,1);es="Linear";ed="In";};["Stand Torso"]={tm=.0200;cf=cfr(-1.754,.484,2.979,-.053,.327,-.944,.146,.937,.317,.988,-.121,-.097);es="Linear";ed="In";};["Stand Head"]={tm=.0200;cf=cfr(0,0,0,.638,-.734,.231,.759,.651,-.027,-.131,.193,.972);es="Linear";ed="In";};["Stand Right Arm"]={tm=.0200;cf=cfr(.033,-.109,-.106,.923,.011,-.385,.064,.981,.183,.38,-.194,.904);es="Linear";ed="In";};["Stand Left Leg"]={tm=.0200;cf=cfr(-.487,.386,.015,.985,.08,.15,-.09,.994,.061,-.145,-.073,.987);es="Linear";ed="In";};["Stand Left Arm"]={tm=.0200;cf=cfr(-.06,-.127,.069,.845,-.208,.493,-.46,.19,.867,-.274,-.96,.065);es="Linear";ed="In";};["Stand Right Leg"]={tm=.0200;cf=cfr(.948,.68,-.132,.979,.174,.108,-.191,.965,.179,-.073,-.196,.978);es="Linear";ed="In";};};{tm=.08;["Torso"]={tm=.0200;cf=cfr(.15,.127,-.214,-.269,-.946,.182,.901,-.181,.393,-.339,.27,.901);es="Linear";ed="In";};["Head"]={tm=.0200;cf=cfr(0,0,.017,-.069,.91,-.408,-.978,.018,.206,.195,.414,.889);es="Linear";ed="In";};["Left Arm"]={tm=.0200;cf=cfr(.165,-.398,.019,.164,.674,.72,-.97,.242,-.005,-.177,-.698,.694);es="Linear";ed="In";};["Cube"]={tm=.0200;cf=cfr(0,0,0,1,0,0,0,1,0,0,0,1);es="Linear";ed="In";};["Right Arm"]={tm=.0200;cf=cfr(.481,-.213,.277,-.077,-.412,.908,.724,-.65,-.233,.686,.639,.348);es="Linear";ed="In";};["Knife"]={tm=.0200;cf=cfr(0,0,0,1,0,0,0,1,0,0,0,1);es="Linear";ed="In";};["Left Leg"]={tm=.0200;cf=cfr(.375,.088,-1.013,-.957,.284,-.057,.274,.951,.142,.095,.12,-.988);es="Linear";ed="In";};["Right Leg"]={tm=.0200;cf=cfr(.438,.431,-.664,-.975,-.079,.21,.15,.463,.874,-.166,.883,-.439);es="Linear";ed="In";};["StandHumanoidRootPart"]={tm=.0200;cf=cfr(0,0,0,1,0,0,0,1,0,0,0,1);es="Linear";ed="In";};["Stand Torso"]={tm=.0200;cf=cfr(-1.754,.484,2.979,-.053,.327,-.944,.146,.937,.317,.988,-.121,-.097);es="Linear";ed="In";};["Stand Head"]={tm=.0200;cf=cfr(0,0,0,.638,-.734,.231,.759,.651,-.027,-.131,.193,.972);es="Linear";ed="In";};["Stand Right Arm"]={tm=.0200;cf=cfr(.033,-.109,-.106,.923,.011,-.385,.064,.981,.183,.38,-.194,.904);es="Linear";ed="In";};["Stand Left Leg"]={tm=.0200;cf=cfr(-.487,.386,.015,.985,.08,.15,-.09,.994,.061,-.145,-.073,.987);es="Linear";ed="In";};["Stand Left Arm"]={tm=.0200;cf=cfr(-.06,-.127,.069,.845,-.208,.493,-.46,.19,.867,-.274,-.96,.065);es="Linear";ed="In";};["Stand Right Leg"]={tm=.0200;cf=cfr(.948,.68,-.132,.979,.174,.108,-.191,.965,.179,-.073,-.196,.978);es="Linear";ed="In";};};{tm=.1;["Torso"]={tm=.0199;cf=cfr(.148,.242,-.216,-.322,-.93,.18,.889,-.231,.396,-.327,.287,.901);es="Linear";ed="In";};["Head"]={tm=.0199;cf=cfr(0,0,.017,-.079,.909,-.41,-.976,.013,.216,.201,.417,.886);es="Linear";ed="In";};["Left Arm"]={tm=.0199;cf=cfr(.165,-.399,.019,.128,.672,.729,-.977,.21,-.022,-.168,-.71,.684);es="Linear";ed="In";};["Cube"]={tm=.0199;cf=cfr(0,0,0,1,0,0,0,1,0,0,0,1);es="Linear";ed="In";};["Right Arm"]={tm=.0199;cf=cfr(.526,-.253,.316,.357,-.401,.844,.469,-.704,-.533,.808,.586,-.063);es="Linear";ed="In";};["Knife"]={tm=.0199;cf=cfr(0,0,0,1,0,0,0,1,0,0,0,1);es="Linear";ed="In";};["Left Leg"]={tm=.0199;cf=cfr(.23,.094,-.985,-.983,.181,.016,.181,.965,.187,.018,.187,-.982);es="Linear";ed="In";};["Right Leg"]={tm=.0199;cf=cfr(.462,.419,-.67,-.96,-.109,.26,.174,.494,.852,-.221,.863,-.455);es="Linear";ed="In";};["StandHumanoidRootPart"]={tm=.0199;cf=cfr(0,0,0,1,0,0,0,1,0,0,0,1);es="Linear";ed="In";};["Stand Torso"]={tm=.0199;cf=cfr(-1.754,.484,2.979,-.053,.327,-.944,.146,.937,.317,.988,-.121,-.097);es="Linear";ed="In";};["Stand Head"]={tm=.0199;cf=cfr(0,0,0,.638,-.734,.231,.759,.651,-.027,-.131,.193,.972);es="Linear";ed="In";};["Stand Right Arm"]={tm=.0199;cf=cfr(.033,-.109,-.106,.923,.011,-.385,.064,.981,.183,.38,-.194,.904);es="Linear";ed="In";};["Stand Left Leg"]={tm=.0199;cf=cfr(-.487,.386,.015,.985,.08,.15,-.09,.994,.061,-.145,-.073,.987);es="Linear";ed="In";};["Stand Left Arm"]={tm=.0199;cf=cfr(-.06,-.127,.069,.845,-.208,.493,-.46,.19,.867,-.274,-.96,.065);es="Linear";ed="In";};["Stand Right Leg"]={tm=.0199;cf=cfr(.948,.68,-.132,.979,.174,.108,-.191,.965,.179,-.073,-.196,.978);es="Linear";ed="In";};};{tm=.12;["Torso"]={tm=.0200;cf=cfr(.17,.285,-.196,-.352,-.913,.206,.895,-.263,.36,-.274,.311,.91);es="Linear";ed="In";};["Head"]={tm=.0200;cf=cfr(0,0,.017,-.075,.922,-.38,-.972,.018,.236,.225,.386,.894);es="Linear";ed="In";};["Left Arm"]={tm=.0200;cf=cfr(.166,-.4,.019,.088,.686,.722,-.987,.16,-.032,-.137,-.71,.691);es="Linear";ed="In";};["Cube"]={tm=.0200;cf=cfr(0,0,0,1,0,0,0,1,0,0,0,1);es="Linear";ed="In";};["Right Arm"]={tm=.0200;cf=cfr(.576,-.247,.349,.664,-.478,.575,.194,-.633,-.75,.722,.61,-.327);es="Linear";ed="In";};["Knife"]={tm=.0200;cf=cfr(0,0,0,1,0,0,0,1,0,0,0,1);es="Linear";ed="In";};["Left Leg"]={tm=.0200;cf=cfr(.007,.129,-.981,-.996,.056,.07,.072,.964,.257,-.053,.261,-.964);es="Linear";ed="In";};["Right Leg"]={tm=.0200;cf=cfr(.473,.404,-.69,-.949,-.141,.283,.163,.549,.82,-.271,.824,-.498);es="Linear";ed="In";};["StandHumanoidRootPart"]={tm=.0200;cf=cfr(0,0,0,1,0,0,0,1,0,0,0,1);es="Linear";ed="In";};["Stand Torso"]={tm=.0200;cf=cfr(-1.754,.484,2.979,-.053,.327,-.944,.146,.937,.317,.988,-.121,-.097);es="Linear";ed="In";};["Stand Head"]={tm=.0200;cf=cfr(0,0,0,.638,-.734,.231,.759,.651,-.027,-.131,.193,.972);es="Linear";ed="In";};["Stand Right Arm"]={tm=.0200;cf=cfr(.033,-.109,-.106,.923,.011,-.385,.064,.981,.183,.38,-.194,.904);es="Linear";ed="In";};["Stand Left Leg"]={tm=.0200;cf=cfr(-.487,.386,.015,.985,.08,.15,-.09,.994,.061,-.145,-.073,.987);es="Linear";ed="In";};["Stand Left Arm"]={tm=.0200;cf=cfr(-.06,-.127,.069,.845,-.208,.493,-.46,.19,.867,-.274,-.96,.065);es="Linear";ed="In";};["Stand Right Leg"]={tm=.0200;cf=cfr(.948,.68,-.132,.979,.174,.108,-.191,.965,.179,-.073,-.196,.978);es="Linear";ed="In";};};{tm=.14;["Torso"]={tm=.0199;cf=cfr(.226,.218,-.152,-.342,-.899,.275,.925,-.271,.265,-.164,.345,.924);es="Linear";ed="In";};["Head"]={tm=.0199;cf=cfr(0,0,.017,-.048,.952,-.302,-.962,.037,.271,.269,.303,.914);es="Linear";ed="In";};["Left Arm"]={tm=.0199;cf=cfr(.167,-.403,.019,.045,.718,.695,-.996,.089,-.029,-.083,-.69,.719);es="Linear";ed="In";};["Cube"]={tm=.0199;cf=cfr(0,0,0,1,0,0,0,1,0,0,0,1);es="Linear";ed="In";};["Right Arm"]={tm=.0199;cf=cfr(.701,-.062,.383,.785,-.503,.362,.018,-.566,-.824,.619,.653,-.435);es="Linear";ed="In";};["Knife"]={tm=.0199;cf=cfr(0,0,0,1,0,0,0,1,0,0,0,1);es="Linear";ed="In";};["Left Leg"]={tm=.0199;cf=cfr(.02,.18,-.964,-.991,.088,.096,.117,.927,.358,-.057,.366,-.929);es="Linear";ed="In";};["Right Leg"]={tm=.0199;cf=cfr(.463,.382,-.729,-.948,-.179,.263,.096,.628,.772,-.304,.757,-.578);es="Linear";ed="In";};["StandHumanoidRootPart"]={tm=.0199;cf=cfr(0,0,0,1,0,0,0,1,0,0,0,1);es="Linear";ed="In";};["Stand Torso"]={tm=.0199;cf=cfr(-1.754,.484,2.979,-.053,.327,-.944,.146,.937,.317,.988,-.121,-.097);es="Linear";ed="In";};["Stand Head"]={tm=.0199;cf=cfr(0,0,0,.638,-.734,.231,.759,.651,-.027,-.131,.193,.972);es="Linear";ed="In";};["Stand Right Arm"]={tm=.0199;cf=cfr(.033,-.109,-.106,.923,.011,-.385,.064,.981,.183,.38,-.194,.904);es="Linear";ed="In";};["Stand Left Leg"]={tm=.0199;cf=cfr(-.487,.386,.015,.985,.08,.15,-.09,.994,.061,-.145,-.073,.987);es="Linear";ed="In";};["Stand Left Arm"]={tm=.0199;cf=cfr(-.06,-.127,.069,.845,-.208,.493,-.46,.19,.867,-.274,-.96,.065);es="Linear";ed="In";};["Stand Right Leg"]={tm=.0199;cf=cfr(.948,.68,-.132,.979,.174,.108,-.191,.965,.179,-.073,-.196,.978);es="Linear";ed="In";};};{tm=.16;["Torso"]={tm=.0199;cf=cfr(.314,.012,-.103,-.262,-.886,.382,.965,-.245,.093,.012,.393,.919);es="Linear";ed="In";};["Head"]={tm=.0199;cf=cfr(0,0,.017,.019,.985,-.169,-.943,.074,.323,.331,.153,.931);es="Linear";ed="In";};["Left Arm"]={tm=.0199;cf=cfr(.169,-.405,.02,.001,.759,.651,-1,.011,-.012,-.016,-.651,.759);es="Linear";ed="In";};["Cube"]={tm=.0199;cf=cfr(0,0,0,1,0,0,0,1,0,0,0,1);es="Linear";ed="In";};["Right Arm"]={tm=.0199;cf=cfr(.935,.355,.42,.809,-.471,.351,.008,-.588,-.809,.588,.657,-.472);es="Linear";ed="In";};["Knife"]={tm=.0199;cf=cfr(0,0,0,1,0,0,0,1,0,0,0,1);es="Linear";ed="In";};["Left Leg"]={tm=.0199;cf=cfr(.016,.25,-.93,-.984,.154,.087,.176,.851,.494,.002,.502,-.865);es="Linear";ed="In";};["Right Leg"]={tm=.0199;cf=cfr(.425,.344,-.792,-.956,-.229,.185,-.04,.726,.687,-.292,.649,-.703);es="Linear";ed="In";};["StandHumanoidRootPart"]={tm=.0199;cf=cfr(0,0,0,1,0,0,0,1,0,0,0,1);es="Linear";ed="In";};["Stand Torso"]={tm=.0199;cf=cfr(-1.754,.484,2.979,-.053,.327,-.944,.146,.937,.317,.988,-.121,-.097);es="Linear";ed="In";};["Stand Head"]={tm=.0199;cf=cfr(0,0,0,.638,-.734,.231,.759,.651,-.027,-.131,.193,.972);es="Linear";ed="In";};["Stand Right Arm"]={tm=.0199;cf=cfr(.033,-.109,-.106,.923,.011,-.385,.064,.981,.183,.38,-.194,.904);es="Linear";ed="In";};["Stand Left Leg"]={tm=.0199;cf=cfr(-.487,.386,.015,.985,.08,.15,-.09,.994,.061,-.145,-.073,.987);es="Linear";ed="In";};["Stand Left Arm"]={tm=.0199;cf=cfr(-.06,-.127,.069,.845,-.208,.493,-.46,.19,.867,-.274,-.96,.065);es="Linear";ed="In";};["Stand Right Leg"]={tm=.0199;cf=cfr(.948,.68,-.132,.979,.174,.108,-.191,.965,.179,-.073,-.196,.978);es="Linear";ed="In";};};{tm=.18;["Torso"]={tm=.0200;cf=cfr(.397,-.275,-.098,-.087,-.872,.482,.976,-.171,-.132,.198,.459,.866);es="Linear";ed="In";};["Head"]={tm=.0200;cf=cfr(0,0,.017,.144,.989,-.032,-.909,.145,.39,.391,-.027,.92);es="Linear";ed="In";};["Left Arm"]={tm=.0200;cf=cfr(.17,-.408,.022,-.037,.8,.599,-.998,-.057,.015,.046,-.597,.801);es="Linear";ed="In";};["Cube"]={tm=.0200;cf=cfr(0,0,0,1,0,0,0,1,0,0,0,1);es="Linear";ed="In";};["Right Arm"]={tm=.0200;cf=cfr(1.163,.731,.472,.792,-.418,.445,.109,-.62,-.777,.601,.664,-.445);es="Linear";ed="In";};["Knife"]={tm=.0200;cf=cfr(0,0,0,1,0,0,0,1,0,0,0,1);es="Linear";ed="In";};["Left Leg"]={tm=.0200;cf=cfr(-.012,.325,-.876,-.969,.246,.03,.207,.736,.644,.136,.63,-.764);es="Linear";ed="In";};["Right Leg"]={tm=.0200;cf=cfr(.355,.279,-.861,-.96,-.276,.045,-.208,.811,.547,-.187,.516,-.836);es="Linear";ed="In";};["StandHumanoidRootPart"]={tm=.0200;cf=cfr(0,0,0,1,0,0,0,1,0,0,0,1);es="Linear";ed="In";};["Stand Torso"]={tm=.0200;cf=cfr(-1.754,.484,2.979,-.053,.327,-.944,.146,.937,.317,.988,-.121,-.097);es="Linear";ed="In";};["Stand Head"]={tm=.0200;cf=cfr(0,0,0,.638,-.734,.231,.759,.651,-.027,-.131,.193,.972);es="Linear";ed="In";};["Stand Right Arm"]={tm=.0200;cf=cfr(.033,-.109,-.106,.923,.011,-.385,.064,.981,.183,.38,-.194,.904);es="Linear";ed="In";};["Stand Left Leg"]={tm=.0200;cf=cfr(-.487,.386,.015,.985,.08,.15,-.09,.994,.061,-.145,-.073,.987);es="Linear";ed="In";};["Stand Left Arm"]={tm=.0200;cf=cfr(-.06,-.127,.069,.845,-.208,.493,-.46,.19,.867,-.274,-.96,.065);es="Linear";ed="In";};["Stand Right Leg"]={tm=.0200;cf=cfr(.948,.68,-.132,.979,.174,.108,-.191,.965,.179,-.073,-.196,.978);es="Linear";ed="In";};};{tm=.2;["Torso"]={tm=.0199;cf=cfr(.425,-.559,-.156,.191,-.835,.517,.931,-.013,-.364,.311,.551,.775);es="Linear";ed="In";};["Head"]={tm=.0199;cf=cfr(0,0,.017,.349,.936,.041,-.841,.293,.455,.414,-.193,.89);es="Linear";ed="In";};["Left Arm"]={tm=.0199;cf=cfr(.172,-.41,.024,-.061,.835,.547,-.994,-.102,.044,.092,-.54,.836);es="Linear";ed="In";};["Cube"]={tm=.0199;cf=cfr(0,0,0,1,0,0,0,1,0,0,0,1);es="Linear";ed="In";};["Right Arm"]={tm=.0199;cf=cfr(1.267,.808,.519,.746,-.399,.533,.246,-.578,-.778,.619,.712,-.333);es="Linear";ed="In";};["Knife"]={tm=.0199;cf=cfr(0,0,0,1,0,0,0,1,0,0,0,1);es="Linear";ed="In";};["Left Leg"]={tm=.0199;cf=cfr(-.072,.391,-.798,-.925,.368,-.093,.162,.605,.779,.343,.706,-.62);es="Linear";ed="In";};["Right Leg"]={tm=.0199;cf=cfr(.245,.193,-.906,-.939,-.296,-.176,-.342,.865,.367,.043,.405,-.913);es="Linear";ed="In";};["StandHumanoidRootPart"]={tm=.0199;cf=cfr(0,0,0,1,0,0,0,1,0,0,0,1);es="Linear";ed="In";};["Stand Torso"]={tm=.0199;cf=cfr(-1.754,.484,2.979,-.053,.327,-.944,.146,.937,.317,.988,-.121,-.097);es="Linear";ed="In";};["Stand Head"]={tm=.0199;cf=cfr(0,0,0,.638,-.734,.231,.759,.651,-.027,-.131,.193,.972);es="Linear";ed="In";};["Stand Right Arm"]={tm=.0199;cf=cfr(.033,-.109,-.106,.923,.011,-.385,.064,.981,.183,.38,-.194,.904);es="Linear";ed="In";};["Stand Left Leg"]={tm=.0199;cf=cfr(-.487,.386,.015,.985,.08,.15,-.09,.994,.061,-.145,-.073,.987);es="Linear";ed="In";};["Stand Left Arm"]={tm=.0199;cf=cfr(-.06,-.127,.069,.845,-.208,.493,-.46,.19,.867,-.274,-.96,.065);es="Linear";ed="In";};["Stand Right Leg"]={tm=.0199;cf=cfr(.948,.68,-.132,.979,.174,.108,-.191,.965,.179,-.073,-.196,.978);es="Linear";ed="In";};};{tm=.22;["Torso"]={tm=.0199;cf=cfr(.363,-.768,-.251,.556,-.704,.441,.783,.267,-.561,.277,.658,.7);es="Linear";ed="In";};["Head"]={tm=.0199;cf=cfr(0,0,.017,.635,.773,.009,-.684,.556,.473,.36,-.306,.881);es="Linear";ed="In";};["Left Arm"]={tm=.0199;cf=cfr(.173,-.41,.025,-.063,.863,.501,-.992,-.111,.067,.113,-.493,.863);es="Linear";ed="In";};["Cube"]={tm=.0199;cf=cfr(0,0,0,1,0,0,0,1,0,0,0,1);es="Linear";ed="In";};["Right Arm"]={tm=.0199;cf=cfr(1.252,.702,.434,.628,-.484,.609,.377,-.496,-.782,.681,.721,-.13);es="Linear";ed="In";};["Knife"]={tm=.0199;cf=cfr(0,0,0,1,0,0,0,1,0,0,0,1);es="Linear";ed="In";};["Left Leg"]={tm=.0199;cf=cfr(-.17,.43,-.681,-.794,.53,-.298,.006,.497,.868,.608,.687,-.398);es="Linear";ed="In";};["Right Leg"]={tm=.0199;cf=cfr(.084,.107,-.884,-.832,-.254,-.493,-.388,.902,.19,.396,.349,-.849);es="Linear";ed="In";};["StandHumanoidRootPart"]={tm=.0199;cf=cfr(0,0,0,1,0,0,0,1,0,0,0,1);es="Linear";ed="In";};["Stand Torso"]={tm=.0199;cf=cfr(-1.754,.484,2.979,-.053,.327,-.944,.146,.937,.317,.988,-.121,-.097);es="Linear";ed="In";};["Stand Head"]={tm=.0199;cf=cfr(0,0,0,.638,-.734,.231,.759,.651,-.027,-.131,.193,.972);es="Linear";ed="In";};["Stand Right Arm"]={tm=.0199;cf=cfr(.033,-.109,-.106,.923,.011,-.385,.064,.981,.183,.38,-.194,.904);es="Linear";ed="In";};["Stand Left Leg"]={tm=.0199;cf=cfr(-.487,.386,.015,.985,.08,.15,-.09,.994,.061,-.145,-.073,.987);es="Linear";ed="In";};["Stand Left Arm"]={tm=.0199;cf=cfr(-.06,-.127,.069,.845,-.208,.493,-.46,.19,.867,-.274,-.96,.065);es="Linear";ed="In";};["Stand Right Leg"]={tm=.0199;cf=cfr(.948,.68,-.132,.979,.174,.108,-.191,.965,.179,-.073,-.196,.978);es="Linear";ed="In";};};{tm=.24;["Torso"]={tm=.0200;cf=cfr(.208,-.871,-.325,.891,-.378,.253,.441,.586,-.679,.108,.717,.689);es="Linear";ed="In";};["Head"]={tm=.0200;cf=cfr(0,0,.017,.906,.419,-.062,-.364,.844,.394,.218,-.334,.917);es="Linear";ed="In";};["Left Arm"]={tm=.0200;cf=cfr(.174,-.409,.026,-.043,.885,.464,-.993,-.09,.08,.113,-.457,.882);es="Linear";ed="In";};["Cube"]={tm=.0200;cf=cfr(0,0,0,1,0,0,0,1,0,0,0,1);es="Linear";ed="In";};["Right Arm"]={tm=.0200;cf=cfr(1.153,.588,.151,.381,-.686,.62,.471,-.433,-.768,.796,.585,.158);es="Linear";ed="In";};["Knife"]={tm=.0200;cf=cfr(0,0,0,1,0,0,0,1,0,0,0,1);es="Linear";ed="In";};["Left Leg"]={tm=.0200;cf=cfr(-.269,.417,-.493,-.484,.707,-.515,-.259,.447,.856,.836,.548,-.033);es="Linear";ed="In";};["Right Leg"]={tm=.0200;cf=cfr(-.086,.036,-.756,-.553,-.152,-.82,-.333,.941,.05,.764,.301,-.571);es="Linear";ed="In";};["StandHumanoidRootPart"]={tm=.0200;cf=cfr(0,0,0,1,0,0,0,1,0,0,0,1);es="Linear";ed="In";};["Stand Torso"]={tm=.0200;cf=cfr(-1.754,.484,2.979,-.053,.327,-.944,.146,.937,.317,.988,-.121,-.097);es="Linear";ed="In";};["Stand Head"]={tm=.0200;cf=cfr(0,0,0,.638,-.734,.231,.759,.651,-.027,-.131,.193,.972);es="Linear";ed="In";};["Stand Right Arm"]={tm=.0200;cf=cfr(.033,-.109,-.106,.923,.011,-.385,.064,.981,.183,.38,-.194,.904);es="Linear";ed="In";};["Stand Left Leg"]={tm=.0200;cf=cfr(-.487,.386,.015,.985,.08,.15,-.09,.994,.061,-.145,-.073,.987);es="Linear";ed="In";};["Stand Left Arm"]={tm=.0200;cf=cfr(-.06,-.127,.069,.845,-.208,.493,-.46,.19,.867,-.274,-.96,.065);es="Linear";ed="In";};["Stand Right Leg"]={tm=.0200;cf=cfr(.948,.68,-.132,.979,.174,.108,-.191,.965,.179,-.073,-.196,.978);es="Linear";ed="In";};};{tm=.26;["Torso"]={tm=.0200;cf=cfr(.031,-.844,-.347,.996,.086,.037,-.039,.743,-.668,-.085,.663,.743);es="Linear";ed="In";};["Head"]={tm=.0200;cf=cfr(0,0,.017,.997,-.049,-.062,.063,.966,.25,.048,-.253,.966);es="Linear";ed="In";};["Left Arm"]={tm=.0200;cf=cfr(.175,-.408,.027,-.003,.901,.434,-.995,-.044,.085,.095,-.431,.897);es="Linear";ed="In";};["Cube"]={tm=.0200;cf=cfr(0,0,0,1,0,0,0,1,0,0,0,1);es="Linear";ed="In";};["Right Arm"]={tm=.0200;cf=cfr(.991,.491,-.037,.109,-.904,.414,.473,-.319,-.821,.874,.286,.393);es="Linear";ed="In";};["Knife"]={tm=.0200;cf=cfr(0,0,0,1,0,0,0,1,0,0,0,1);es="Linear";ed="In";};["Left Leg"]={tm=.0200;cf=cfr(-.287,.333,-.27,-.028,.816,-.578,-.527,.479,.702,.849,.325,.417);es="Linear";ed="In";};["Right Leg"]={tm=.0200;cf=cfr(-.181,-.003,-.55,-.136,-.052,-.989,-.215,.976,-.022,.967,.209,-.144);es="Linear";ed="In";};["StandHumanoidRootPart"]={tm=.0200;cf=cfr(0,0,0,1,0,0,0,1,0,0,0,1);es="Linear";ed="In";};["Stand Torso"]={tm=.0200;cf=cfr(-1.754,.484,2.979,-.053,.327,-.944,.146,.937,.317,.988,-.121,-.097);es="Linear";ed="In";};["Stand Head"]={tm=.0200;cf=cfr(0,0,0,.638,-.734,.231,.759,.651,-.027,-.131,.193,.972);es="Linear";ed="In";};["Stand Right Arm"]={tm=.0200;cf=cfr(.033,-.109,-.106,.923,.011,-.385,.064,.981,.183,.38,-.194,.904);es="Linear";ed="In";};["Stand Left Leg"]={tm=.0200;cf=cfr(-.487,.386,.015,.985,.08,.15,-.09,.994,.061,-.145,-.073,.987);es="Linear";ed="In";};["Stand Left Arm"]={tm=.0200;cf=cfr(-.06,-.127,.069,.845,-.208,.493,-.46,.19,.867,-.274,-.96,.065);es="Linear";ed="In";};["Stand Right Leg"]={tm=.0200;cf=cfr(.948,.68,-.132,.979,.174,.108,-.191,.965,.179,-.073,-.196,.978);es="Linear";ed="In";};};{tm=.28;["Torso"]={tm=.0199;cf=cfr(-.09,-.742,-.339,.882,.459,-.11,-.433,.693,-.577,-.189,.556,.809);es="Linear";ed="In";};["Head"]={tm=.0199;cf=cfr(0,0,.017,.909,-.416,.014,.409,.9,.15,-.075,-.131,.989);es="Linear";ed="In";};["Left Arm"]={tm=.0199;cf=cfr(.175,-.406,.027,.053,.91,.41,-.997,.022,.08,.064,-.413,.908);es="Linear";ed="In";};["Cube"]={tm=.0199;cf=cfr(0,0,0,1,0,0,0,1,0,0,0,1);es="Linear";ed="In";};["Right Arm"]={tm=.0199;cf=cfr(.789,.398,.014,-.246,-.969,.037,.348,-.124,-.929,.905,-.215,.367);es="Linear";ed="In";};["Knife"]={tm=.0199;cf=cfr(0,0,0,1,0,0,0,1,0,0,0,1);es="Linear";ed="In";};["Left Leg"]={tm=.0199;cf=cfr(-.332,.542,-.396,.529,.721,-.449,-.523,.693,.496,.668,-.027,.743);es="Linear";ed="In";};["Right Leg"]={tm=.0199;cf=cfr(-.183,-.017,-.363,.235,-.02,-.972,-.094,.995,-.043,.968,.101,.232);es="Linear";ed="In";};["StandHumanoidRootPart"]={tm=.0199;cf=cfr(0,0,0,1,0,0,0,1,0,0,0,1);es="Linear";ed="In";};["Stand Torso"]={tm=.0199;cf=cfr(-1.754,.484,2.979,-.053,.327,-.944,.146,.937,.317,.988,-.121,-.097);es="Linear";ed="In";};["Stand Head"]={tm=.0199;cf=cfr(0,0,0,.638,-.734,.231,.759,.651,-.027,-.131,.193,.972);es="Linear";ed="In";};["Stand Right Arm"]={tm=.0199;cf=cfr(.033,-.109,-.106,.923,.011,-.385,.064,.981,.183,.38,-.194,.904);es="Linear";ed="In";};["Stand Left Leg"]={tm=.0199;cf=cfr(-.487,.386,.015,.985,.08,.15,-.09,.994,.061,-.145,-.073,.987);es="Linear";ed="In";};["Stand Left Arm"]={tm=.0199;cf=cfr(-.06,-.127,.069,.845,-.208,.493,-.46,.19,.867,-.274,-.96,.065);es="Linear";ed="In";};["Stand Right Leg"]={tm=.0199;cf=cfr(.948,.68,-.132,.979,.174,.108,-.191,.965,.179,-.073,-.196,.978);es="Linear";ed="In";};};{tm=.3;["Torso"]={tm=.0200;cf=cfr(-.155,-.626,-.323,.709,.679,-.189,-.67,.567,-.478,-.218,.466,.858);es="Linear";ed="In";};["Head"]={tm=.0200;cf=cfr(0,0,.017,.767,-.635,.094,.625,.772,.116,-.146,-.03,.989);es="Linear";ed="In";};["Left Arm"]={tm=.0200;cf=cfr(.175,-.403,.028,.12,.911,.395,-.992,.101,.069,.023,-.4,.916);es="Linear";ed="In";};["Cube"]={tm=.0200;cf=cfr(0,0,0,1,0,0,0,1,0,0,0,1);es="Linear";ed="In";};["Right Arm"]={tm=.0200;cf=cfr(.575,.314,.163,-.714,-.67,-.202,.168,.116,-.979,.68,-.733,.03);es="Linear";ed="In";};["Knife"]={tm=.0200;cf=cfr(0,0,0,1,0,0,0,1,0,0,0,1);es="Linear";ed="In";};["Left Leg"]={tm=.0200;cf=cfr(-.398,.628,-.304,.786,.558,-.267,-.466,.818,.338,.407,-.142,.903);es="Linear";ed="In";};["Right Leg"]={tm=.0200;cf=cfr(-.142,-.019,-.237,.481,-.037,-.876,.001,.999,-.042,.877,.019,.481);es="Linear";ed="In";};["StandHumanoidRootPart"]={tm=.0200;cf=cfr(0,0,0,1,0,0,0,1,0,0,0,1);es="Linear";ed="In";};["Stand Torso"]={tm=.0200;cf=cfr(-1.754,.484,2.979,-.053,.327,-.944,.146,.937,.317,.988,-.121,-.097);es="Linear";ed="In";};["Stand Head"]={tm=.0200;cf=cfr(0,0,0,.638,-.734,.231,.759,.651,-.027,-.131,.193,.972);es="Linear";ed="In";};["Stand Right Arm"]={tm=.0200;cf=cfr(.033,-.109,-.106,.923,.011,-.385,.064,.981,.183,.38,-.194,.904);es="Linear";ed="In";};["Stand Left Leg"]={tm=.0200;cf=cfr(-.487,.386,.015,.985,.08,.15,-.09,.994,.061,-.145,-.073,.987);es="Linear";ed="In";};["Stand Left Arm"]={tm=.0200;cf=cfr(-.06,-.127,.069,.845,-.208,.493,-.46,.19,.867,-.274,-.96,.065);es="Linear";ed="In";};["Stand Right Leg"]={tm=.0200;cf=cfr(.948,.68,-.132,.979,.174,.108,-.191,.965,.179,-.073,-.196,.978);es="Linear";ed="In";};};{tm=.32;["Torso"]={tm=.0200;cf=cfr(-.19,-.523,-.305,.562,.794,-.231,-.799,.45,-.398,-.213,.408,.888);es="Linear";ed="In";};["Head"]={tm=.0200;cf=cfr(0,0,.017,.637,-.757,.147,.748,.653,.121,-.188,.033,.982);es="Linear";ed="In";};["Left Arm"]={tm=.0200;cf=cfr(.175,-.4,.028,.193,.902,.386,-.981,.187,.052,-.026,-.388,.921);es="Linear";ed="In";};["Cube"]={tm=.0200;cf=cfr(0,0,0,1,0,0,0,1,0,0,0,1);es="Linear";ed="In";};["Right Arm"]={tm=.0200;cf=cfr(.371,.245,.363,-.964,-.218,-.154,.068,.358,-.931,.258,-.908,-.33);es="Linear";ed="In";};["Knife"]={tm=.0200;cf=cfr(0,0,0,1,0,0,0,1,0,0,0,1);es="Linear";ed="In";};["Left Leg"]={tm=.0200;cf=cfr(-.415,.632,-.193,.886,.45,-.114,-.415,.878,.24,.208,-.165,.964);es="Linear";ed="In";};["Right Leg"]={tm=.0200;cf=cfr(.049,.01,.021,.63,.005,-.776,-.053,.998,-.037,.774,.065,.629);es="Linear";ed="In";};["StandHumanoidRootPart"]={tm=.0200;cf=cfr(0,0,0,1,0,0,0,1,0,0,0,1);es="Linear";ed="In";};["Stand Torso"]={tm=.0200;cf=cfr(-1.754,.484,2.979,-.053,.327,-.944,.146,.937,.317,.988,-.121,-.097);es="Linear";ed="In";};["Stand Head"]={tm=.0200;cf=cfr(0,0,0,.638,-.734,.231,.759,.651,-.027,-.131,.193,.972);es="Linear";ed="In";};["Stand Right Arm"]={tm=.0200;cf=cfr(.033,-.109,-.106,.923,.011,-.385,.064,.981,.183,.38,-.194,.904);es="Linear";ed="In";};["Stand Left Leg"]={tm=.0200;cf=cfr(-.487,.386,.015,.985,.08,.15,-.09,.994,.061,-.145,-.073,.987);es="Linear";ed="In";};["Stand Left Arm"]={tm=.0200;cf=cfr(-.06,-.127,.069,.845,-.208,.493,-.46,.19,.867,-.274,-.96,.065);es="Linear";ed="In";};["Stand Right Leg"]={tm=.0200;cf=cfr(.948,.68,-.132,.979,.174,.108,-.191,.965,.179,-.073,-.196,.978);es="Linear";ed="In";};};{tm=.34;["Torso"]={tm=.0199;cf=cfr(-.211,-.435,-.282,.457,.852,-.257,-.868,.363,-.34,-.196,.378,.905);es="Linear";ed="In";};["Head"]={tm=.0199;cf=cfr(0,0,.017,.535,-.827,.173,.817,.558,.144,-.216,.065,.974);es="Linear";ed="In";};["Left Arm"]={tm=.0199;cf=cfr(.174,-.397,.028,.265,.885,.383,-.961,.274,.031,-.077,-.377,.923);es="Linear";ed="In";};["Cube"]={tm=.0199;cf=cfr(0,0,0,1,0,0,0,1,0,0,0,1);es="Linear";ed="In";};["Right Arm"]={tm=.0199;cf=cfr(.195,.196,.55,-.997,.071,-.011,.046,.511,-.858,-.055,-.857,-.513);es="Linear";ed="In";};["Knife"]={tm=.0199;cf=cfr(0,0,0,1,0,0,0,1,0,0,0,1);es="Linear";ed="In";};["Left Leg"]={tm=.0199;cf=cfr(-.4,.605,-.112,.919,.395,-.007,-.387,.904,.184,.079,-.166,.983);es="Linear";ed="In";};["Right Leg"]={tm=.0199;cf=cfr(.193,.051,.136,.715,.025,-.699,-.072,.997,-.037,.696,.077,.714);es="Linear";ed="In";};["StandHumanoidRootPart"]={tm=.0199;cf=cfr(0,0,0,1,0,0,0,1,0,0,0,1);es="Linear";ed="In";};["Stand Torso"]={tm=.0199;cf=cfr(-1.754,.484,2.979,-.053,.327,-.944,.146,.937,.317,.988,-.121,-.097);es="Linear";ed="In";};["Stand Head"]={tm=.0199;cf=cfr(0,0,0,.638,-.734,.231,.759,.651,-.027,-.131,.193,.972);es="Linear";ed="In";};["Stand Right Arm"]={tm=.0199;cf=cfr(.033,-.109,-.106,.923,.011,-.385,.064,.981,.183,.38,-.194,.904);es="Linear";ed="In";};["Stand Left Leg"]={tm=.0199;cf=cfr(-.487,.386,.015,.985,.08,.15,-.09,.994,.061,-.145,-.073,.987);es="Linear";ed="In";};["Stand Left Arm"]={tm=.0199;cf=cfr(-.06,-.127,.069,.845,-.208,.493,-.46,.19,.867,-.274,-.96,.065);es="Linear";ed="In";};["Stand Right Leg"]={tm=.0199;cf=cfr(.948,.68,-.132,.979,.174,.108,-.191,.965,.179,-.073,-.196,.978);es="Linear";ed="In";};};{tm=.36;["Torso"]={tm=.0200;cf=cfr(-.228,-.362,-.257,.39,.878,-.277,-.904,.307,-.298,-.177,.366,.913);es="Linear";ed="In";};["Head"]={tm=.0200;cf=cfr(0,0,.017,.46,-.869,.18,.855,.488,.174,-.239,.074,.968);es="Linear";ed="In";};["Left Arm"]={tm=.0200;cf=cfr(.173,-.394,.029,.332,.861,.387,-.935,.356,.01,-.129,-.365,.922);es="Linear";ed="In";};["Cube"]={tm=.0200;cf=cfr(0,0,0,1,0,0,0,1,0,0,0,1);es="Linear";ed="In";};["Right Arm"]={tm=.0200;cf=cfr(.073,.178,.66,-.985,.163,.06,.046,.576,-.816,-.167,-.801,-.575);es="Linear";ed="In";};["Knife"]={tm=.0200;cf=cfr(0,0,0,1,0,0,0,1,0,0,0,1);es="Linear";ed="In";};["Left Leg"]={tm=.0200;cf=cfr(-.368,.565,-.062,.923,.38,.061,-.384,.91,.153,.003,-.164,.986);es="Linear";ed="In";};["Right Leg"]={tm=.0200;cf=cfr(.267,.076,.172,.762,.019,-.647,-.061,.997,-.043,.644,.072,.761);es="Linear";ed="In";};["StandHumanoidRootPart"]={tm=.0200;cf=cfr(0,0,0,1,0,0,0,1,0,0,0,1);es="Linear";ed="In";};["Stand Torso"]={tm=.0200;cf=cfr(-1.754,.484,2.979,-.053,.327,-.944,.146,.937,.317,.988,-.121,-.097);es="Linear";ed="In";};["Stand Head"]={tm=.0200;cf=cfr(0,0,0,.638,-.734,.231,.759,.651,-.027,-.131,.193,.972);es="Linear";ed="In";};["Stand Right Arm"]={tm=.0200;cf=cfr(.033,-.109,-.106,.923,.011,-.385,.064,.981,.183,.38,-.194,.904);es="Linear";ed="In";};["Stand Left Leg"]={tm=.0200;cf=cfr(-.487,.386,.015,.985,.08,.15,-.09,.994,.061,-.145,-.073,.987);es="Linear";ed="In";};["Stand Left Arm"]={tm=.0200;cf=cfr(-.06,-.127,.069,.845,-.208,.493,-.46,.19,.867,-.274,-.96,.065);es="Linear";ed="In";};["Stand Right Leg"]={tm=.0200;cf=cfr(.948,.68,-.132,.979,.174,.108,-.191,.965,.179,-.073,-.196,.978);es="Linear";ed="In";};};{tm=.38;["Torso"]={tm=.0200;cf=cfr(-.242,-.303,-.231,.351,.889,-.294,-.923,.275,-.27,-.16,.367,.917);es="Linear";ed="In";};["Head"]={tm=.0200;cf=cfr(0,0,.017,.408,-.896,.174,.875,.438,.203,-.258,.069,.964);es="Linear";ed="In";};["Left Arm"]={tm=.0200;cf=cfr(.173,-.392,.029,.388,.834,.394,-.905,.426,-.01,-.176,-.352,.919);es="Linear";ed="In";};["Cube"]={tm=.0200;cf=cfr(0,0,0,1,0,0,0,1,0,0,0,1);es="Linear";ed="In";};["Right Arm"]={tm=.0200;cf=cfr(.002,.178,.704,-.984,.163,.069,.044,.603,-.796,-.171,-.781,-.601);es="Linear";ed="In";};["Knife"]={tm=.0200;cf=cfr(0,0,0,1,0,0,0,1,0,0,0,1);es="Linear";ed="In";};["Left Leg"]={tm=.0200;cf=cfr(-.328,.517,-.035,.915,.392,.1,-.403,.905,.136,-.037,-.164,.986);es="Linear";ed="In";};["Right Leg"]={tm=.0200;cf=cfr(.297,.085,.179,.788,-.001,-.616,-.039,.998,-.053,.615,.066,.786);es="Linear";ed="In";};["StandHumanoidRootPart"]={tm=.0200;cf=cfr(0,0,0,1,0,0,0,1,0,0,0,1);es="Linear";ed="In";};["Stand Torso"]={tm=.0200;cf=cfr(-1.754,.484,2.979,-.053,.327,-.944,.146,.937,.317,.988,-.121,-.097);es="Linear";ed="In";};["Stand Head"]={tm=.0200;cf=cfr(0,0,0,.638,-.734,.231,.759,.651,-.027,-.131,.193,.972);es="Linear";ed="In";};["Stand Right Arm"]={tm=.0200;cf=cfr(.033,-.109,-.106,.923,.011,-.385,.064,.981,.183,.38,-.194,.904);es="Linear";ed="In";};["Stand Left Leg"]={tm=.0200;cf=cfr(-.487,.386,.015,.985,.08,.15,-.09,.994,.061,-.145,-.073,.987);es="Linear";ed="In";};["Stand Left Arm"]={tm=.0200;cf=cfr(-.06,-.127,.069,.845,-.208,.493,-.46,.19,.867,-.274,-.96,.065);es="Linear";ed="In";};["Stand Right Leg"]={tm=.0200;cf=cfr(.948,.68,-.132,.979,.174,.108,-.191,.965,.179,-.073,-.196,.978);es="Linear";ed="In";};};{tm=.4;["Torso"]={tm=.0199;cf=cfr(-.255,-.256,-.205,.333,.89,-.31,-.932,.261,-.253,-.144,.373,.916);es="Linear";ed="In";};["Head"]={tm=.0199;cf=cfr(0,0,.017,.375,-.912,.164,.885,.405,.229,-.276,.059,.959);es="Linear";ed="In";};["Left Arm"]={tm=.0199;cf=cfr(.172,-.39,.03,.429,.808,.403,-.877,.48,-.029,-.217,-.341,.915);es="Linear";ed="In";};["Cube"]={tm=.0199;cf=cfr(0,0,0,1,0,0,0,1,0,0,0,1);es="Linear";ed="In";};["Right Arm"]={tm=.0199;cf=cfr(-.046,.178,.734,-.984,.158,.082,.037,.631,-.775,-.174,-.76,-.627);es="Linear";ed="In";};["Knife"]={tm=.0199;cf=cfr(0,0,0,1,0,0,0,1,0,0,0,1);es="Linear";ed="In";};["Left Leg"]={tm=.0199;cf=cfr(-.285,.465,-.022,.899,.421,.119,-.434,.892,.127,-.053,-.166,.985);es="Linear";ed="In";};["Right Leg"]={tm=.0199;cf=cfr(.301,.085,.175,.799,-.027,-.601,-.014,.998,-.064,.602,.06,.797);es="Linear";ed="In";};["StandHumanoidRootPart"]={tm=.0199;cf=cfr(0,0,0,1,0,0,0,1,0,0,0,1);es="Linear";ed="In";};["Stand Torso"]={tm=.0199;cf=cfr(-1.754,.484,2.979,-.053,.327,-.944,.146,.937,.317,.988,-.121,-.097);es="Linear";ed="In";};["Stand Head"]={tm=.0199;cf=cfr(0,0,0,.638,-.734,.231,.759,.651,-.027,-.131,.193,.972);es="Linear";ed="In";};["Stand Right Arm"]={tm=.0199;cf=cfr(.033,-.109,-.106,.923,.011,-.385,.064,.981,.183,.38,-.194,.904);es="Linear";ed="In";};["Stand Left Leg"]={tm=.0199;cf=cfr(-.487,.386,.015,.985,.08,.15,-.09,.994,.061,-.145,-.073,.987);es="Linear";ed="In";};["Stand Left Arm"]={tm=.0199;cf=cfr(-.06,-.127,.069,.845,-.208,.493,-.46,.19,.867,-.274,-.96,.065);es="Linear";ed="In";};["Stand Right Leg"]={tm=.0199;cf=cfr(.948,.68,-.132,.979,.174,.108,-.191,.965,.179,-.073,-.196,.978);es="Linear";ed="In";};};{tm=.42;["Torso"]={tm=.0200;cf=cfr(-.266,-.222,-.183,.328,.887,-.324,-.935,.258,-.242,-.132,.383,.915);es="Linear";ed="In";};["Head"]={tm=.0200;cf=cfr(0,0,.017,.357,-.921,.156,.888,.386,.249,-.29,.049,.956);es="Linear";ed="In";};["Left Arm"]={tm=.0200;cf=cfr(.171,-.389,.03,.456,.789,.413,-.855,.517,-.044,-.248,-.333,.91);es="Linear";ed="In";};["Cube"]={tm=.0200;cf=cfr(0,0,0,1,0,0,0,1,0,0,0,1);es="Linear";ed="In";};["Right Arm"]={tm=.0200;cf=cfr(-.075,.178,.753,-.984,.15,.096,.027,.659,-.752,-.176,-.737,-.652);es="Linear";ed="In";};["Knife"]={tm=.0200;cf=cfr(0,0,0,1,0,0,0,1,0,0,0,1);es="Linear";ed="In";};["Left Leg"]={tm=.0200;cf=cfr(-.243,.413,-.017,.88,.457,.125,-.471,.873,.123,-.053,-.167,.985);es="Linear";ed="In";};["Right Leg"]={tm=.0200;cf=cfr(.29,.079,.166,.801,-.053,-.597,.01,.997,-.075,.599,.054,.799);es="Linear";ed="In";};["StandHumanoidRootPart"]={tm=.0200;cf=cfr(0,0,0,1,0,0,0,1,0,0,0,1);es="Linear";ed="In";};["Stand Torso"]={tm=.0200;cf=cfr(-1.754,.484,2.979,-.053,.327,-.944,.146,.937,.317,.988,-.121,-.097);es="Linear";ed="In";};["Stand Head"]={tm=.0200;cf=cfr(0,0,0,.638,-.734,.231,.759,.651,-.027,-.131,.193,.972);es="Linear";ed="In";};["Stand Right Arm"]={tm=.0200;cf=cfr(.033,-.109,-.106,.923,.011,-.385,.064,.981,.183,.38,-.194,.904);es="Linear";ed="In";};["Stand Left Leg"]={tm=.0200;cf=cfr(-.487,.386,.015,.985,.08,.15,-.09,.994,.061,-.145,-.073,.987);es="Linear";ed="In";};["Stand Left Arm"]={tm=.0200;cf=cfr(-.06,-.127,.069,.845,-.208,.493,-.46,.19,.867,-.274,-.96,.065);es="Linear";ed="In";};["Stand Right Leg"]={tm=.0200;cf=cfr(.948,.68,-.132,.979,.174,.108,-.191,.965,.179,-.073,-.196,.978);es="Linear";ed="In";};};{tm=.44;["Torso"]={tm=.0200;cf=cfr(-.274,-.201,-.168,.33,.883,-.334,-.936,.26,-.237,-.122,.39,.912);es="Linear";ed="In";};["Head"]={tm=.0200;cf=cfr(0,0,.017,.348,-.926,.149,.889,.376,.262,-.299,.042,.953);es="Linear";ed="In";};["Left Arm"]={tm=.0200;cf=cfr(.17,-.388,.03,.469,.776,.422,-.841,.539,-.056,-.271,-.328,.905);es="Linear";ed="In";};["Cube"]={tm=.0200;cf=cfr(0,0,0,1,0,0,0,1,0,0,0,1);es="Linear";ed="In";};["Right Arm"]={tm=.0200;cf=cfr(-.09,.179,.763,-.984,.139,.111,.015,.686,-.728,-.178,-.714,-.677);es="Linear";ed="In";};["Knife"]={tm=.0200;cf=cfr(0,0,0,1,0,0,0,1,0,0,0,1);es="Linear";ed="In";};["Left Leg"]={tm=.0200;cf=cfr(-.209,.369,-.016,.863,.49,.124,-.503,.856,.12,-.047,-.166,.985);es="Linear";ed="In";};["Right Leg"]={tm=.0200;cf=cfr(.276,.073,.156,.798,-.072,-.598,.028,.996,-.083,.602,.049,.797);es="Linear";ed="In";};["StandHumanoidRootPart"]={tm=.0200;cf=cfr(0,0,0,1,0,0,0,1,0,0,0,1);es="Linear";ed="In";};["Stand Torso"]={tm=.0200;cf=cfr(-1.754,.484,2.979,-.053,.327,-.944,.146,.937,.317,.988,-.121,-.097);es="Linear";ed="In";};["Stand Head"]={tm=.0200;cf=cfr(0,0,0,.638,-.734,.231,.759,.651,-.027,-.131,.193,.972);es="Linear";ed="In";};["Stand Right Arm"]={tm=.0200;cf=cfr(.033,-.109,-.106,.923,.011,-.385,.064,.981,.183,.38,-.194,.904);es="Linear";ed="In";};["Stand Left Leg"]={tm=.0200;cf=cfr(-.487,.386,.015,.985,.08,.15,-.09,.994,.061,-.145,-.073,.987);es="Linear";ed="In";};["Stand Left Arm"]={tm=.0200;cf=cfr(-.06,-.127,.069,.845,-.208,.493,-.46,.19,.867,-.274,-.96,.065);es="Linear";ed="In";};["Stand Right Leg"]={tm=.0200;cf=cfr(.948,.68,-.132,.979,.174,.108,-.191,.965,.179,-.073,-.196,.978);es="Linear";ed="In";};};{tm=.46;["Torso"]={tm=.0199;cf=cfr(-.278,-.192,-.162,.332,.881,-.338,-.936,.263,-.234,-.117,.394,.912);es="Linear";ed="In";};["Head"]={tm=.0199;cf=cfr(0,0,.017,.341,-.929,.144,.89,.368,.268,-.302,.037,.953);es="Linear";ed="In";};["Left Arm"]={tm=.0199;cf=cfr(.17,-.387,.03,.474,.769,.43,-.833,.55,-.065,-.287,-.327,.9);es="Linear";ed="In";};["Cube"]={tm=.0199;cf=cfr(0,0,0,1,0,0,0,1,0,0,0,1);es="Linear";ed="In";};["Right Arm"]={tm=.0199;cf=cfr(-.096,.179,.767,-.984,.127,.126,.002,.71,-.704,-.179,-.692,-.699);es="Linear";ed="In";};["Knife"]={tm=.0199;cf=cfr(0,0,0,1,0,0,0,1,0,0,0,1);es="Linear";ed="In";};["Left Leg"]={tm=.0199;cf=cfr(-.194,.348,-.015,.855,.504,.122,-.517,.848,.118,-.043,-.164,.986);es="Linear";ed="In";};["Right Leg"]={tm=.0199;cf=cfr(.271,.072,.153,.796,-.079,-.6,.035,.996,-.084,.604,.046,.796);es="Linear";ed="In";};["StandHumanoidRootPart"]={tm=.0199;cf=cfr(0,0,0,1,0,0,0,1,0,0,0,1);es="Linear";ed="In";};["Stand Torso"]={tm=.0199;cf=cfr(-1.754,.484,2.979,-.053,.327,-.944,.146,.937,.317,.988,-.121,-.097);es="Linear";ed="In";};["Stand Head"]={tm=.0199;cf=cfr(0,0,0,.638,-.734,.231,.759,.651,-.027,-.131,.193,.972);es="Linear";ed="In";};["Stand Right Arm"]={tm=.0199;cf=cfr(.033,-.109,-.106,.923,.011,-.385,.064,.981,.183,.38,-.194,.904);es="Linear";ed="In";};["Stand Left Leg"]={tm=.0199;cf=cfr(-.487,.386,.015,.985,.08,.15,-.09,.994,.061,-.145,-.073,.987);es="Linear";ed="In";};["Stand Left Arm"]={tm=.0199;cf=cfr(-.06,-.127,.069,.845,-.208,.493,-.46,.19,.867,-.274,-.96,.065);es="Linear";ed="In";};["Stand Right Leg"]={tm=.0199;cf=cfr(.948,.68,-.132,.979,.174,.108,-.191,.965,.179,-.073,-.196,.978);es="Linear";ed="In";};};{tm=.48;["Torso"]={tm=.0200;cf=cfr(-.277,-.19,-.161,.331,.881,-.337,-.937,.263,-.231,-.115,.392,.913);es="Linear";ed="In";};["Head"]={tm=.0200;cf=cfr(0,0,.017,.335,-.932,.141,.893,.362,.267,-.3,.037,.953);es="Linear";ed="In";};["Left Arm"]={tm=.0200;cf=cfr(.17,-.387,.03,.472,.765,.437,-.83,.553,-.072,-.297,-.329,.896);e