-- // converted using mech's animoduler
local cfr = CFrame.new

return {{tm=0;["Torso"]={tm=.017;cf=cfr(-.251,-.182,-.15,.328,.894,-.305,-.937,.269,-.221,-.116,.359,.926);es="Linear";ed="In";};["Right Arm"]={tm=.017;cf=cfr(-.096,.18,.768,-.983,.136,.126,.012,.723,-.691,-.185,-.678,-.712);es="Linear";ed="In";};["Knife"]={tm=.017;cf=cfr(0,0,0,1,0,0,0,1,0,0,0,1);es="Linear";ed="In";};["Head"]={tm=.017;cf=cfr(0,0,.017,.355,-.919,.172,.877,.391,.279,-.324,.052,.945);es="Linear";ed="In";};["Left Arm"]={tm=.017;cf=cfr(.169,-.387,.029,.506,.732,.456,-.815,.579,-.024,-.282,-.36,.89);es="Linear";ed="In";};["Cube"]={tm=.017;cf=cfr(0,0,0,1,0,0,0,1,0,0,0,1);es="Linear";ed="In";};["Stand Torso"]={tm=.017;cf=cfr(-1.754,.484,2.979,-.053,.327,-.944,.146,.937,.317,.988,-.121,-.097);es="Linear";ed="In";};["Stand Left Arm"]={tm=.017;cf=cfr(-.06,-.127,.069,.845,-.208,.493,-.46,.19,.867,-.274,-.96,.065);es="Linear";ed="In";};};{tm=.017;["Torso"]={tm=.016;cf=cfr(-.247,-.196,-.158,.398,.867,-.3,-.911,.333,-.244,-.112,.371,.922);es="Linear";ed="In";};["Right Arm"]={tm=.016;cf=cfr(-.131,.081,.725,-.976,.197,-.097,.206,.669,-.715,-.076,-.717,-.693);es="Linear";ed="In";};["Knife"]={tm=.016;cf=cfr(0,0,0,1,0,0,0,1,0,0,0,1);es="Linear";ed="In";};["Head"]={tm=.016;cf=cfr(0,0,.017,.407,-.896,.178,.858,.442,.261,-.312,.047,.949);es="Linear";ed="In";};["Left Arm"]={tm=.016;cf=cfr(.133,-.436,.047,.411,.762,.5,-.873,.488,-.025,-.263,-.426,.866);es="Linear";ed="In";};["Cube"]={tm=.016;cf=cfr(0,0,0,1,0,0,0,1,0,0,0,1);es="Linear";ed="In";};["Stand Torso"]={tm=.016;cf=cfr(-1.624,.416,2.912,.014,.344,-.939,.149,.928,.343,.989,-.144,-.038);es="Linear";ed="In";};["Stand Left Arm"]={tm=.016;cf=cfr(-.06,-.127,.069,.845,-.208,.493,-.46,.19,.867,-.274,-.96,.065);es="Linear";ed="In";};};{tm=.033;["Torso"]={tm=.034;cf=cfr(-.228,-.234,-.182,.582,.765,-.277,-.808,.504,-.307,-.095,.402,.911);es="Linear";ed="In";};["Right Arm"]={tm=.034;cf=cfr(-.219,-.166,.617,-.614,.258,-.746,.765,.425,-.483,.193,-.868,-.458);es="Linear";ed="In";};["Knife"]={tm=.034;cf=cfr(0,0,0,1,0,0,0,1,0,0,0,1);es="Linear";ed="In";};["Head"]={tm=.034;cf=cfr(0,0,.017,.551,-.814,.184,.788,.58,.208,-.276,.03,.961);es="Linear";ed="In";};["Left Arm"]={tm=.034;cf=cfr(.068,-.544,.077,.18,.783,.596,-.965,.257,-.045,-.188,-.567,.802);es="Linear";ed="In";};["Cube"]={tm=.034;cf=cfr(0,0,0,1,0,0,0,1,0,0,0,1);es="Linear";ed="In";};["Stand Torso"]={tm=.034;cf=cfr(-1.287,.24,2.739,.197,.384,-.902,.149,.898,.415,.969,-.216,.12);es="Linear";ed="In";};["Stand Left Arm"]={tm=.034;cf=cfr(-.06,-.127,.069,.845,-.208,.493,-.46,.19,.867,-.274,-.96,.065);es="Linear";ed="In";};};{tm=.067;["Torso"]={tm=.016;cf=cfr(-.175,-.281,-.216,.817,.537,-.212,-.574,.719,-.391,-.057,.441,.895);es="Linear";ed="In";};["Right Arm"]={tm=.016;cf=cfr(-.345,-.482,.48,.424,-.052,-.904,.9,.139,.413,.104,-.989,.106);es="Linear";ed="In";};["Knife"]={tm=.016;cf=cfr(0,0,0,1,0,0,0,1,0,0,0,1);es="Linear";ed="In";};["Head"]={tm=.016;cf=cfr(0,0,.017,.751,-.641,.16,.628,.768,.126,-.204,.006,.979);es="Linear";ed="In";};["Left Arm"]={tm=.016;cf=cfr(.039,-.651,.082,-.067,.725,.686,-.996,-.007,-.09,-.061,-.689,.722);es="Linear";ed="In";};["Cube"]={tm=.016;cf=cfr(0,0,0,1,0,0,0,1,0,0,0,1);es="Linear";ed="In";};["Stand Torso"]={tm=.016;cf=cfr(-.822,-.002,2.502,.459,.417,-.785,.125,.844,.521,.88,-.337,.335);es="Linear";ed="In";};["Stand Left Arm"]={tm=.016;cf=cfr(-.06,-.127,.069,.845,-.208,.493,-.46,.19,.867,-.274,-.96,.065);es="Linear";ed="In";};};{tm=.083;["Torso"]={tm=.017;cf=cfr(-.079,-.306,-.251,.981,.17,-.095,-.195,.867,-.459,.005,.469,.883);es="Linear";ed="In";};["Right Arm"]={tm=.017;cf=cfr(-.468,-.77,.359,.863,-.379,-.335,.425,.186,.886,-.273,-.907,.321);es="Linear";ed="In";};["Knife"]={tm=.017;cf=cfr(0,0,0,1,0,0,0,1,0,0,0,1);es="Linear";ed="In";};["Head"]={tm=.017;cf=cfr(0,0,.017,.928,-.363,.082,.36,.932,.041,-.092,-.008,.996);es="Linear";ed="In";};["Left Arm"]={tm=.017;cf=cfr(.096,-.71,.036,-.222,.63,.744,-.973,-.193,-.127,.063,-.752,.656);es="Linear";ed="In";};["Cube"]={tm=.017;cf=cfr(0,0,0,1,0,0,0,1,0,0,0,1);es="Linear";ed="In";};["Stand Torso"]={tm=.017;cf=cfr(-.31,-.265,2.245,.722,.406,-.56,.059,.771,.634,.69,-.491,.532);es="Linear";ed="In";};["Stand Left Arm"]={tm=.017;cf=cfr(-.06,-.127,.069,.845,-.208,.493,-.46,.19,.867,-.274,-.96,.065);es="Linear";ed="In";};};{tm=.1;["Torso"]={tm=.017;cf=cfr(.039,-.279,-.282,.97,-.238,.047,.232,.851,-.471,.072,.468,.881);es="Linear";ed="In";};["Right Arm"]={tm=.017;cf=cfr(-.549,-.977,.271,.862,-.506,.02,.152,.296,.943,-.483,-.81,.332);es="Linear";ed="In";};["Knife"]={tm=.017;cf=cfr(0,0,0,1,0,0,0,1,0,0,0,1);es="Linear";ed="In";};["Head"]={tm=.017;cf=cfr(0,0,.017,.998,-.041,-.039,.04,.999,-.013,.04,.012,.999);es="Linear";ed="In";};["Left Arm"]={tm=.017;cf=cfr(.217,-.721,-.037,-.284,.544,.79,-.945,-.301,-.133,.165,-.783,.599);es="Linear";ed="In";};["Cube"]={tm=.017;cf=cfr(0,0,0,1,0,0,0,1,0,0,0,1);es="Linear";ed="In";};["Stand Torso"]={tm=.017;cf=cfr(.17,-.506,2.008,.9,.34,-.272,-.041,.689,.723,.434,-.64,.635);es="Linear";ed="In";};["Stand Left Arm"]={tm=.017;cf=cfr(-.06,-.127,.069,.845,-.208,.493,-.46,.19,.867,-.274,-.96,.065);es="Linear";ed="In";};};{tm=.117;["Torso"]={tm=.016;cf=cfr(.138,-.2,-.305,.814,-.557,.167,.568,.703,-.428,.12,.443,.888);es="Linear";ed="In";};["Right Arm"]={tm=.016;cf=cfr(-.591,-1.103,.216,.803,-.567,.186,.054,.379,.924,-.594,-.731,.335);es="Linear";ed="In";};["Knife"]={tm=.016;cf=cfr(0,0,0,1,0,0,0,1,0,0,0,1);es="Linear";ed="In";};["Head"]={tm=.016;cf=cfr(0,0,.017,.96,.229,-.159,-.237,.971,-.032,.147,.069,.987);es="Linear";ed="In";};["Left Arm"]={tm=.016;cf=cfr(.359,-.698,-.099,-.269,.477,.837,-.93,-.355,-.096,.251,-.804,.539);es="Linear";ed="In";};["Cube"]={tm=.016;cf=cfr(0,0,0,1,0,0,0,1,0,0,0,1);es="Linear";ed="In";};["Stand Torso"]={tm=.016;cf=cfr(.539,-.682,1.835,.97,.243,-.01,-.145,.612,.778,.195,-.753,.628);es="Linear";ed="In";};["Stand Left Arm"]={tm=.016;cf=cfr(-.06,-.127,.069,.845,-.208,.493,-.46,.19,.867,-.274,-.96,.065);es="Linear";ed="In";};};{tm=.133;["Torso"]={tm=.034;cf=cfr(.201,-.098,-.324,.624,-.742,.245,.769,.527,-.362,.14,.414,.899);es="Linear";ed="In";};["Right Arm"]={tm=.034;cf=cfr(-.6,-1.162,.188,.747,-.612,.261,.047,.44,.897,-.664,-.657,.358);es="Linear";ed="In";};["Knife"]={tm=.034;cf=cfr(0,0,0,1,0,0,0,1,0,0,0,1);es="Linear";ed="In";};["Head"]={tm=.034;cf=cfr(0,0,.017,.88,.406,-.246,-.428,.902,-.045,.204,.145,.968);es="Linear";ed="In";};["Left Arm"]={tm=.034;cf=cfr(.481,-.655,-.112,-.184,.425,.886,-.927,-.374,-.013,.326,-.824,.463);es="Linear";ed="In";};["Cube"]={tm=.034;cf=cfr(0,0,0,1,0,0,0,1,0,0,0,1);es="Linear";ed="In";};["Stand Torso"]={tm=.034;cf=cfr(.717,-.751,1.768,.975,.153,.163,-.22,.537,.814,.037,-.83,.557);es="Linear";ed="In";};["Stand Left Arm"]={tm=.034;cf=cfr(-.06,-.127,.069,.845,-.208,.493,-.46,.19,.867,-.274,-.96,.065);es="Linear";ed="In";};};{tm=.167;["Torso"]={tm=.0159;cf=cfr(.236,.006,-.341,.478,-.83,.287,.868,.396,-.3,.136,.393,.909);es="Linear";ed="In";};["Right Arm"]={tm=.0159;cf=cfr(-.583,-1.165,.179,.697,-.656,.288,.099,.486,.868,-.71,-.577,.404);es="Linear";ed="In";};["Knife"]={tm=.0159;cf=cfr(0,0,0,1,0,0,0,1,0,0,0,1);es="Linear";ed="In";};["Head"]={tm=.0159;cf=cfr(0,0,.017,.812,.505,-.293,-.547,.833,-.081,.203,.226,.953);es="Linear";ed="In";};["Left Arm"]={tm=.0159;cf=cfr(.547,-.602,-.049,-.041,.379,.925,-.921,-.373,.112,.387,-.847,.364);es="Linear";ed="In";};["Cube"]={tm=.0159;cf=cfr(0,0,0,1,0,0,0,1,0,0,0,1);es="Linear";ed="In";};["Stand Torso"]={tm=.0159;cf=cfr(.765,-.68,1.795,.969,.049,.24,-.235,.462,.855,-.069,-.886,.459);es="Linear";ed="In";};["Stand Left Arm"]={tm=.0159;cf=cfr(-.06,-.128,.068,.845,-.207,.493,-.46,.19,.868,-.273,-.96,.065);es="Linear";ed="In";};};{tm=.183;["Torso"]={tm=.0170;cf=cfr(.256,.103,-.357,.385,-.869,.312,.916,.316,-.249,.118,.381,.917);es="Linear";ed="In";};["Right Arm"]={tm=.0170;cf=cfr(-.544,-1.124,.185,.649,-.706,.284,.197,.516,.834,-.735,-.485,.474);es="Linear";ed="In";};["Knife"]={tm=.0170;cf=cfr(0,0,0,1,0,0,0,1,0,0,0,1);es="Linear";ed="In";};["Head"]={tm=.0170;cf=cfr(0,0,.017,.766,.562,-.313,-.622,.77,-.14,.163,.302,.939);es="Linear";ed="In";};["Left Arm"]={tm=.0170;cf=cfr(.56,-.538,.075,.124,.341,.932,-.898,-.36,.252,.422,-.868,.262);es="Linear";ed="In";};["Cube"]={tm=.0170;cf=cfr(0,0,0,1,0,0,0,1,0,0,0,1);es="Linear";ed="In";};["Stand Torso"]={tm=.0170;cf=cfr(.797,-.503,1.865,.965,-.093,.244,-.192,.381,.904,-.177,-.92,.35);es="Linear";ed="In";};["Stand Left Arm"]={tm=.0170;cf=cfr(-.061,-.129,.068,.846,-.204,.492,-.459,.19,.868,-.271,-.96,.067);es="Linear";ed="In";};};{tm=.2;["Torso"]={tm=.0169;cf=cfr(.269,.19,-.372,.333,-.884,.327,.938,.277,-.206,.092,.376,.922);es="Linear";ed="In";};["Right Arm"]={tm=.0169;cf=cfr(-.488,-1.051,.2,.592,-.763,.258,.335,.525,.783,-.733,-.377,.566);es="Linear";ed="In";};["Knife"]={tm=.0169;cf=cfr(0,0,0,1,0,0,0,1,0,0,0,1);es="Linear";ed="In";};["Head"]={tm=.0169;cf=cfr(0,0,.017,.736,.599,-.317,-.67,.713,-.207,.102,.365,.925);es="Linear";ed="In";};["Left Arm"]={tm=.0169;cf=cfr(.528,-.461,.234,.274,.316,.908,-.86,-.342,.379,.43,-.885,.178);es="Linear";ed="In";};["Cube"]={tm=.0169;cf=cfr(0,0,0,1,0,0,0,1,0,0,0,1);es="Linear";ed="In";};["Stand Torso"]={tm=.0169;cf=cfr(.816,-.273,1.964,.951,-.242,.193,-.12,.289,.95,-.286,-.926,.246);es="Linear";ed="In";};["Stand Left Arm"]={tm=.0169;cf=cfr(-.062,-.131,.067,.848,-.2,.491,-.457,.19,.869,-.267,-.961,.07);es="Linear";ed="In";};};{tm=.217;["Torso"]={tm=.0160;cf=cfr(.278,.263,-.388,.314,-.887,.338,.947,.269,-.173,.063,.375,.925);es="Linear";ed="In";};["Right Arm"]={tm=.0160;cf=cfr(-.419,-.959,.216,.521,-.825,.221,.499,.504,.705,-.693,-.257,.674);es="Linear";ed="In";};["Knife"]={tm=.0160;cf=cfr(0,0,0,1,0,0,0,1,0,0,0,1);es="Linear";ed="In";};["Head"]={tm=.0160;cf=cfr(0,0,.017,.714,.627,-.311,-.699,.663,-.268,.038,.409,.912);es="Linear";ed="In";};["Left Arm"]={tm=.0160;cf=cfr(.46,-.366,.404,.385,.309,.87,-.82,-.317,.476,.423,-.896,.131);es="Linear";ed="In";};["Cube"]={tm=.0160;cf=cfr(0,0,0,1,0,0,0,1,0,0,0,1);es="Linear";ed="In";};["Stand Torso"]={tm=.0160;cf=cfr(.826,-.042,2.078,.922,-.371,.112,-.041,.194,.98,-.385,-.908,.163);es="Linear";ed="In";};["Stand Left Arm"]={tm=.0160;cf=cfr(-.064,-.135,.067,.851,-.195,.488,-.456,.191,.869,-.262,-.962,.074);es="Linear";ed="In";};};{tm=.233;["Torso"]={tm=.034;cf=cfr(.286,.32,-.404,.317,-.882,.347,.948,.282,-.149,.034,.377,.926);es="Linear";ed="In";};["Right Arm"]={tm=.034;cf=cfr(-.341,-.859,.227,.431,-.884,.182,.667,.448,.595,-.608,-.135,.782);es="Linear";ed="In";};["Knife"]={tm=.034;cf=cfr(0,0,0,1,0,0,0,1,0,0,0,1);es="Linear";ed="In";};["Head"]={tm=.034;cf=cfr(0,0,.017,.694,.655,-.3,-.72,.622,-.307,-.014,.43,.903);es="Linear";ed="In";};["Left Arm"]={tm=.034;cf=cfr(.368,-.25,.559,.443,.326,.835,-.795,-.287,.534,.414,-.901,.133);es="Linear";ed="In";};["Cube"]={tm=.034;cf=cfr(0,0,0,1,0,0,0,1,0,0,0,1);es="Linear";ed="In";};["Stand Torso"]={tm=.034;cf=cfr(.829,.135,2.192,.889,-.456,.036,.019,.116,.993,-.457,-.882,.112);es="Linear";ed="In";};["Stand Left Arm"]={tm=.034;cf=cfr(-.066,-.138,.066,.854,-.187,.486,-.453,.192,.871,-.256,-.963,.079);es="Linear";ed="In";};};{tm=.267;["Torso"]={tm=.0159;cf=cfr(.292,.356,-.421,.335,-.873,.355,.942,.306,-.136,.01,.38,.925);es="Linear";ed="In";};["Right Arm"]={tm=.0159;cf=cfr(-.259,-.764,.226,.333,-.93,.154,.805,.365,.467,-.491,-.032,.871);es="Linear";ed="In";};["Knife"]={tm=.0159;cf=cfr(0,0,0,1,0,0,0,1,0,0,0,1);es="Linear";ed="In";};["Head"]={tm=.0159;cf=cfr(0,0,.017,.665,.687,-.293,-.745,.591,-.309,-.039,.424,.905);es="Linear";ed="In";};["Left Arm"]={tm=.0159;cf=cfr(.259,-.109,.674,.438,.378,.816,-.801,-.247,.545,.408,-.892,.195);es="Linear";ed="In";};["Cube"]={tm=.0159;cf=cfr(0,0,0,1,0,0,0,1,0,0,0,1);es="Linear";ed="In";};["Stand Torso"]={tm=.0159;cf=cfr(.83,.206,2.291,.874,-.487,.003,.044,.085,.995,-.485,-.869,.095);es="Linear";ed="In";};["Stand Left Arm"]={tm=.0159;cf=cfr(-.068,-.143,.065,.857,-.179,.483,-.45,.193,.872,-.249,-.965,.085);es="Linear";ed="In";};};{tm=.283;["Torso"]={tm=.0170;cf=cfr(.297,.364,-.439,.356,-.862,.361,.934,.329,-.137,-.001,.386,.923);es="Linear";ed="In";};["Right Arm"]={tm=.0170;cf=cfr(-.177,-.684,.206,.251,-.958,.139,.889,.285,.357,-.382,.034,.924);es="Linear";ed="In";};["Knife"]={tm=.0170;cf=cfr(0,0,0,1,0,0,0,1,0,0,0,1);es="Linear";ed="In";};["Head"]={tm=.0170;cf=cfr(0,0,.017,.62,.728,-.294,-.785,.563,-.26,-.024,.392,.92);es="Linear";ed="In";};["Left Arm"]={tm=.0170;cf=cfr(.145,.061,.722,.341,.483,.806,-.852,-.204,.482,.397,-.851,.342);es="Linear";ed="In";};["Cube"]={tm=.0170;cf=cfr(0,0,0,1,0,0,0,1,0,0,0,1);es="Linear";ed="In";};["Stand Torso"]={tm=.0170;cf=cfr(.581,.187,2.361,.927,-.374,.016,.068,.211,.975,-.368,-.903,.221);es="Linear";ed="In";};["Stand Left Arm"]={tm=.0170;cf=cfr(-.071,-.148,.063,.861,-.17,.479,-.447,.194,.873,-.241,-.966,.091);es="Linear";ed="In";};};{tm=.3;["Torso"]={tm=.0170;cf=cfr(.271,.128,-.465,.676,-.66,.329,.736,.627,-.255,-.038,.415,.909);es="Linear";ed="In";};["Right Arm"]={tm=.0170;cf=cfr(-.1,-.63,.162,.218,-.966,.136,.917,.251,.311,-.334,.057,.941);es="Linear";ed="In";};["Knife"]={tm=.0170;cf=cfr(0,0,0,1,0,0,0,1,0,0,0,1);es="Linear";ed="In";};["Head"]={tm=.0170;cf=cfr(0,0,.017,.802,.583,-.129,-.597,.774,-.211,-.023,.246,.969);es="Linear";ed="In";};["Left Arm"]={tm=.0170;cf=cfr(.035,.261,.682,.091,.663,.743,-.942,-.186,.281,.324,-.725,.607);es="Linear";ed="In";};["Cube"]={tm=.0170;cf=cfr(0,0,0,1,0,0,0,1,0,0,0,1);es="Linear";ed="In";};["Stand Torso"]={tm=.0170;cf=cfr(-.61,.055,2.388,.978,.054,-.201,.144,.523,.84,.151,-.85,.504);es="Linear";ed="In";};["Stand Left Arm"]={tm=.0170;cf=cfr(-.074,-.153,.062,.866,-.159,.475,-.444,.195,.875,-.232,-.968,.098);es="Linear";ed="In";};};{tm=.317;["Torso"]={tm=.0160;cf=cfr(.072,-.307,-.481,.985,.145,.088,-.095,.9,-.425,-.141,.41,.901);es="Linear";ed="In";};["Right Arm"]={tm=.0160;cf=cfr(-.031,-.589,.087,.302,-.952,.056,.888,.302,.346,-.347,-.054,.936);es="Linear";ed="In";};["Knife"]={tm=.0160;cf=cfr(0,0,0,1,0,0,0,1,0,0,0,1);es="Linear";ed="In";};["Head"]={tm=.0160;cf=cfr(0,0,.017,.975,-.135,.179,.14,.99,-.019,-.175,.044,.984);es="Linear";ed="In";};["Left Arm"]={tm=.0160;cf=cfr(-.07,.47,.546,-.294,.854,.428,-.955,-.285,-.086,.049,-.434,.9);es="Linear";ed="In";};["Cube"]={tm=.0160;cf=cfr(0,0,0,1,0,0,0,1,0,0,0,1);es="Linear";ed="In";};["Stand Torso"]={tm=.0160;cf=cfr(-2.135,-.645,.372,.138,.395,-.908,.017,.916,.401,.99,-.071,.12);es="Linear";ed="In";};["Stand Left Arm"]={tm=.0160;cf=cfr(-.077,-.159,.06,.87,-.148,.47,-.44,.197,.876,-.222,-.969,.106);es="Linear";ed="In";};};{tm=.333;["Torso"]={tm=.0339;cf=cfr(-.143,-.518,-.463,.607,.776,-.173,-.774,.526,-.353,-.183,.349,.919);es="Linear";ed="In";};["Right Arm"]={tm=.0339;cf=cfr(.026,-.549,.001,.488,-.866,-.111,.804,.397,.443,-.34,-.305,.89);es="Linear";ed="In";};["Knife"]={tm=.0339;cf=cfr(0,0,0,1,0,0,0,1,0,0,0,1);es="Linear";ed="In";};["Head"]={tm=.0339;cf=cfr(0,0,.017,.632,-.737,.239,.711,.674,.199,-.307,.044,.951);es="Linear";ed="In";};["Left Arm"]={tm=.0339;cf=cfr(-.21,.568,.365,-.43,.902,-.027,-.87,-.422,-.256,-.243,-.087,.966);es="Linear";ed="In";};["Cube"]={tm=.0339;cf=cfr(0,0,0,1,0,0,0,1,0,0,0,1);es="Linear";ed="In";};["Stand Torso"]={tm=.0339;cf=cfr(-1.192,-1.027,-1.831,-.768,-.186,-.612,-.261,.965,.035,.584,.187,-.79);es="Linear";ed="In";};["Stand Left Arm"]={tm=.0339;cf=cfr(-.081,-.166,.058,.875,-.136,.465,-.436,.198,.878,-.212,-.971,.114);es="Linear";ed="In";};};{tm=.367;["Torso"]={tm=.0160;cf=cfr(-.228,-.526,-.433,.275,.921,-.277,-.948,.212,-.238,-.161,.328,.931);es="Linear";ed="In";};["Right Arm"]={tm=.0160;cf=cfr(.068,-.518,-.07,.665,-.704,-.249,.692,.454,.562,-.282,-.546,.789);es="Linear";ed="In";};["Knife"]={tm=.0160;cf=cfr(0,0,0,1,0,0,0,1,0,0,0,1);es="Linear";ed="In";};["Head"]={tm=.0160;cf=cfr(0,0,.017,.385,-.901,.202,.874,.426,.234,-.297,.087,.951);es="Linear";ed="In";};["Left Arm"]={tm=.0160;cf=cfr(-.402,.402,.198,-.24,.916,-.321,-.94,-.302,-.16,-.243,.263,.934);es="Linear";ed="In";};["Cube"]={tm=.0160;cf=cfr(0,0,0,1,0,0,0,1,0,0,0,1);es="Linear";ed="In";};["Stand Torso"]={tm=.0160;cf=cfr(-.401,-1.114,-2.558,-.968,-.215,.126,-.205,.975,.085,-.141,.057,-.988);es="Linear";ed="In";};["Stand Left Arm"]={tm=.0160;cf=cfr(-.085,-.173,.057,.879,-.123,.46,-.432,.2,.879,-.2,-.972,.123);es="Linear";ed="In";};};{tm=.383;["Torso"]={tm=.0170;cf=cfr(-.268,-.423,-.402,.12,.938,-.326,-.985,.071,-.159,-.126,.34,.932);es="Linear";ed="In";};["Right Arm"]={tm=.0170;cf=cfr(.085,-.507,-.099,.751,-.59,-.296,.616,.464,.637,-.239,-.661,.712);es="Linear";ed="In";};["Knife"]={tm=.0170;cf=cfr(0,0,0,1,0,0,0,1,0,0,0,1);es="Linear";ed="In";};["Head"]={tm=.0170;cf=cfr(0,0,.017,.301,-.936,.184,.92,.336,.202,-.251,.109,.962);es="Linear";ed="In";};["Left Arm"]={tm=.0170;cf=cfr(-.582,.089,.077,.039,.849,-.526,-.998,.012,-.056,-.041,.528,.848);es="Linear";ed="In";};["Cube"]={tm=.0170;cf=cfr(0,0,0,1,0,0,0,1,0,0,0,1);es="Linear";ed="In";};["Stand Torso"]={tm=.0170;cf=cfr(.169,-1.109,-2.731,-.792,-.083,.605,.015,.988,.155,-.61,.132,-.781);es="Linear";ed="In";};["Stand Left Arm"]={tm=.0170;cf=cfr(-.089,-.18,.055,.884,-.11,.454,-.428,.202,.881,-.189,-.973,.131);es="Linear";ed="In";};};{tm=.4;["Torso"]={tm=.0169;cf=cfr(-.297,-.269,-.373,.062,.931,-.361,-.994,.025,-.107,-.09,.365,.927);es="Linear";ed="In";};["Right Arm"]={tm=.0169;cf=cfr(.08,-.511,-.095,.779,-.557,-.289,.58,.462,.671,-.24,-.69,.683);es="Linear";ed="In";};["Knife"]={tm=.0169;cf=cfr(0,0,0,1,0,0,0,1,0,0,0,1);es="Linear";ed="In";};["Head"]={tm=.0169;cf=cfr(0,0,.017,.299,-.937,.183,.93,.329,.162,-.212,.121,.97);es="Linear";ed="In";};["Left Arm"]={tm=.0169;cf=cfr(-.663,-.103,.024,.157,.773,-.614,-.982,.189,-.013,.106,.605,.789);es="Linear";ed="In";};["Cube"]={tm=.0169;cf=cfr(0,0,0,1,0,0,0,1,0,0,0,1);es="Linear";ed="In";};["Stand Torso"]={tm=.0169;cf=cfr(.432,-1.082,-2.755,-.653,.012,.757,.205,.966,.161,-.729,.26,-.633);es="Linear";ed="In";};["Stand Left Arm"]={tm=.0169;cf=cfr(-.093,-.187,.053,.889,-.096,.448,-.423,.204,.883,-.176,-.974,.14);es="Linear";ed="In";};};{tm=.417;["Torso"]={tm=.0160;cf=cfr(-.318,-.127,-.353,.055,.921,-.386,-.997,.028,-.075,-.059,.389,.919);es="Linear";ed="In";};["Right Arm"]={tm=.0160;cf=cfr(.065,-.52,-.082,.8,-.534,-.275,.547,.459,.7,-.247,-.71,.659);es="Linear";ed="In";};["Knife"]={tm=.0160;cf=cfr(0,0,0,1,0,0,0,1,0,0,0,1);es="Linear";ed="In";};["Head"]={tm=.0160;cf=cfr(0,0,.017,.333,-.925,.184,.925,.358,.128,-.185,.128,.974);es="Linear";ed="In";};["Left Arm"]={tm=.0160;cf=cfr(-.663,-.142,.015,.146,.762,-.631,-.981,.194,.007,.128,.618,.775);es="Linear";ed="In";};["Cube"]={tm=.0160;cf=cfr(0,0,0,1,0,0,0,1,0,0,0,1);es="Linear";ed="In";};["Stand Torso"]={tm=.0160;cf=cfr(.431,-1.022,-2.725,-.63,.04,.776,.247,.957,.151,-.737,.286,-.612);es="Linear";ed="In";};["Stand Left Arm"]={tm=.0160;cf=cfr(-.097,-.195,.051,.893,-.083,.442,-.419,.206,.885,-.164,-.975,.149);es="Linear";ed="In";};};{tm=.433;["Torso"]={tm=.0340;cf=cfr(-.327,-.064,-.346,.06,.916,-.397,-.997,.038,-.064,-.043,.4,.915);es="Linear";ed="In";};["Right Arm"]={tm=.0340;cf=cfr(.043,-.533,-.062,.815,-.52,-.255,.518,.456,.724,-.26,-.722,.641);es="Linear";ed="In";};["Knife"]={tm=.0340;cf=cfr(0,0,0,1,0,0,0,1,0,0,0,1);es="Linear";ed="In";};["Head"]={tm=.0340;cf=cfr(0,0,.017,.366,-.913,.18,.918,.386,.095,-.156,.131,.979);es="Linear";ed="In";};["Left Arm"]={tm=.0340;cf=cfr(-.662,-.178,.008,.135,.752,-.645,-.98,.198,.026,.147,.628,.764);es="Linear";ed="In";};["Cube"]={tm=.0340;cf=cfr(0,0,0,1,0,0,0,1,0,0,0,1);es="Linear";ed="In";};["Stand Torso"]={tm=.0340;cf=cfr(.427,-.958,-2.653,-.619,.05,.784,.262,.954,.147,-.74,.296,-.604);es="Linear";ed="In";};["Stand Left Arm"]={tm=.0340;cf=cfr(-.101,-.202,.049,.898,-.068,.435,-.414,.208,.886,-.151,-.976,.158);es="Linear";ed="In";};};{tm=.467;["Torso"]={tm=.0159;cf=cfr(-.327,-.062,-.345,.06,.916,-.397,-.997,.038,-.062,-.041,.4,.916);es="Linear";ed="In";};["Right Arm"]={tm=.0159;cf=cfr(.015,-.549,-.038,.826,-.514,-.232,.491,.454,.744,-.277,-.728,.627);es="Linear";ed="In";};["Knife"]={tm=.0159;cf=cfr(0,0,0,1,0,0,0,1,0,0,0,1);es="Linear";ed="In";};["Head"]={tm=.0159;cf=cfr(0,0,.017,.381,-.907,.177,.915,.397,.065,-.129,.137,.982);es="Linear";ed="In";};["Left Arm"]={tm=.0159;cf=cfr(-.66,-.209,.001,.122,.746,-.655,-.979,.199,.045,.164,.636,.754);es="Linear";ed="In";};["Cube"]={tm=.0159;cf=cfr(0,0,0,1,0,0,0,1,0,0,0,1);es="Linear";ed="In";};["Stand Torso"]={tm=.0159;cf=cfr(.418,-.929,-2.569,-.617,.05,.785,.265,.953,.147,-.741,.299,-.601);es="Linear";ed="In";};["Stand Left Arm"]={tm=.0159;cf=cfr(-.105,-.21,.047,.902,-.054,.429,-.409,.21,.888,-.138,-.976,.167);es="Linear";ed="In";};};{tm=.483;["Torso"]={tm=.0170;cf=cfr(-.326,-.062,-.345,.06,.916,-.396,-.997,.039,-.06,-.039,.399,.916);es="Linear";ed="In";};["Right Arm"]={tm=.0170;cf=cfr(-.016,-.566,-.012,.832,-.514,-.208,.468,.451,.76,-.297,-.729,.616);es="Linear";ed="In";};["Knife"]={tm=.0170;cf=cfr(0,0,0,1,0,0,0,1,0,0,0,1);es="Linear";ed="In";};["Head"]={tm=.0170;cf=cfr(0,0,.017,.39,-.902,.182,.914,.404,.045,-.114,.149,.982);es="Linear";ed="In";};["Left Arm"]={tm=.0170;cf=cfr(-.657,-.236,-.005,.108,.741,-.662,-.978,.199,.063,.179,.641,.746);es="Linear";ed="In";};["Cube"]={tm=.0170;cf=cfr(0,0,0,1,0,0,0,1,0,0,0,1);es="Linear";ed="In";};["Stand Torso"]={tm=.0170;cf=cfr(.4,-.935,-2.497,-.624,.045,.78,.263,.952,.155,-.736,.302,-.606);es="Linear";ed="In";};["Stand Left Arm"]={tm=.0170;cf=cfr(-.11,-.218,.045,.906,-.04,.422,-.405,.212,.889,-.126,-.976,.176);es="Linear";ed="In";};};{tm=.5;["Torso"]={tm=.0170;cf=cfr(-.325,-.063,-.344,.06,.917,-.395,-.997,.04,-.059,-.038,.397,.917);es="Linear";ed="In";};["Right Arm"]={tm=.0170;cf=cfr(-.046,-.583,.015,.835,-.518,-.183,.448,.449,.773,-.318,-.728,.608);es="Linear";ed="In";};["Knife"]={tm=.0170;cf=cfr(0,0,0,1,0,0,0,1,0,0,0,1);es="Linear";ed="In";};["Head"]={tm=.0170;cf=cfr(0,0,.017,.394,-.898,.196,.912,.408,.033,-.109,.166,.98);es="Linear";ed="In";};["Left Arm"]={tm=.0170;cf=cfr(-.653,-.26,-.011,.094,.739,-.667,-.977,.198,.081,.192,.644,.74);es="Linear";ed="In";};["Cube"]={tm=.0170;cf=cfr(0,0,0,1,0,0,0,1,0,0,0,1);es="Linear";ed="In";};["Stand Torso"]={tm=.0170;cf=cfr(.379,-.951,-2.441,-.641,.035,.767,.254,.952,.169,-.724,.303,-.619);es="Linear";ed="In";};["Stand Left Arm"]={tm=.0170;cf=cfr(-.114,-.225,.043,.909,-.027,.415,-.4,.215,.891,-.113,-.976,.184);es="Linear";ed="In";};};{tm=.517;["Torso"]={tm=.0160;cf=cfr(-.323,-.064,-.344,.061,.918,-.393,-.997,.042,-.058,-.037,.395,.918);es="Linear";ed="In";};["Right Arm"]={tm=.0160;cf=cfr(-.074,-.599,.039,.836,-.525,-.16,.431,.448,.783,-.34,-.724,.601);es="Linear";ed="In";};["Knife"]={tm=.0160;cf=cfr(0,0,0,1,0,0,0,1,0,0,0,1);es="Linear";ed="In";};["Head"]={tm=.0160;cf=cfr(0,0,.017,.395,-.894,.213,.912,.409,.026,-.11,.184,.977);es="Linear";ed="In";};["Left Arm"]={tm=.0160;cf=cfr(-.648,-.281,-.015,.08,.738,-.67,-.976,.195,.098,.203,.646,.736);es="Linear";ed="In";};["Cube"]={tm=.0160;cf=cfr(0,0,0,1,0,0,0,1,0,0,0,1);es="Linear";ed="In";};["Stand Torso"]={tm=.0160;cf=cfr(.357,-.97,-2.402,-.663,.022,.748,.242,.952,.186,-.708,.305,-.637);es="Linear";ed="In";};["Stand Left Arm"]={tm=.0160;cf=cfr(-.118,-.232,.041,.913,-.013,.408,-.396,.217,.892,-.1,-.976,.193);es="Linear";ed="In";};};{tm=.533;["Torso"]={tm=.0339;cf=cfr(-.321,-.066,-.343,.062,.919,-.39,-.997,.043,-.057,-.035,.393,.919);es="Linear";ed="In";};["Right Arm"]={tm=.0339;cf=cfr(-.098,-.612,.059,.835,-.532,-.14,.417,.446,.792,-.359,-.72,.594);es="Linear";ed="In";};["Knife"]={tm=.0339;cf=cfr(0,0,0,1,0,0,0,1,0,0,0,1);es="Linear";ed="In";};["Head"]={tm=.0339;cf=cfr(0,0,.017,.393,-.889,.233,.912,.409,.023,-.116,.203,.972);es="Linear";ed="In";};["Left Arm"]={tm=.0339;cf=cfr(-.644,-.298,-.019,.066,.739,-.671,-.975,.19,.114,.212,.646,.733);es="Linear";ed="In";};["Cube"]={tm=.0339;cf=cfr(0,0,0,1,0,0,0,1,0,0,0,1);es="Linear";ed="In";};["Stand Torso"]={tm=.0339;cf=cfr(.341,-.986,-2.379,-.686,.009,.728,.228,.952,.203,-.691,.305,-.655);es="Linear";ed="In";};["Stand Left Arm"]={tm=.0339;cf=cfr(-.122,-.24,.039,.916,0,.402,-.392,.219,.894,-.088,-.976,.2);es="Linear";ed="In";};};{tm=.567;["Torso"]={tm=.0160;cf=cfr(-.319,-.069,-.342,.063,.92,-.388,-.997,.045,-.056,-.034,.39,.92);es="Linear";ed="In";};["Right Arm"]={tm=.0160;cf=cfr(-.113,-.621,.073,.833,-.539,-.124,.406,.444,.799,-.375,-.716,.589);es="Linear";ed="In";};["Knife"]={tm=.0160;cf=cfr(0,0,0,1,0,0,0,1,0,0,0,1);es="Linear";ed="In";};["Head"]={tm=.0160;cf=cfr(0,0,.017,.39,-.885,.252,.912,.409,.023,-.123,.221,.967);es="Linear";ed="In";};["Left Arm"]={tm=.0160;cf=cfr(-.639,-.313,-.023,.052,.741,-.67,-.974,.185,.129,.22,.646,.731);es="Linear";ed="In";};["Cube"]={tm=.0160;cf=cfr(0,0,0,1,0,0,0,1,0,0,0,1);es="Linear";ed="In";};["Stand Torso"]={tm=.0160;cf=cfr(.334,-.992,-2.371,-.704,-.003,.71,.214,.953,.216,-.677,.304,-.67);es="Linear";ed="In";};["Stand Left Arm"]={tm=.0160;cf=cfr(-.126,-.246,.037,.918,.012,.395,-.388,.221,.895,-.077,-.975,.208);es="Linear";ed="In";};};{tm=.583;["Torso"]={tm=.0170;cf=cfr(-.316,-.071,-.341,.064,.921,-.385,-.997,.046,-.056,-.034,.387,.921);es="Linear";ed="In";};["Right Arm"]={tm=.0170;cf=cfr(-.119,-.624,.078,.832,-.543,-.114,.398,.441,.805,-.386,-.715,.583);es="Linear";ed="In";};["Knife"]={tm=.0170;cf=cfr(0,0,0,1,0,0,0,1,0,0,0,1);es="Linear";ed="In";};["Head"]={tm=.0170;cf=cfr(0,0,.017,.388,-.882,.268,.912,.409,.023,-.13,.235,.963);es="Linear";ed="In";};["Left Arm"]={tm=.0170;cf=cfr(-.634,-.325,-.025,.039,.744,-.667,-.973,.18,.144,.227,.644,.731);es="Linear";ed="In";};["Cube"]={tm=.0170;cf=cfr(0,0,0,1,0,0,0,1,0,0,0,1);es="Linear";ed="In";};["Stand Torso"]={tm=.0170;cf=cfr(.333,-.992,-2.371,-.717,-.011,.697,.204,.953,.225,-.667,.303,-.681);es="Linear";ed="In";};["Stand Left Arm"]={tm=.0170;cf=cfr(-.129,-.253,.036,.921,.024,.389,-.384,.223,.896,-.066,-.974,.215);es="Linear";ed="In";};};{tm=.6;["Torso"]={tm=.0170;cf=cfr(-.314,-.074,-.34,.065,.922,-.382,-.997,.048,-.056,-.033,.384,.923);es="Linear";ed="In";};["Right Arm"]={tm=.0170;cf=cfr(-.119,-.625,.078,.832,-.544,-.108,.391,.436,.81,-.394,-.717,.576);es="Linear";ed="In";};["Knife"]={tm=.0170;cf=cfr(0,0,0,1,0,0,0,1,0,0,0,1);es="Linear";ed="In";};["Head"]={tm=.0170;cf=cfr(0,0,.017,.388,-.879,.278,.912,.41,.022,-.133,.245,.96);es="Linear";ed="In";};["Left Arm"]={tm=.0170;cf=cfr(-.628,-.334,-.028,.026,.747,-.664,-.972,.173,.157,.232,.642,.731);es="Linear";ed="In";};["Cube"]={tm=.0170;cf=cfr(0,0,0,1,0,0,0,1,0,0,0,1);es="Linear";ed="In";};["Stand Torso"]={tm=.0170;cf=cfr(.333,-.992,-2.372,-.724,-.019,.689,.195,.953,.231,-.661,.302,-.687);es="Linear";ed="In";};["Stand Left Arm"]={tm=.0170;cf=cfr(-.133,-.259,.034,.923,.035,.383,-.381,.225,.897,-.055,-.974,.221);es="Linear";ed="In";};};{tm=.617;["Torso"]={tm=.0160;cf=cfr(-.312,-.078,-.339,.067,.923,-.379,-.997,.049,-.055,-.032,.382,.924);es="Linear";ed="In";};["Right Arm"]={tm=.0160;cf=cfr(-.119,-.625,.078,.832,-.544,-.104,.384,.431,.816,-.399,-.719,.568);es="Linear";ed="In";};["Knife"]={tm=.0160;cf=cfr(0,0,0,1,0,0,0,1,0,0,0,1);es="Linear";ed="In";};["Head"]={tm=.0160;cf=cfr(0,0,.017,.39,-.876,.283,.911,.412,.019,-.134,.25,.959);es="Linear";ed="In";};["Left Arm"]={tm=.0160;cf=cfr(-.623,-.342,-.029,.015,.751,-.66,-.971,.167,.169,.237,.639,.732);es="Linear";ed="In";};["Cube"]={tm=.0160;cf=cfr(0,0,0,1,0,0,0,1,0,0,0,1);es="Linear";ed="In";};["Stand Torso"]={tm=.0160;cf=cfr(.333,-.991,-2.373,-.729,-.025,.684,.189,.953,.236,-.658,.301,-.69);es="Linear";ed="In";};["Stand Left Arm"]={tm=.0160;cf=cfr(-.136,-.265,.033,.925,.045,.378,-.378,.227,.898,-.046,-.973,.227);es="Linear";ed="In";};};{tm=.633;["Torso"]={tm=.0340;cf=cfr(-.309,-.081,-.338,.068,.924,-.376,-.997,.051,-.055,-.032,.379,.925);es="Linear";ed="In";};["Right Arm"]={tm=.0340;cf=cfr(-.119,-.625,.078,.833,-.544,-.101,.378,.426,.822,-.404,-.723,.56);es="Linear";ed="In";};["Knife"]={tm=.0340;cf=cfr(0,0,0,1,0,0,0,1,0,0,0,1);es="Linear";ed="In";};["Head"]={tm=.0340;cf=cfr(0,0,.017,.394,-.874,.284,.91,.415,.016,-.132,.252,.959);es="Linear";ed="In";};["Left Arm"]={tm=.0340;cf=cfr(-.619,-.348,-.031,.004,.755,-.656,-.971,.161,.179,.24,.636,.733);es="Linear";ed="In";};["Cube"]={tm=.0340;cf=cfr(0,0,0,1,0,0,0,1,0,0,0,1);es="Linear";ed="In";};["Stand Torso"]={tm=.0340;cf=cfr(.333,-.989,-2.374,-.731,-.03,.682,.184,.954,.239,-.657,.3,-.691);es="Linear";ed="In";};["Stand Left Arm"]={tm=.0340;cf=cfr(-.139,-.27,.031,.926,.054,.373,-.375,.229,.898,-.037,-.972,.232);es="Linear";ed="In";};};{tm=.667;["Torso"]={tm=.0160;cf=cfr(-.307,-.084,-.337,.069,.925,-.373,-.997,.052,-.055,-.032,.376,.926);es="Linear";ed="In";};["Right Arm"]={tm=.0160;cf=cfr(-.119,-.625,.078,.834,-.542,-.1,.372,.42,.828,-.407,-.728,.552);es="Linear";ed="In";};["Knife"]={tm=.0160;cf=cfr(0,0,0,1,0,0,0,1,0,0,0,1);es="Linear";ed="In";};["Head"]={tm=.0160;cf=cfr(0,0,.017,.398,-.873,.282,.908,.418,.012,-.129,.251,.959);es="Linear";ed="In";};["Left Arm"]={tm=.0160;cf=cfr(-.614,-.352,-.032,-.006,.759,-.651,-.97,.154,.188,.243,.633,.735);es="Linear";ed="In";};["Cube"]={tm=.0160;cf=cfr(0,0,0,1,0,0,0,1,0,0,0,1);es="Linear";ed="In";};["Stand Torso"]={tm=.0160;cf=cfr(.333,-.985,-2.375,-.732,-.033,.681,.18,.954,.241,-.657,.299,-.692);es="Linear";ed="In";};["Stand Left Arm"]={tm=.0160;cf=cfr(-.141,-.274,.03,.928,.061,.368,-.372,.231,.899,-.03,-.971,.237);es="Linear";ed="In";};};{tm=.683;["Torso"]={tm=.0169;cf=cfr(-.305,-.086,-.336,.07,.926,-.371,-.997,.053,-.055,-.032,.374,.927);es="Linear";ed="In";};["Right Arm"]={tm=.0169;cf=cfr(-.119,-.626,.078,.836,-.54,-.099,.366,.414,.833,-.409,-.732,.544);es="Linear";ed="In";};["Knife"]={tm=.0169;cf=cfr(0,0,0,1,0,0,0,1,0,0,0,1);es="Linear";ed="In";};["Head"]={tm=.0169;cf=cfr(0,0,.017,.403,-.872,.278,.907,.422,.008,-.124,.249,.961);es="Linear";ed="In";};["Left Arm"]={tm=.0169;cf=cfr(-.61,-.355,-.032,-.014,.762,-.647,-.969,.149,.196,.245,.63,.737);es="Linear";ed="In";};["Cube"]={tm=.0169;cf=cfr(0,0,0,1,0,0,0,1,0,0,0,1);es="Linear";ed="In";};["Stand Torso"]={tm=.0169;cf=cfr(.333,-.98,-2.376,-.733,-.036,.68,.178,.954,.242,-.657,.299,-.692);es="Linear";ed="In";};["Stand Left Arm"]={tm=.0169;cf=cfr(-.143,-.278,.029,.929,.068,.364,-.37,.232,.9,-.023,-.97,.241);es="Linear";ed="In";};};{tm=.7;["Torso"]={tm=.0170;cf=cfr(-.304,-.089,-.336,.071,.927,-.369,-.997,.054,-.056,-.031,.372,.928);es="Linear";ed="In";};["Right Arm"]={tm=.0170;cf=cfr(-.119,-.626,.078,.837,-.538,-.098,.362,.409,.838,-.411,-.737,.537);es="Linear";ed="In";};["Knife"]={tm=.0170;cf=cfr(0,0,0,1,0,0,0,1,0,0,0,1);es="Linear";ed="In";};["Head"]={tm=.0170;cf=cfr(0,0,.017,.408,-.871,.273,.905,.425,.005,-.12,.245,.962);es="Linear";ed="In";};["Left Arm"]={tm=.0170;cf=cfr(-.607,-.356,-.033,-.02,.766,-.643,-.969,.144,.202,.247,.627,.739);es="Linear";ed="In";};["Cube"]={tm=.0170;cf=cfr(0,0,0,1,0,0,0,1,0,0,0,1);es="Linear";ed="In";};["Stand Torso"]={tm=.0170;cf=cfr(.333,-.972,-2.377,-.734,-.037,.678,.177,.954,.244,-.656,.299,-.693);es="Linear";ed="In";};["Stand Left Arm"]={tm=.0170;cf=cfr(-.145,-.281,.028,.93,.074,.361,-.368,.233,.9,-.018,-.97,.244);es="Linear";ed="In";};};{tm=.717;["Torso"]={tm=.0160;cf=cfr(-.302,-.09,-.335,.072,.927,-.368,-.997,.055,-.056,-.031,.37,.928);es="Linear";ed="In";};["Right Arm"]={tm=.0160;cf=cfr(-.119,-.626,.077,.838,-.537,-.098,.358,.405,.841,-.411,-.74,.532);es="Linear";ed="In";};["Knife"]={tm=.0160;cf=cfr(0,0,0,1,0,0,0,1,0,0,0,1);es="Linear";ed="In";};["Head"]={tm=.0160;cf=cfr(0,0,.017,.412,-.871,.268,.904,.428,.002,-.116,.242,.963);es="Linear";ed="In";};["Left Arm"]={tm=.0160;cf=cfr(-.605,-.357,-.033,-.025,.768,-.64,-.968,.14,.206,.248,.625,.74);es="Linear";ed="In";};["Cube"]={tm=.0160;cf=cfr(0,0,0,1,0,0,0,1,0,0,0,1);es="Linear";ed="In";};["Stand Torso"]={tm=.0160;cf=cfr(.333,-.962,-2.378,-.738,-.037,.674,.176,.954,.245,-.652,.299,-.697);es="Linear";ed="In";};["Stand Left Arm"]={tm=.0160;cf=cfr(-.146,-.283,.028,.93,.077,.359,-.367,.234,.9,-.014,-.969,.246);es="Linear";ed="In";};};{tm=.733;["Torso"]={tm=.0340;cf=cfr(-.301,-.092,-.335,.072,.928,-.367,-.997,.056,-.056,-.031,.369,.929);es="Linear";ed="In";};["Right Arm"]={tm=.0340;cf=cfr(-.119,-.626,.077,.839,-.535,-.099,.356,.402,.843,-.412,-.743,.528);es="Linear";ed="In";};["Knife"]={tm=.0340;cf=cfr(0,0,0,1,0,0,0,1,0,0,0,1);es="Linear";ed="In";};["Head"]={tm=.0340;cf=cfr(0,0,.017,.414,-.871,.265,.903,.43,-.001,-.113,.239,.964);es="Linear";ed="In";};["Left Arm"]={tm=.0340;cf=cfr(-.603,-.358,-.033,-.028,.77,-.638,-.968,.138,.209,.248,.623,.741);es="Linear";ed="In";};["Cube"]={tm=.0340;cf=cfr(0,0,0,1,0,0,0,1,0,0,0,1);es="Linear";ed="In";};["Stand Torso"]={tm=.0340;cf=cfr(.332,-.949,-2.379,-.744,-.036,.667,.174,.953,.246,-.645,.299,-.703);es="Linear";ed="In";};["Stand Left Arm"]={tm=.0340;cf=cfr(-.147,-.285,.027,.93,.08,.358,-.366,.234,.9,-.012,-.969,.247);es="Linear";ed="In";};};{tm=.767;["Torso"]={tm=0;cf=cfr(-.301,-.092,-.335,.073,.928,-.366,-.997,.056,-.056,-.031,.369,.929);es="Linear";ed="In";};["Right Arm"]={tm=0;cf=cfr(-.119,-.626,.077,.839,-.535,-.099,.355,.401,.844,-.412,-.744,.527);es="Linear";ed="In";};["Knife"]={tm=0;cf=cfr(0,0,0,1,0,0,0,1,0,0,0,1);es="Linear";ed="In";};["Head"]={tm=0;cf=cfr(0,0,.017,.415,-.871,.263,.903,.43,-.001,-.112,.238,.965);es="Linear";ed="In";};["Left Arm"]={tm=0;cf=cfr(-.602,-.358,-.033,-.029,.77,-.637,-.968,.137,.21,.249,.623,.742);es="Linear";ed="In";};["Cube"]={tm=0;cf=cfr(0,0,0,1,0,0,0,1,0,0,0,1);es="Linear";ed="In";};["Stand Torso"]={tm=0;cf=cfr(.332,-.933,-2.379,-.754,-.034,.656,.173,.953,.248,-.634,.301,-.713);es="Linear";ed="In";};["Stand Left Arm"]={tm=0;cf=cfr(-.147,-.285,.027,.931,.081,.357,-.366,.235,.901,-.011,-.969,.248);es="Linear";ed="In";};};}