-- // converted using mech's animoduler
local cfr = CFrame.new

return {{tm=0;["Torso"]={tm=.02;cf=cfr(-.301,-.092,-.335,.073,.928,-.366,-.997,.056,-.056,-.031,.369,.929);es="Linear";ed="In";};["Head"]={tm=.02;cf=cfr(0,0,.017,.415,-.871,.263,.903,.43,-.001,-.112,.238,.965);es="Linear";ed="In";};["Left Arm"]={tm=.02;cf=cfr(-.602,-.358,-.033,-.029,.77,-.637,-.968,.137,.21,.249,.623,.742);es="Linear";ed="In";};["Cube"]={tm=.02;cf=cfr(0,0,0,1,0,0,0,1,0,0,0,1);es="Linear";ed="In";};["Right Arm"]={tm=.02;cf=cfr(-.119,-.626,.077,.839,-.535,-.099,.355,.401,.844,-.412,-.744,.527);es="Linear";ed="In";};["Knife"]={tm=.02;cf=cfr(0,0,0,1,0,0,0,1,0,0,0,1);es="Linear";ed="In";};["Left Leg"]={tm=.02;cf=cfr(-.289,.488,.166,.909,.269,.319,-.256,.963,-.083,-.33,-.006,.944);es="Linear";ed="In";};["Right Leg"]={tm=.02;cf=cfr(.695,.457,.237,.907,.057,-.417,-.028,.997,.077,.42,-.059,.906);es="Linear";ed="In";};["StandHumanoidRootPart"]={tm=.02;cf=cfr(0,0,0,1,0,0,0,1,0,0,0,1);es="Linear";ed="In";};["Stand Torso"]={tm=.02;cf=cfr(-1.754,.484,2.979,-.053,.327,-.944,.146,.937,.317,.988,-.121,-.097);es="Linear";ed="In";};["Stand Head"]={tm=.02;cf=cfr(0,0,0,.638,-.734,.231,.759,.651,-.027,-.131,.193,.972);es="Linear";ed="In";};["Stand Right Arm"]={tm=.02;cf=cfr(.033,-.109,-.106,.923,.011,-.385,.064,.981,.183,.38,-.194,.904);es="Linear";ed="In";};["Stand Left Leg"]={tm=.02;cf=cfr(-.487,.386,.015,.985,.08,.15,-.09,.994,.061,-.145,-.073,.987);es="Linear";ed="In";};["Stand Left Arm"]={tm=.02;cf=cfr(-.06,-.127,.069,.845,-.208,.493,-.46,.19,.867,-.274,-.96,.065);es="Linear";ed="In";};["Stand Right Leg"]={tm=.02;cf=cfr(.948,.68,-.132,.979,.174,.108,-.191,.965,.179,-.073,-.196,.978);es="Linear";ed="In";};};{tm=.02;["Torso"]={tm=.02;cf=cfr(-.288,-.021,-.296,.061,.937,-.344,-.997,.04,-.068,-.05,.348,.936);es="Linear";ed="In";};["Head"]={tm=.02;cf=cfr(0,0,.017,.37,-.89,.264,.924,.382,-.009,-.093,.247,.964);es="Linear";ed="In";};["Left Arm"]={tm=.02;cf=cfr(-.509,-.389,-.023,.071,.876,-.477,-.968,.176,.18,.242,.449,.86);es="Linear";ed="In";};["Cube"]={tm=.02;cf=cfr(0,0,0,1,0,0,0,1,0,0,0,1);es="Linear";ed="In";};["Right Arm"]={tm=.02;cf=cfr(-.163,-.618,.082,.912,-.39,-.129,.328,.503,.8,-.247,-.771,.587);es="Linear";ed="In";};["Knife"]={tm=.02;cf=cfr(0,0,0,1,0,0,0,1,0,0,0,1);es="Linear";ed="In";};["Left Leg"]={tm=.02;cf=cfr(-.262,.485,.137,.9,.255,.353,-.267,.964,-.014,-.344,-.082,.935);es="Linear";ed="In";};["Right Leg"]={tm=.02;cf=cfr(.704,.376,.245,.921,.06,-.385,-.057,.998,.02,.386,.003,.923);es="Linear";ed="In";};["StandHumanoidRootPart"]={tm=.02;cf=cfr(0,0,0,1,0,0,0,1,0,0,0,1);es="Linear";ed="In";};["Stand Torso"]={tm=.02;cf=cfr(-1.754,.484,2.979,-.053,.327,-.944,.146,.937,.317,.988,-.121,-.097);es="Linear";ed="In";};["Stand Head"]={tm=.02;cf=cfr(0,0,0,.638,-.734,.231,.759,.651,-.027,-.131,.193,.972);es="Linear";ed="In";};["Stand Right Arm"]={tm=.02;cf=cfr(.033,-.109,-.106,.923,.011,-.385,.064,.981,.183,.38,-.194,.904);es="Linear";ed="In";};["Stand Left Leg"]={tm=.02;cf=cfr(-.487,.386,.015,.985,.08,.15,-.09,.994,.061,-.145,-.073,.987);es="Linear";ed="In";};["Stand Left Arm"]={tm=.02;cf=cfr(-.06,-.127,.069,.845,-.208,.493,-.46,.19,.867,-.274,-.96,.065);es="Linear";ed="In";};["Stand Right Leg"]={tm=.02;cf=cfr(.948,.68,-.132,.979,.174,.108,-.191,.965,.179,-.073,-.196,.978);es="Linear";ed="In";};};{tm=.04;["Torso"]={tm=.0199;cf=cfr(-.255,.131,-.216,.032,.955,-.294,-.995,.002,-.102,-.096,.295,.951);es="Linear";ed="In";};["Head"]={tm=.0199;cf=cfr(0,0,.017,.26,-.929,.264,.964,.264,-.02,-.051,.26,.964);es="Linear";ed="In";};["Left Arm"]={tm=.0199;cf=cfr(-.305,-.455,-.002,.288,.958,-.009,-.947,.286,.143,.14,-.032,.99);es="Linear";ed="In";};["Cube"]={tm=.0199;cf=cfr(0,0,0,1,0,0,0,1,0,0,0,1);es="Linear";ed="In";};["Right Arm"]={tm=.0199;cf=cfr(-.252,-.602,.096,.968,.002,-.25,.174,.714,.679,.18,-.7,.691);es="Linear";ed="In";};["Knife"]={tm=.0199;cf=cfr(0,0,0,1,0,0,0,1,0,0,0,1);es="Linear";ed="In";};["Left Leg"]={tm=.0199;cf=cfr(-.187,.456,.068,.881,.222,.418,-.305,.942,.142,-.362,-.253,.897);es="Linear";ed="In";};["Right Leg"]={tm=.0199;cf=cfr(.682,.181,.223,.947,.056,-.317,-.094,.99,-.108,.308,.133,.942);es="Linear";ed="In";};["StandHumanoidRootPart"]={tm=.0199;cf=cfr(0,0,0,1,0,0,0,1,0,0,0,1);es="Linear";ed="In";};["Stand Torso"]={tm=.0199;cf=cfr(-1.754,.484,2.979,-.053,.327,-.944,.146,.937,.317,.988,-.121,-.097);es="Linear";ed="In";};["Stand Head"]={tm=.0199;cf=cfr(0,0,0,.638,-.734,.231,.759,.651,-.027,-.131,.193,.972);es="Linear";ed="In";};["Stand Right Arm"]={tm=.0199;cf=cfr(.033,-.109,-.106,.923,.011,-.385,.064,.981,.183,.38,-.194,.904);es="Linear";ed="In";};["Stand Left Leg"]={tm=.0199;cf=cfr(-.487,.386,.015,.985,.08,.15,-.09,.994,.061,-.145,-.073,.987);es="Linear";ed="In";};["Stand Left Arm"]={tm=.0199;cf=cfr(-.06,-.127,.069,.845,-.208,.493,-.46,.19,.867,-.274,-.96,.065);es="Linear";ed="In";};["Stand Right Leg"]={tm=.0199;cf=cfr(.948,.68,-.132,.979,.174,.108,-.191,.965,.179,-.073,-.196,.978);es="Linear";ed="In";};};{tm=.06;["Torso"]={tm=.0200;cf=cfr(-.21,.27,-.144,-.006,.971,-.237,-.987,-.043,-.152,-.158,.233,.959);es="Linear";ed="In";};["Head"]={tm=.0200;cf=cfr(0,0,.017,.126,-.958,.259,.992,.125,-.021,-.012,.259,.966);es="Linear";ed="In";};["Left Arm"]={tm=.0200;cf=cfr(-.096,-.515,.021,.424,.767,.482,-.903,.398,.161,-.068,-.504,.861);es="Linear";ed="In";};["Cube"]={tm=.0200;cf=cfr(0,0,0,1,0,0,0,1,0,0,0,1);es="Linear";ed="In";};["Right Arm"]={tm=.0200;cf=cfr(-.33,-.593,.119,.797,.413,-.441,-.121,.824,.553,.592,-.387,.707);es="Linear";ed="In";};["Knife"]={tm=.0200;cf=cfr(0,0,0,1,0,0,0,1,0,0,0,1);es="Linear";ed="In";};["Left Leg"]={tm=.0200;cf=cfr(-.063,.395,-.014,.862,.198,.467,-.368,.877,.309,-.348,-.438,.829);es="Linear";ed="In";};["Right Leg"]={tm=.0200;cf=cfr(.548,-.027,.137,.968,.01,-.251,-.073,.967,-.245,.241,.255,.936);es="Linear";ed="In";};["StandHumanoidRootPart"]={tm=.0200;cf=cfr(0,0,0,1,0,0,0,1,0,0,0,1);es="Linear";ed="In";};["Stand Torso"]={tm=.0200;cf=cfr(-1.754,.484,2.979,-.053,.327,-.944,.146,.937,.317,.988,-.121,-.097);es="Linear";ed="In";};["Stand Head"]={tm=.0200;cf=cfr(0,0,0,.638,-.734,.231,.759,.651,-.027,-.131,.193,.972);es="Linear";ed="In";};["Stand Right Arm"]={tm=.0200;cf=cfr(.033,-.109,-.106,.923,.011,-.385,.064,.981,.183,.38,-.194,.904);es="Linear";ed="In";};["Stand Left Leg"]={tm=.0200;cf=cfr(-.487,.386,.015,.985,.08,.15,-.09,.994,.061,-.145,-.073,.987);es="Linear";ed="In";};["Stand Left Arm"]={tm=.0200;cf=cfr(-.06,-.127,.069,.845,-.208,.493,-.46,.19,.867,-.274,-.96,.065);es="Linear";ed="In";};["Stand Right Leg"]={tm=.0200;cf=cfr(.948,.68,-.132,.979,.174,.108,-.191,.965,.179,-.073,-.196,.978);es="Linear";ed="In";};};{tm=.08;["Torso"]={tm=.0200;cf=cfr(-.169,.308,-.128,-.035,.978,-.206,-.975,-.079,-.209,-.22,.193,.956);es="Linear";ed="In";};["Head"]={tm=.0200;cf=cfr(0,0,.017,.024,-.969,.248,1,.026,.003,-.009,.247,.969);es="Linear";ed="In";};["Left Arm"]={tm=.0200;cf=cfr(.028,-.529,.033,.435,.585,.684,-.879,.441,.181,-.196,-.68,.706);es="Linear";ed="In";};["Cube"]={tm=.0200;cf=cfr(0,0,0,1,0,0,0,1,0,0,0,1);es="Linear";ed="In";};["Right Arm"]={tm=.0200;cf=cfr(-.344,-.602,.134,.557,.607,-.567,-.354,.791,.499,.752,-.077,.655);es="Linear";ed="In";};["Knife"]={tm=.0200;cf=cfr(0,0,0,1,0,0,0,1,0,0,0,1);es="Linear";ed="In";};["Left Leg"]={tm=.0200;cf=cfr(.001,.392,-.067,.854,.171,.491,-.403,.814,.418,-.329,-.555,.764);es="Linear";ed="In";};["Right Leg"]={tm=.0200;cf=cfr(.327,-.149,.04,.973,-.092,-.21,.016,.941,-.338,.229,.326,.917);es="Linear";ed="In";};["StandHumanoidRootPart"]={tm=.0200;cf=cfr(0,0,0,1,0,0,0,1,0,0,0,1);es="Linear";ed="In";};["Stand Torso"]={tm=.0200;cf=cfr(-1.754,.484,2.979,-.053,.327,-.944,.146,.937,.317,.988,-.121,-.097);es="Linear";ed="In";};["Stand Head"]={tm=.0200;cf=cfr(0,0,0,.638,-.734,.231,.759,.651,-.027,-.131,.193,.972);es="Linear";ed="In";};["Stand Right Arm"]={tm=.0200;cf=cfr(.033,-.109,-.106,.923,.011,-.385,.064,.981,.183,.38,-.194,.904);es="Linear";ed="In";};["Stand Left Leg"]={tm=.0200;cf=cfr(-.487,.386,.015,.985,.08,.15,-.09,.994,.061,-.145,-.073,.987);es="Linear";ed="In";};["Stand Left Arm"]={tm=.0200;cf=cfr(-.06,-.127,.069,.845,-.208,.493,-.46,.19,.867,-.274,-.96,.065);es="Linear";ed="In";};["Stand Right Leg"]={tm=.0200;cf=cfr(.948,.68,-.132,.979,.174,.108,-.191,.965,.179,-.073,-.196,.978);es="Linear";ed="In";};};{tm=.1;["Torso"]={tm=.0199;cf=cfr(-.145,.192,-.192,-.027,.975,-.221,-.963,-.085,-.258,-.27,.206,.941);es="Linear";ed="In";};["Head"]={tm=.0199;cf=cfr(0,0,.017,.011,-.971,.238,.998,.025,.056,-.06,.237,.97);es="Linear";ed="In";};["Left Arm"]={tm=.0199;cf=cfr(.006,-.468,.017,.412,.686,.6,-.898,.417,.14,-.154,-.597,.788);es="Linear";ed="In";};["Cube"]={tm=.0199;cf=cfr(0,0,0,1,0,0,0,1,0,0,0,1);es="Linear";ed="In";};["Right Arm"]={tm=.0199;cf=cfr(-.253,-.629,.127,.477,.658,-.583,-.431,.753,.498,.766,.014,.643);es="Linear";ed="In";};["Knife"]={tm=.0199;cf=cfr(0,0,0,1,0,0,0,1,0,0,0,1);es="Linear";ed="In";};["Left Leg"]={tm=.0199;cf=cfr(-.129,.549,-.069,.858,.125,.498,-.369,.826,.427,-.358,-.55,.755);es="Linear";ed="In";};["Right Leg"]={tm=.0199;cf=cfr(.46,-.126,.08,.976,-.052,-.209,-.027,.932,-.361,.214,.358,.909);es="Linear";ed="In";};["StandHumanoidRootPart"]={tm=.0199;cf=cfr(0,0,0,1,0,0,0,1,0,0,0,1);es="Linear";ed="In";};["Stand Torso"]={tm=.0199;cf=cfr(-1.754,.484,2.979,-.053,.327,-.944,.146,.937,.317,.988,-.121,-.097);es="Linear";ed="In";};["Stand Head"]={tm=.0199;cf=cfr(0,0,0,.638,-.734,.231,.759,.651,-.027,-.131,.193,.972);es="Linear";ed="In";};["Stand Right Arm"]={tm=.0199;cf=cfr(.033,-.109,-.106,.923,.011,-.385,.064,.981,.183,.38,-.194,.904);es="Linear";ed="In";};["Stand Left Leg"]={tm=.0199;cf=cfr(-.487,.386,.015,.985,.08,.15,-.09,.994,.061,-.145,-.073,.987);es="Linear";ed="In";};["Stand Left Arm"]={tm=.0199;cf=cfr(-.06,-.127,.069,.845,-.208,.493,-.46,.19,.867,-.274,-.96,.065);es="Linear";ed="In";};["Stand Right Leg"]={tm=.0199;cf=cfr(.948,.68,-.132,.979,.174,.108,-.191,.965,.179,-.073,-.196,.978);es="Linear";ed="In";};};{tm=.12;["Torso"]={tm=.0200;cf=cfr(-.135,-.027,-.287,.072,.965,-.253,-.951,-.01,-.308,-.3,.263,.917);es="Linear";ed="In";};["Head"]={tm=.0200;cf=cfr(0,0,.017,.123,-.967,.223,.984,.148,.097,-.127,.207,.97);es="Linear";ed="In";};["Left Arm"]={tm=.0200;cf=cfr(-.118,-.361,-.012,.326,.916,.231,-.945,.317,.079,-.001,-.244,.97);es="Linear";ed="In";};["Cube"]={tm=.0200;cf=cfr(0,0,0,1,0,0,0,1,0,0,0,1);es="Linear";ed="In";};["Right Arm"]={tm=.0200;cf=cfr(-.126,-.658,.105,.51,.672,-.537,-.421,.74,.525,.75,-.042,.66);es="Linear";ed="In";};["Knife"]={tm=.0200;cf=cfr(0,0,0,1,0,0,0,1,0,0,0,1);es="Linear";ed="In";};["Left Leg"]={tm=.0200;cf=cfr(-.237,.71,-.091,.881,.195,.432,-.369,.853,.368,-.297,-.484,.823);es="Linear";ed="In";};["Right Leg"]={tm=.0200;cf=cfr(.573,-.033,.179,.954,-.017,-.3,-.085,.943,-.322,.288,.332,.898);es="Linear";ed="In";};["StandHumanoidRootPart"]={tm=.0200;cf=cfr(0,0,0,1,0,0,0,1,0,0,0,1);es="Linear";ed="In";};["Stand Torso"]={tm=.0200;cf=cfr(-1.754,.484,2.979,-.053,.327,-.944,.146,.937,.317,.988,-.121,-.097);es="Linear";ed="In";};["Stand Head"]={tm=.0200;cf=cfr(0,0,0,.638,-.734,.231,.759,.651,-.027,-.131,.193,.972);es="Linear";ed="In";};["Stand Right Arm"]={tm=.0200;cf=cfr(.033,-.109,-.106,.923,.011,-.385,.064,.981,.183,.38,-.194,.904);es="Linear";ed="In";};["Stand Left Leg"]={tm=.0200;cf=cfr(-.487,.386,.015,.985,.08,.15,-.09,.994,.061,-.145,-.073,.987);es="Linear";ed="In";};["Stand Left Arm"]={tm=.0200;cf=cfr(-.06,-.127,.069,.845,-.208,.493,-.46,.19,.867,-.274,-.96,.065);es="Linear";ed="In";};["Stand Right Leg"]={tm=.0200;cf=cfr(.948,.68,-.132,.979,.174,.108,-.191,.965,.179,-.073,-.196,.978);es="Linear";ed="In";};};{tm=.14;["Torso"]={tm=.0199;cf=cfr(-.121,-.277,-.349,.337,.908,-.249,-.895,.226,-.384,-.293,.352,.889);es="Linear";ed="In";};["Head"]={tm=.0199;cf=cfr(0,0,.017,.405,-.897,.177,.903,.423,.079,-.146,.127,.981);es="Linear";ed="In";};["Left Arm"]={tm=.0199;cf=cfr(-.278,-.246,-.04,.147,.946,-.29,-.981,.177,.08,.127,.273,.954);es="Linear";ed="In";};["Cube"]={tm=.0199;cf=cfr(0,0,0,1,0,0,0,1,0,0,0,1);es="Linear";ed="In";};["Right Arm"]={tm=.0199;cf=cfr(-.062,-.672,.074,.55,.683,-.481,-.385,.718,.579,.741,-.133,.658);es="Linear";ed="In";};["Knife"]={tm=.0199;cf=cfr(0,0,0,1,0,0,0,1,0,0,0,1);es="Linear";ed="In";};["Left Leg"]={tm=.0199;cf=cfr(-.308,.754,-.173,.903,.392,.178,-.43,.842,.327,-.021,-.372,.928);es="Linear";ed="In";};["Right Leg"]={tm=.0199;cf=cfr(.424,.01,.257,.83,0,-.557,-.156,.96,-.232,.535,.279,.797);es="Linear";ed="In";};["StandHumanoidRootPart"]={tm=.0199;cf=cfr(0,0,0,1,0,0,0,1,0,0,0,1);es="Linear";ed="In";};["Stand Torso"]={tm=.0199;cf=cfr(-1.754,.484,2.979,-.053,.327,-.944,.146,.937,.317,.988,-.121,-.097);es="Linear";ed="In";};["Stand Head"]={tm=.0199;cf=cfr(0,0,0,.638,-.734,.231,.759,.651,-.027,-.131,.193,.972);es="Linear";ed="In";};["Stand Right Arm"]={tm=.0199;cf=cfr(.033,-.109,-.106,.923,.011,-.385,.064,.981,.183,.38,-.194,.904);es="Linear";ed="In";};["Stand Left Leg"]={tm=.0199;cf=cfr(-.487,.386,.015,.985,.08,.15,-.09,.994,.061,-.145,-.073,.987);es="Linear";ed="In";};["Stand Left Arm"]={tm=.0199;cf=cfr(-.06,-.127,.069,.845,-.208,.493,-.46,.19,.867,-.274,-.96,.065);es="Linear";ed="In";};["Stand Right Leg"]={tm=.0199;cf=cfr(.948,.68,-.132,.979,.174,.108,-.191,.965,.179,-.073,-.196,.978);es="Linear";ed="In";};};{tm=.16;["Torso"]={tm=.0199;cf=cfr(-.017,-.479,-.298,.89,.448,-.08,-.43,.769,-.473,-.15,.456,.877);es="Linear";ed="In";};["Head"]={tm=.0199;cf=cfr(0,0,.017,.921,-.389,-.005,.389,.921,-.019,.012,.015,1);es="Linear";ed="In";};["Left Arm"]={tm=.0199;cf=cfr(-.398,-.162,-.059,.008,.788,-.616,-.986,.108,.126,.165,.607,.778);es="Linear";ed="In";};["Cube"]={tm=.0199;cf=cfr(0,0,0,1,0,0,0,1,0,0,0,1);es="Linear";ed="In";};["Right Arm"]={tm=.0199;cf=cfr(-.063,-.665,.041,.584,.664,-.466,-.308,.713,.63,.751,-.224,.621);es="Linear";ed="In";};["Knife"]={tm=.0199;cf=cfr(0,0,0,1,0,0,0,1,0,0,0,1);es="Linear";ed="In";};["Left Leg"]={tm=.0199;cf=cfr(-.318,.418,-.309,.47,.736,-.487,-.559,.675,.482,.683,.046,.729);es="Linear";ed="In";};["Right Leg"]={tm=.0199;cf=cfr(-.186,.019,-.378,.199,.048,-.979,-.092,.995,.03,.976,.084,.202);es="Linear";ed="In";};["StandHumanoidRootPart"]={tm=.0199;cf=cfr(0,0,0,1,0,0,0,1,0,0,0,1);es="Linear";ed="In";};["Stand Torso"]={tm=.0199;cf=cfr(-1.754,.484,2.979,-.053,.327,-.944,.146,.937,.317,.988,-.121,-.097);es="Linear";ed="In";};["Stand Head"]={tm=.0199;cf=cfr(0,0,0,.638,-.734,.231,.759,.651,-.027,-.131,.193,.972);es="Linear";ed="In";};["Stand Right Arm"]={tm=.0199;cf=cfr(.033,-.109,-.106,.923,.011,-.385,.064,.981,.183,.38,-.194,.904);es="Linear";ed="In";};["Stand Left Leg"]={tm=.0199;cf=cfr(-.487,.386,.015,.985,.08,.15,-.09,.994,.061,-.145,-.073,.987);es="Linear";ed="In";};["Stand Left Arm"]={tm=.0199;cf=cfr(-.06,-.127,.069,.845,-.208,.493,-.46,.19,.867,-.274,-.96,.065);es="Linear";ed="In";};["Stand Right Leg"]={tm=.0199;cf=cfr(.948,.68,-.132,.979,.174,.108,-.191,.965,.179,-.073,-.196,.978);es="Linear";ed="In";};};{tm=.18;["Torso"]={tm=.0200;cf=cfr(.12,-.489,-.159,.905,-.399,.146,.424,.827,-.369,.027,.396,.918);es="Linear";ed="In";};["Head"]={tm=.0200;cf=cfr(0,0,.017,.873,.438,-.215,-.437,.898,.058,.218,.043,.975);es="Linear";ed="In";};["Left Arm"]={tm=.0200;cf=cfr(-.41,-.138,-.059,.004,.725,-.689,-.981,.135,.136,.192,.675,.712);es="Linear";ed="In";};["Cube"]={tm=.0200;cf=cfr(0,0,0,1,0,0,0,1,0,0,0,1);es="Linear";ed="In";};["Right Arm"]={tm=.0200;cf=cfr(-.069,-.643,.007,.658,.562,-.502,-.139,.745,.652,.74,-.359,.568);es="Linear";ed="In";};["Knife"]={tm=.0200;cf=cfr(0,0,0,1,0,0,0,1,0,0,0,1);es="Linear";ed="In";};["Left Leg"]={tm=.0200;cf=cfr(-.399,.295,-.491,-.336,.519,-.786,-.387,.685,.617,.859,.511,-.029);es="Linear";ed="In";};["Right Leg"]={tm=.0200;cf=cfr(-.058,.192,-.731,-.6,.223,-.768,-.139,.916,.375,.788,.332,-.519);es="Linear";ed="In";};["StandHumanoidRootPart"]={tm=.0200;cf=cfr(0,0,0,1,0,0,0,1,0,0,0,1);es="Linear";ed="In";};["Stand Torso"]={tm=.0200;cf=cfr(-1.754,.484,2.979,-.053,.327,-.944,.146,.937,.317,.988,-.121,-.097);es="Linear";ed="In";};["Stand Head"]={tm=.0200;cf=cfr(0,0,0,.638,-.734,.231,.759,.651,-.027,-.131,.193,.972);es="Linear";ed="In";};["Stand Right Arm"]={tm=.0200;cf=cfr(.033,-.109,-.106,.923,.011,-.385,.064,.981,.183,.38,-.194,.904);es="Linear";ed="In";};["Stand Left Leg"]={tm=.0200;cf=cfr(-.487,.386,.015,.985,.08,.15,-.09,.994,.061,-.145,-.073,.987);es="Linear";ed="In";};["Stand Left Arm"]={tm=.0200;cf=cfr(-.06,-.127,.069,.845,-.208,.493,-.46,.19,.867,-.274,-.96,.065);es="Linear";ed="In";};["Stand Right Leg"]={tm=.0200;cf=cfr(.948,.68,-.132,.979,.174,.108,-.191,.965,.179,-.073,-.196,.978);es="Linear";ed="In";};};{tm=.2;["Torso"]={tm=.0199;cf=cfr(.165,-.452,-.075,.559,-.796,.233,.828,.522,-.206,.042,.308,.95);es="Linear";ed="In";};["Head"]={tm=.0199;cf=cfr(0,0,.017,.544,.805,-.235,-.786,.587,.192,.293,.08,.953);es="Linear";ed="In";};["Left Arm"]={tm=.0199;cf=cfr(-.331,-.164,-.044,.114,.783,-.611,-.966,.23,.115,.23,.577,.783);es="Linear";ed="In";};["Cube"]={tm=.0199;cf=cfr(0,0,0,1,0,0,0,1,0,0,0,1);es="Linear";ed="In";};["Right Arm"]={tm=.0199;cf=cfr(-.079,-.615,-.026,.722,.38,-.578,.107,.765,.636,.684,-.52,.511);es="Linear";ed="In";};["Knife"]={tm=.0199;cf=cfr(0,0,0,1,0,0,0,1,0,0,0,1);es="Linear";ed="In";};["Left Leg"]={tm=.0199;cf=cfr(-.342,.277,-.731,-.703,.289,-.65,-.199,.798,.569,.683,.529,-.503);es="Linear";ed="In";};["Right Leg"]={tm=.0199;cf=cfr(.13,.281,-.822,-.895,.182,-.407,-.086,.825,.558,.437,.535,-.723);es="Linear";ed="In";};["StandHumanoidRootPart"]={tm=.0199;cf=cfr(0,0,0,1,0,0,0,1,0,0,0,1);es="Linear";ed="In";};["Stand Torso"]={tm=.0199;cf=cfr(-1.754,.484,2.979,-.053,.327,-.944,.146,.937,.317,.988,-.121,-.097);es="Linear";ed="In";};["Stand Head"]={tm=.0199;cf=cfr(0,0,0,.638,-.734,.231,.759,.651,-.027,-.131,.193,.972);es="Linear";ed="In";};["Stand Right Arm"]={tm=.0199;cf=cfr(.033,-.109,-.106,.923,.011,-.385,.064,.981,.183,.38,-.194,.904);es="Linear";ed="In";};["Stand Left Leg"]={tm=.0199;cf=cfr(-.487,.386,.015,.985,.08,.15,-.09,.994,.061,-.145,-.073,.987);es="Linear";ed="In";};["Stand Left Arm"]={tm=.0199;cf=cfr(-.06,-.127,.069,.845,-.208,.493,-.46,.19,.867,-.274,-.96,.065);es="Linear";ed="In";};["Stand Right Leg"]={tm=.0199;cf=cfr(.948,.68,-.132,.979,.174,.108,-.191,.965,.179,-.073,-.196,.978);es="Linear";ed="In";};};{tm=.22;["Torso"]={tm=.0199;cf=cfr(.186,-.434,-.057,.263,-.929,.262,.965,.255,-.065,-.007,.27,.963);es="Linear";ed="In";};["Head"]={tm=.0199;cf=cfr(0,0,.017,.294,.936,-.195,-.902,.339,.268,.317,.097,.943);es="Linear";ed="In";};["Left Arm"]={tm=.0199;cf=cfr(-.203,-.22,-.021,.305,.86,-.409,-.922,.374,.099,.238,.347,.907);es="Linear";ed="In";};["Cube"]={tm=.0199;cf=cfr(0,0,0,1,0,0,0,1,0,0,0,1);es="Linear";ed="In";};["Right Arm"]={tm=.0199;cf=cfr(-.09,-.586,-.055,.725,.145,-.673,.386,.723,.572,.57,-.675,.469);es="Linear";ed="In";};["Knife"]={tm=.0199;cf=cfr(0,0,0,1,0,0,0,1,0,0,0,1);es="Linear";ed="In";};["Left Leg"]={tm=.0199;cf=cfr(-.26,.23,-.857,-.863,.175,-.475,-.079,.88,.468,.5,.441,-.746);es="Linear";ed="In";};["Right Leg"]={tm=.0199;cf=cfr(.251,.337,-.813,-.981,.101,-.167,-.039,.738,.674,.191,.667,-.72);es="Linear";ed="In";};["StandHumanoidRootPart"]={tm=.0199;cf=cfr(0,0,0,1,0,0,0,1,0,0,0,1);es="Linear";ed="In";};["Stand Torso"]={tm=.0199;cf=cfr(-1.754,.484,2.979,-.053,.327,-.944,.146,.937,.317,.988,-.121,-.097);es="Linear";ed="In";};["Stand Head"]={tm=.0199;cf=cfr(0,0,0,.638,-.734,.231,.759,.651,-.027,-.131,.193,.972);es="Linear";ed="In";};["Stand Right Arm"]={tm=.0199;cf=cfr(.033,-.109,-.106,.923,.011,-.385,.064,.981,.183,.38,-.194,.904);es="Linear";ed="In";};["Stand Left Leg"]={tm=.0199;cf=cfr(-.487,.386,.015,.985,.08,.15,-.09,.994,.061,-.145,-.073,.987);es="Linear";ed="In";};["Stand Left Arm"]={tm=.0199;cf=cfr(-.06,-.127,.069,.845,-.208,.493,-.46,.19,.867,-.274,-.96,.065);es="Linear";ed="In";};["Stand Right Leg"]={tm=.0199;cf=cfr(.948,.68,-.132,.979,.174,.108,-.191,.965,.179,-.073,-.196,.978);es="Linear";ed="In";};};{tm=.24;["Torso"]={tm=.0200;cf=cfr(.202,-.42,-.079,.043,-.962,.269,.997,.061,.056,-.071,.266,.961);es="Linear";ed="In";};["Head"]={tm=.0200;cf=cfr(0,0,.017,.108,.978,-.179,-.941,.159,.297,.319,.137,.938);es="Linear";ed="In";};["Left Arm"]={tm=.0200;cf=cfr(-.067,-.284,.004,.514,.847,-.136,-.84,.529,.122,.175,.051,.983);es="Linear";ed="In";};["Cube"]={tm=.0200;cf=cfr(0,0,0,1,0,0,0,1,0,0,0,1);es="Linear";ed="In";};["Right Arm"]={tm=.0200;cf=cfr(-.102,-.562,-.075,.65,-.089,-.754,.634,.611,.475,.418,-.787,.453);es="Linear";ed="In";};["Knife"]={tm=.0200;cf=cfr(0,0,0,1,0,0,0,1,0,0,0,1);es="Linear";ed="In";};["Left Leg"]={tm=.0200;cf=cfr(-.187,.175,-.927,-.937,.13,-.325,.008,.936,.353,.35,.328,-.878);es="Linear";ed="In";};["Right Leg"]={tm=.0200;cf=cfr(.322,.379,-.774,-1,.018,-.024,-.006,.651,.759,.03,.759,-.65);es="Linear";ed="In";};["StandHumanoidRootPart"]={tm=.0200;cf=cfr(0,0,0,1,0,0,0,1,0,0,0,1);es="Linear";ed="In";};["Stand Torso"]={tm=.0200;cf=cfr(-1.754,.484,2.979,-.053,.327,-.944,.146,.937,.317,.988,-.121,-.097);es="Linear";ed="In";};["Stand Head"]={tm=.0200;cf=cfr(0,0,0,.638,-.734,.231,.759,.651,-.027,-.131,.193,.972);es="Linear";ed="In";};["Stand Right Arm"]={tm=.0200;cf=cfr(.033,-.109,-.106,.923,.011,-.385,.064,.981,.183,.38,-.194,.904);es="Linear";ed="In";};["Stand Left Leg"]={tm=.0200;cf=cfr(-.487,.386,.015,.985,.08,.15,-.09,.994,.061,-.145,-.073,.987);es="Linear";ed="In";};["Stand Left Arm"]={tm=.0200;cf=cfr(-.06,-.127,.069,.845,-.208,.493,-.46,.19,.867,-.274,-.96,.065);es="Linear";ed="In";};["Stand Right Leg"]={tm=.0200;cf=cfr(.948,.68,-.132,.979,.174,.108,-.191,.965,.179,-.073,-.196,.978);es="Linear";ed="In";};};{tm=.26;["Torso"]={tm=.0200;cf=cfr(.213,-.403,-.115,-.1,-.958,.267,.987,-.061,.151,-.128,.279,.952);es="Linear";ed="In";};["Head"]={tm=.0200;cf=cfr(0,0,.017,-.019,.981,-.194,-.951,.042,.306,.308,.19,.932);es="Linear";ed="In";};["Left Arm"]={tm=.0200;cf=cfr(.039,-.338,.024,.668,.738,.092,-.741,.649,.175,.07,-.185,.98);es="Linear";ed="In";};["Cube"]={tm=.0200;cf=cfr(0,0,0,1,0,0,0,1,0,0,0,1);es="Linear";ed="In";};["Right Arm"]={tm=.0200;cf=cfr(-.112,-.548,-.085,.528,-.269,-.805,.804,.463,.373,.273,-.845,.461);es="Linear";ed="In";};["Knife"]={tm=.0200;cf=cfr(0,0,0,1,0,0,0,1,0,0,0,1);es="Linear";ed="In";};["Left Leg"]={tm=.0200;cf=cfr(.177,.125,-1.036,-.933,.286,-.22,.229,.941,.249,.278,.182,-.943);es="Linear";ed="In";};["Right Leg"]={tm=.0200;cf=cfr(.359,.407,-.733,-.998,-.046,.05,.014,.574,.818,-.066,.817,-.572);es="Linear";ed="In";};["StandHumanoidRootPart"]={tm=.0200;cf=cfr(0,0,0,1,0,0,0,1,0,0,0,1);es="Linear";ed="In";};["Stand Torso"]={tm=.0200;cf=cfr(-1.754,.484,2.979,-.053,.327,-.944,.146,.937,.317,.988,-.121,-.097);es="Linear";ed="In";};["Stand Head"]={tm=.0200;cf=cfr(0,0,0,.638,-.734,.231,.759,.651,-.027,-.131,.193,.972);es="Linear";ed="In";};["Stand Right Arm"]={tm=.0200;cf=cfr(.033,-.109,-.106,.923,.011,-.385,.064,.981,.183,.38,-.194,.904);es="Linear";ed="In";};["Stand Left Leg"]={tm=.0200;cf=cfr(-.487,.386,.015,.985,.08,.15,-.09,.994,.061,-.145,-.073,.987);es="Linear";ed="In";};["Stand Left Arm"]={tm=.0200;cf=cfr(-.06,-.127,.069,.845,-.208,.493,-.46,.19,.867,-.274,-.96,.065);es="Linear";ed="In";};["Stand Right Leg"]={tm=.0200;cf=cfr(.948,.68,-.132,.979,.174,.108,-.191,.965,.179,-.073,-.196,.978);es="Linear";ed="In";};};{tm=.28;["Torso"]={tm=.0199;cf=cfr(.218,-.386,-.136,-.154,-.952,.264,.975,-.102,.199,-.162,.288,.944);es="Linear";ed="In";};["Head"]={tm=.0199;cf=cfr(0,0,.017,-.068,.974,-.217,-.954,0,.299,.291,.227,.929);es="Linear";ed="In";};["Left Arm"]={tm=.0199;cf=cfr(.081,-.359,.032,.755,.631,.18,-.656,.725,.209,.002,-.276,.961);es="Linear";ed="In";};["Cube"]={tm=.0199;cf=cfr(0,0,0,1,0,0,0,1,0,0,0,1);es="Linear";ed="In";};["Right Arm"]={tm=.0199;cf=cfr(-.118,-.546,-.083,.412,-.377,-.83,.896,.333,.294,.166,-.864,.475);es="Linear";ed="In";};["Knife"]={tm=.0199;cf=cfr(0,0,0,1,0,0,0,1,0,0,0,1);es="Linear";ed="In";};["Left Leg"]={tm=.0199;cf=cfr(.318,.097,-1.057,-.918,.352,-.182,.317,.928,.194,.237,.121,-.964);es="Linear";ed="In";};["Right Leg"]={tm=.0199;cf=cfr(.369,.421,-.711,-.995,-.072,.071,.022,.534,.845,-.099,.843,-.529);es="Linear";ed="In";};["StandHumanoidRootPart"]={tm=.0199;cf=cfr(0,0,0,1,0,0,0,1,0,0,0,1);es="Linear";ed="In";};["Stand Torso"]={tm=.0199;cf=cfr(-1.754,.484,2.979,-.053,.327,-.944,.146,.937,.317,.988,-.121,-.097);es="Linear";ed="In";};["Stand Head"]={tm=.0199;cf=cfr(0,0,0,.638,-.734,.231,.759,.651,-.027,-.131,.193,.972);es="Linear";ed="In";};["Stand Right Arm"]={tm=.0199;cf=cfr(.033,-.109,-.106,.923,.011,-.385,.064,.981,.183,.38,-.194,.904);es="Linear";ed="In";};["Stand Left Leg"]={tm=.0199;cf=cfr(-.487,.386,.015,.985,.08,.15,-.09,.994,.061,-.145,-.073,.987);es="Linear";ed="In";};["Stand Left Arm"]={tm=.0199;cf=cfr(-.06,-.127,.069,.845,-.208,.493,-.46,.19,.867,-.274,-.96,.065);es="Linear";ed="In";};["Stand Right Leg"]={tm=.0199;cf=cfr(.948,.68,-.132,.979,.174,.108,-.191,.965,.179,-.073,-.196,.978);es="Linear";ed="In";};};{tm=.3;["Torso"]={tm=.0200;cf=cfr(.216,-.375,-.138,-.149,-.953,.263,.973,-.093,.212,-.178,.288,.941);es="Linear";ed="In";};["Head"]={tm=.0200;cf=cfr(0,0,.017,-.063,.969,-.237,-.96,.006,.279,.272,.245,.93);es="Linear";ed="In";};["Left Arm"]={tm=.0200;cf=cfr(.079,-.358,.032,.802,.57,.178,-.597,.774,.212,-.017,-.276,.961);es="Linear";ed="In";};["Cube"]={tm=.0200;cf=cfr(0,0,0,1,0,0,0,1,0,0,0,1);es="Linear";ed="In";};["Right Arm"]={tm=.0200;cf=cfr(-.121,-.559,-.068,.337,-.424,-.841,.935,.253,.247,.108,-.869,.482);es="Linear";ed="In";};["Knife"]={tm=.0200;cf=cfr(0,0,0,1,0,0,0,1,0,0,0,1);es="Linear";ed="In";};["Left Leg"]={tm=.0200;cf=cfr(.329,.092,-1.064,-.913,.36,-.191,.327,.927,.181,.242,.103,-.965);es="Linear";ed="In";};["Right Leg"]={tm=.0200;cf=cfr(.367,.424,-.706,-.996,-.066,.066,.022,.523,.852,-.091,.849,-.52);es="Linear";ed="In";};["StandHumanoidRootPart"]={tm=.0200;cf=cfr(0,0,0,1,0,0,0,1,0,0,0,1);es="Linear";ed="In";};["Stand Torso"]={tm=.0200;cf=cfr(-1.754,.484,2.979,-.053,.327,-.944,.146,.937,.317,.988,-.121,-.097);es="Linear";ed="In";};["Stand Head"]={tm=.0200;cf=cfr(0,0,0,.638,-.734,.231,.759,.651,-.027,-.131,.193,.972);es="Linear";ed="In";};["Stand Right Arm"]={tm=.0200;cf=cfr(.033,-.109,-.106,.923,.011,-.385,.064,.981,.183,.38,-.194,.904);es="Linear";ed="In";};["Stand Left Leg"]={tm=.0200;cf=cfr(-.487,.386,.015,.985,.08,.15,-.09,.994,.061,-.145,-.073,.987);es="Linear";ed="In";};["Stand Left Arm"]={tm=.0200;cf=cfr(-.06,-.127,.069,.845,-.208,.493,-.46,.19,.867,-.274,-.96,.065);es="Linear";ed="In";};["Stand Right Leg"]={tm=.0200;cf=cfr(.948,.68,-.132,.979,.174,.108,-.191,.965,.179,-.073,-.196,.978);es="Linear";ed="In";};};{tm=.32;["Torso"]={tm=.0200;cf=cfr(.215,-.368,-.138,-.132,-.956,.261,.973,-.075,.219,-.19,.283,.94);es="Linear";ed="In";};["Head"]={tm=.0200;cf=cfr(0,0,.017,-.049,.964,-.26,-.966,.02,.258,.254,.264,.931);es="Linear";ed="In";};["Left Arm"]={tm=.0200;cf=cfr(.077,-.357,.032,.829,.531,.176,-.559,.802,.209,-.03,-.272,.962);es="Linear";ed="In";};["Cube"]={tm=.0200;cf=cfr(0,0,0,1,0,0,0,1,0,0,0,1);es="Linear";ed="In";};["Right Arm"]={tm=.0200;cf=cfr(-.121,-.582,-.046,.301,-.435,-.848,.95,.219,.225,.088,-.873,.479);es="Linear";ed="In";};["Knife"]={tm=.0200;cf=cfr(0,0,0,1,0,0,0,1,0,0,0,1);es="Linear";ed="In";};["Left Leg"]={tm=.0200;cf=cfr(.328,.091,-1.073,-.909,.361,-.21,.328,.928,.173,.258,.088,-.962);es="Linear";ed="In";};["Right Leg"]={tm=.0200;cf=cfr(.362,.425,-.704,-.997,-.052,.057,.021,.518,.855,-.074,.854,-.515);es="Linear";ed="In";};["StandHumanoidRootPart"]={tm=.0200;cf=cfr(0,0,0,1,0,0,0,1,0,0,0,1);es="Linear";ed="In";};["Stand Torso"]={tm=.0200;cf=cfr(-1.754,.484,2.979,-.053,.327,-.944,.146,.937,.317,.988,-.121,-.097);es="Linear";ed="In";};["Stand Head"]={tm=.0200;cf=cfr(0,0,0,.638,-.734,.231,.759,.651,-.027,-.131,.193,.972);es="Linear";ed="In";};["Stand Right Arm"]={tm=.0200;cf=cfr(.033,-.109,-.106,.923,.011,-.385,.064,.981,.183,.38,-.194,.904);es="Linear";ed="In";};["Stand Left Leg"]={tm=.0200;cf=cfr(-.487,.386,.015,.985,.08,.15,-.09,.994,.061,-.145,-.073,.987);es="Linear";ed="In";};["Stand Left Arm"]={tm=.0200;cf=cfr(-.06,-.127,.069,.845,-.208,.493,-.46,.19,.867,-.274,-.96,.065);es="Linear";ed="In";};["Stand Right Leg"]={tm=.0200;cf=cfr(.948,.68,-.132,.979,.174,.108,-.191,.965,.179,-.073,-.196,.978);es="Linear";ed="In";};};{tm=.34;["Torso"]={tm=.0199;cf=cfr(.212,-.363,-.138,-.109,-.96,.258,.974,-.051,.222,-.199,.275,.94);es="Linear";ed="In";};["Head"]={tm=.0199;cf=cfr(0,0,.017,-.029,.961,-.276,-.971,.038,.237,.238,.275,.931);es="Linear";ed="In";};["Left Arm"]={tm=.0199;cf=cfr(.077,-.356,.033,.841,.512,.174,-.539,.817,.205,-.037,-.266,.963);es="Linear";ed="In";};["Cube"]={tm=.0199;cf=cfr(0,0,0,1,0,0,0,1,0,0,0,1);es="Linear";ed="In";};["Right Arm"]={tm=.0199;cf=cfr(-.12,-.607,-.022,.291,-.427,-.856,.952,.214,.217,.09,-.878,.469);es="Linear";ed="In";};["Knife"]={tm=.0199;cf=cfr(0,0,0,1,0,0,0,1,0,0,0,1);es="Linear";ed="In";};["Left Leg"]={tm=.0199;cf=cfr(.319,.094,-1.081,-.905,.356,-.235,.322,.931,.169,.279,.077,-.957);es="Linear";ed="In";};["Right Leg"]={tm=.0199;cf=cfr(.357,.426,-.704,-.998,-.034,.047,.022,.515,.857,-.053,.857,-.513);es="Linear";ed="In";};["StandHumanoidRootPart"]={tm=.0199;cf=cfr(0,0,0,1,0,0,0,1,0,0,0,1);es="Linear";ed="In";};["Stand Torso"]={tm=.0199;cf=cfr(-1.754,.484,2.979,-.053,.327,-.944,.146,.937,.317,.988,-.121,-.097);es="Linear";ed="In";};["Stand Head"]={tm=.0199;cf=cfr(0,0,0,.638,-.734,.231,.759,.651,-.027,-.131,.193,.972);es="Linear";ed="In";};["Stand Right Arm"]={tm=.0199;cf=cfr(.033,-.109,-.106,.923,.011,-.385,.064,.981,.183,.38,-.194,.904);es="Linear";ed="In";};["Stand Left Leg"]={tm=.0199;cf=cfr(-.487,.386,.015,.985,.08,.15,-.09,.994,.061,-.145,-.073,.987);es="Linear";ed="In";};["Stand Left Arm"]={tm=.0199;cf=cfr(-.06,-.127,.069,.845,-.208,.493,-.46,.19,.867,-.274,-.96,.065);es="Linear";ed="In";};["Stand Right Leg"]={tm=.0199;cf=cfr(.948,.68,-.132,.979,.174,.108,-.191,.965,.179,-.073,-.196,.978);es="Linear";ed="In";};};{tm=.36;["Torso"]={tm=.0200;cf=cfr(.208,-.361,-.137,-.086,-.964,.252,.975,-.029,.222,-.206,.265,.942);es="Linear";ed="In";};["Head"]={tm=.0200;cf=cfr(0,0,.017,-.009,.958,-.285,-.974,.056,.219,.226,.28,.933);es="Linear";ed="In";};["Left Arm"]={tm=.0200;cf=cfr(.077,-.356,.033,.846,.505,.173,-.532,.823,.201,-.041,-.261,.964);es="Linear";ed="In";};["Cube"]={tm=.0200;cf=cfr(0,0,0,1,0,0,0,1,0,0,0,1);es="Linear";ed="In";};["Right Arm"]={tm=.0200;cf=cfr(-.119,-.627,-.004,.294,-.411,-.863,.95,.225,.216,.105,-.883,.457);es="Linear";ed="In";};["Knife"]={tm=.0200;cf=cfr(0,0,0,1,0,0,0,1,0,0,0,1);es="Linear";ed="In";};["Left Leg"]={tm=.0200;cf=cfr(.306,.099,-1.089,-.902,.346,-.259,.311,.935,.167,.301,.07,-.951);es="Linear";ed="In";};["Right Leg"]={tm=.0200;cf=cfr(.353,.426,-.705,-.999,-.015,.039,.026,.515,.857,-.032,.857,-.514);es="Linear";ed="In";};["StandHumanoidRootPart"]={tm=.0200;cf=cfr(0,0,0,1,0,0,0,1,0,0,0,1);es="Linear";ed="In";};["Stand Torso"]={tm=.0200;cf=cfr(-1.754,.484,2.979,-.053,.327,-.944,.146,.937,.317,.988,-.121,-.097);es="Linear";ed="In";};["Stand Head"]={tm=.0200;cf=cfr(0,0,0,.638,-.734,.231,.759,.651,-.027,-.131,.193,.972);es="Linear";ed="In";};["Stand Right Arm"]={tm=.0200;cf=cfr(.033,-.109,-.106,.923,.011,-.385,.064,.981,.183,.38,-.194,.904);es="Linear";ed="In";};["Stand Left Leg"]={tm=.0200;cf=cfr(-.487,.386,.015,.985,.08,.15,-.09,.994,.061,-.145,-.073,.987);es="Linear";ed="In";};["Stand Left Arm"]={tm=.0200;cf=cfr(-.06,-.127,.069,.845,-.208,.493,-.46,.19,.867,-.274,-.96,.065);es="Linear";ed="In";};["Stand Right Leg"]={tm=.0200;cf=cfr(.948,.68,-.132,.979,.174,.108,-.191,.965,.179,-.073,-.196,.978);es="Linear";ed="In";};};{tm=.38;["Torso"]={tm=.0200;cf=cfr(.201,-.358,-.135,-.067,-.967,.245,.975,-.012,.221,-.21,.253,.944);es="Linear";ed="In";};["Head"]={tm=.0200;cf=cfr(0,0,.017,.007,.957,-.289,-.977,.068,.203,.214,.281,.936);es="Linear";ed="In";};["Left Arm"]={tm=.0200;cf=cfr(.077,-.356,.033,.846,.504,.172,-.531,.824,.199,-.042,-.259,.965);es="Linear";ed="In";};["Cube"]={tm=.0200;cf=cfr(0,0,0,1,0,0,0,1,0,0,0,1);es="Linear";ed="In";};["Right Arm"]={tm=.0200;cf=cfr(-.118,-.635,.004,.293,-.398,-.869,.949,.235,.212,.12,-.887,.446);es="Linear";ed="In";};["Knife"]={tm=.0200;cf=cfr(0,0,0,1,0,0,0,1,0,0,0,1);es="Linear";ed="In";};["Left Leg"]={tm=.0200;cf=cfr(.293,.104,-1.094,-.9,.334,-.279,.297,.94,.166,.318,.066,-.946);es="Linear";ed="In";};["Right Leg"]={tm=.0200;cf=cfr(.352,.426,-.706,-.999,.003,.036,.032,.516,.856,-.016,.857,-.516);es="Linear";ed="In";};["StandHumanoidRootPart"]={tm=.0200;cf=cfr(0,0,0,1,0,0,0,1,0,0,0,1);es="Linear";ed="In";};["Stand Torso"]={tm=.0200;cf=cfr(-1.754,.484,2.979,-.053,.327,-.944,.146,.937,.317,.988,-.121,-.097);es="Linear";ed="In";};["Stand Head"]={tm=.0200;cf=cfr(0,0,0,.638,-.734,.231,.759,.651,-.027,-.131,.193,.972);es="Linear";ed="In";};["Stand Right Arm"]={tm=.0200;cf=cfr(.033,-.109,-.106,.923,.011,-.385,.064,.981,.183,.38,-.194,.904);es="Linear";ed="In";};["Stand Left Leg"]={tm=.0200;cf=cfr(-.487,.386,.015,.985,.08,.15,-.09,.994,.061,-.145,-.073,.987);es="Linear";ed="In";};["Stand Left Arm"]={tm=.0200;cf=cfr(-.06,-.127,.069,.845,-.208,.493,-.46,.19,.867,-.274,-.96,.065);es="Linear";ed="In";};["Stand Right Leg"]={tm=.0200;cf=cfr(.948,.68,-.132,.979,.174,.108,-.191,.965,.179,-.073,-.196,.978);es="Linear";ed="In";};};{tm=.4;["Torso"]={tm=.0199;cf=cfr(.192,-.356,-.133,-.058,-.971,.234,.975,-.006,.22,-.212,.241,.947);es="Linear";ed="In";};["Head"]={tm=.0199;cf=cfr(0,0,.017,.012,.958,-.288,-.979,.07,.19,.202,.28,.939);es="Linear";ed="In";};["Left Arm"]={tm=.0199;cf=cfr(.079,-.357,.032,.846,.506,.168,-.532,.822,.204,-.035,-.262,.964);es="Linear";ed="In";};["Cube"]={tm=.0199;cf=cfr(0,0,0,1,0,0,0,1,0,0,0,1);es="Linear";ed="In";};["Right Arm"]={tm=.0199;cf=cfr(-.118,-.635,.004,.288,-.39,-.874,.948,.247,.202,.137,-.887,.441);es="Linear";ed="In";};["Knife"]={tm=.0199;cf=cfr(0,0,0,1,0,0,0,1,0,0,0,1);es="Linear";ed="In";};["Left Leg"]={tm=.0199;cf=cfr(.286,.11,-1.096,-.902,.32,-.289,.283,.945,.163,.325,.066,-.943);es="Linear";ed="In";};["Right Leg"]={tm=.0199;cf=cfr(.355,.425,-.707,-.999,.015,.041,.043,.517,.855,-.009,.856,-.517);es="Linear";ed="In";};["StandHumanoidRootPart"]={tm=.0199;cf=cfr(0,0,0,1,0,0,0,1,0,0,0,1);es="Linear";ed="In";};["Stand Torso"]={tm=.0199;cf=cfr(-1.754,.484,2.979,-.053,.327,-.944,.146,.937,.317,.988,-.121,-.097);es="Linear";ed="In";};["Stand Head"]={tm=.0199;cf=cfr(0,0,0,.638,-.734,.231,.759,.651,-.027,-.131,.193,.972);es="Linear";ed="In";};["Stand Right Arm"]={tm=.0199;cf=cfr(.033,-.109,-.106,.923,.011,-.385,.064,.981,.183,.38,-.194,.904);es="Linear";ed="In";};["Stand Left Leg"]={tm=.0199;cf=cfr(-.487,.386,.015,.985,.08,.15,-.09,.994,.061,-.145,-.073,.987);es="Linear";ed="In";};["Stand Left Arm"]={tm=.0199;cf=cfr(-.06,-.127,.069,.845,-.208,.493,-.46,.19,.867,-.274,-.96,.065);es="Linear";ed="In";};["Stand Right Leg"]={tm=.0199;cf=cfr(.948,.68,-.132,.979,.174,.108,-.191,.965,.179,-.073,-.196,.978);es="Linear";ed="In";};};{tm=.42;["Torso"]={tm=.0200;cf=cfr(.182,-.353,-.13,-.057,-.974,.221,.975,-.008,.22,-.213,.228,.95);es="Linear";ed="In";};["Head"]={tm=.0200;cf=cfr(0,0,.017,.011,.958,-.285,-.982,.064,.18,.191,.278,.942);es="Linear";ed="In";};["Left Arm"]={tm=.0200;cf=cfr(.085,-.358,.032,.846,.51,.157,-.533,.817,.218,-.017,-.269,.963);es="Linear";ed="In";};["Cube"]={tm=.0200;cf=cfr(0,0,0,1,0,0,0,1,0,0,0,1);es="Linear";ed="In";};["Right Arm"]={tm=.0200;cf=cfr(-.117,-.634,.004,.288,-.383,-.878,.943,.273,.19,.167,-.883,.44);es="Linear";ed="In";};["Knife"]={tm=.0200;cf=cfr(0,0,0,1,0,0,0,1,0,0,0,1);es="Linear";ed="In";};["Left Leg"]={tm=.0200;cf=cfr(.283,.114,-1.096,-.906,.305,-.292,.268,.95,.16,.326,.067,-.943);es="Linear";ed="In";};["Right Leg"]={tm=.0200;cf=cfr(.361,.423,-.708,-.998,.024,.053,.058,.518,.853,-.007,.855,-.519);es="Linear";ed="In";};["StandHumanoidRootPart"]={tm=.0200;cf=cfr(0,0,0,1,0,0,0,1,0,0,0,1);es="Linear";ed="In";};["Stand Torso"]={tm=.0200;cf=cfr(-1.754,.484,2.979,-.053,.327,-.944,.146,.937,.317,.988,-.121,-.097);es="Linear";ed="In";};["Stand Head"]={tm=.0200;cf=cfr(0,0,0,.638,-.734,.231,.759,.651,-.027,-.131,.193,.972);es="Linear";ed="In";};["Stand Right Arm"]={tm=.0200;cf=cfr(.033,-.109,-.106,.923,.011,-.385,.064,.981,.183,.38,-.194,.904);es="Linear";ed="In";};["Stand Left Leg"]={tm=.0200;cf=cfr(-.487,.386,.015,.985,.08,.15,-.09,.994,.061,-.145,-.073,.987);es="Linear";ed="In";};["Stand Left Arm"]={tm=.0200;cf=cfr(-.06,-.127,.069,.845,-.208,.493,-.46,.19,.867,-.274,-.96,.065);es="Linear";ed="In";};["Stand Right Leg"]={tm=.0200;cf=cfr(.948,.68,-.132,.979,.174,.108,-.191,.965,.179,-.073,-.196,.978);es="Linear";ed="In";};};{tm=.44;["Torso"]={tm=.0200;cf=cfr(.17,-.35,-.128,-.057,-.977,.207,.975,-.01,.22,-.213,.214,.953);es="Linear";ed="In";};["Head"]={tm=.0200;cf=cfr(0,0,.017,.009,.96,-.281,-.984,.059,.169,.179,.275,.945);es="Linear";ed="In";};["Left Arm"]={tm=.0200;cf=cfr(.093,-.361,.031,.845,.516,.143,-.535,.81,.238,.007,-.277,.961);es="Linear";ed="In";};["Cube"]={tm=.0200;cf=cfr(0,0,0,1,0,0,0,1,0,0,0,1);es="Linear";ed="In";};["Right Arm"]={tm=.0200;cf=cfr(-.117,-.633,.004,.289,-.375,-.881,.936,.303,.179,.2,-.876,.438);es="Linear";ed="In";};["Knife"]={tm=.0200;cf=cfr(0,0,0,1,0,0,0,1,0,0,0,1);es="Linear";ed="In";};["Left Leg"]={tm=.0200;cf=cfr(.28,.119,-1.095,-.911,.29,-.294,.253,.955,.156,.326,.068,-.943);es="Linear";ed="In";};["Right Leg"]={tm=.0200;cf=cfr(.367,.422,-.708,-.997,.032,.066,.073,.519,.852,-.007,.854,-.52);es="Linear";ed="In";};["StandHumanoidRootPart"]={tm=.0200;cf=cfr(0,0,0,1,0,0,0,1,0,0,0,1);es="Linear";ed="In";};["Stand Torso"]={tm=.0200;cf=cfr(-1.754,.484,2.979,-.053,.327,-.944,.146,.937,.317,.988,-.121,-.097);es="Linear";ed="In";};["Stand Head"]={tm=.0200;cf=cfr(0,0,0,.638,-.734,.231,.759,.651,-.027,-.131,.193,.972);es="Linear";ed="In";};["Stand Right Arm"]={tm=.0200;cf=cfr(.033,-.109,-.106,.923,.011,-.385,.064,.981,.183,.38,-.194,.904);es="Linear";ed="In";};["Stand Left Leg"]={tm=.0200;cf=cfr(-.487,.386,.015,.985,.08,.15,-.09,.994,.061,-.145,-.073,.987);es="Linear";ed="In";};["Stand Left Arm"]={tm=.0200;cf=cfr(-.06,-.127,.069,.845,-.208,.493,-.46,.19,.867,-.274,-.96,.065);es="Linear";ed="In";};["Stand Right Leg"]={tm=.0200;cf=cfr(.948,.68,-.132,.979,.174,.108,-.191,.965,.179,-.073,-.196,.978);es="Linear";ed="In";};};{tm=.46;["Torso"]={tm=.0199;cf=cfr(.159,-.348,-.125,-.057,-.98,.193,.975,-.013,.22,-.213,.201,.956);es="Linear";ed="In";};["Head"]={tm=.0199;cf=cfr(0,0,.017,.007,.961,-.278,-.986,.054,.159,.168,.273,.947);es="Linear";ed="In";};["Left Arm"]={tm=.0199;cf=cfr(.101,-.363,.029,.843,.523,.127,-.537,.803,.259,.034,-.287,.957);es="Linear";ed="In";};["Cube"]={tm=.0199;cf=cfr(0,0,0,1,0,0,0,1,0,0,0,1);es="Linear";ed="In";};["Right Arm"]={tm=.0199;cf=cfr(-.117,-.632,.004,.292,-.365,-.884,.928,.331,.17,.231,-.87,.435);es="Linear";ed="In";};["Knife"]={tm=.0199;cf=cfr(0,0,0,1,0,0,0,1,0,0,0,1);es="Linear";ed="In";};["Left Leg"]={tm=.0199;cf=cfr(.277,.124,-1.095,-.915,.274,-.296,.238,.959,.152,.326,.069,-.943);es="Linear";ed="In";};["Right Leg"]={tm=.0199;cf=cfr(.373,.421,-.709,-.996,.041,.079,.088,.52,.85,-.006,.853,-.522);es="Linear";ed="In";};["StandHumanoidRootPart"]={tm=.0199;cf=cfr(0,0,0,1,0,0,0,1,0,0,0,1);es="Linear";ed="In";};["Stand Torso"]={tm=.0199;cf=cfr(-1.754,.484,2.979,-.053,.327,-.944,.146,.937,.317,.988,-.121,-.097);es="Linear";ed="In";};["Stand Head"]={tm=.0199;cf=cfr(0,0,0,.638,-.734,.231,.759,.651,-.027,-.131,.193,.972);es="Linear";ed="In";};["Stand Right Arm"]={tm=.0199;cf=cfr(.033,-.109,-.106,.923,.011,-.385,.064,.981,.183,.38,-.194,.904);es="Linear";ed="In";};["Stand Left Leg"]={tm=.0199;cf=cfr(-.487,.386,.015,.985,.08,.15,-.09,.994,.061,-.145,-.073,.987);es="Linear";ed="In";};["Stand Left Arm"]={tm=.0199;cf=cfr(-.06,-.127,.069,.845,-.208,.493,-.46,.19,.867,-.274,-.96,.065);es="Linear";ed="In";};["Stand Right Leg"]={tm=.0199;cf=cfr(.948,.68,-.132,.979,.174,.108,-.191,.965,.179,-.073,-.196,.978);es="Linear";ed="In";};};{tm=.48;["Torso"]={tm=.0200;cf=cfr(.148,-.347,-.123,-.057,-.982,.179,.975,-.016,.22,-.213,.188,.959);es="Linear";ed="In";};["Head"]={tm=.0200;cf=cfr(0,0,.017,.006,.961,-.275,-.988,.049,.15,.157,.27,.95);es="Linear";ed="In";};["Left Arm"]={tm=.0200;cf=cfr(.109,-.366,.028,.841,.529,.112,-.538,.796,.279,.058,-.295,.954);