-- // converted using mech's animoduler
local cfr = CFrame.new

return {{tm=0;["Torso"]={tm=.283;cf=cfr(0,0,.243,.685,.665,-.297,-.71,.521,-.474,-.16,.536,.829);es="Linear";ed="In";};["Left Leg"]={tm=.283;cf=cfr(-.197,-.016,-.071,.676,.338,.654,0,.889,-.459,-.737,.31,.601);es="Linear";ed="In";};["Head"]={tm=.283;cf=cfr(0,0,0,.747,-.638,-.189,.651,.759,.006,.139,-.128,.982);es="Linear";ed="In";};["Left Arm"]={tm=.283;cf=cfr(.627,-.096,-.395,.676,.556,.483,-.378,.825,-.421,-.632,.102,.768);es="Linear";ed="In";};["Right Arm"]={tm=.283;cf=cfr(.276,-.846,.507,-.675,-.686,.27,.406,-.04,.913,-.616,.726,.306);es="Linear";ed="In";};["Right Leg"]={tm=.283;cf=cfr(1.063,1.16,-.128,.946,.285,-.157,-.248,.944,.216,.209,-.165,.964);es="Linear";ed="In";};};{tm=.283;["Torso"]={tm=.2670;cf=cfr(0,0,.28,.677,.654,-.338,-.722,.503,-.474,-.14,.565,.813);es="Linear";ed="In";};["Left Leg"]={tm=.2670;cf=cfr(-.197,-.016,-.071,.635,.394,.664,.004,.858,-.514,-.772,.329,.543);es="Linear";ed="In";};["Head"]={tm=.2670;cf=cfr(0,0,0,.757,-.641,-.127,.649,.76,.032,.076,-.107,.991);es="Linear";ed="In";};["Left Arm"]={tm=.2670;cf=cfr(.627,-.096,-.395,.664,.556,.499,-.368,.825,-.43,-.651,.102,.752);es="Linear";ed="In";};["Right Arm"]={tm=.2670;cf=cfr(.276,-.846,.507,-.691,-.68,.246,.429,-.112,.896,-.582,.725,.369);es="Linear";ed="In";};["Right Leg"]={tm=.2670;cf=cfr(1.078,1.221,-.139,.959,.236,-.158,-.201,.957,.209,.201,-.169,.965);es="Linear";ed="In";};};{tm=.55;["Torso"]={tm=.2329;cf=cfr(0,0,.325,.671,.658,-.341,-.731,.51,-.454,-.125,.554,.823);es="Linear";ed="In";};["Left Leg"]={tm=.2329;cf=cfr(-.197,-.016,-.071,.605,.396,.69,-.001,.868,-.497,-.796,.3,.525);es="Linear";ed="In";};["Head"]={tm=.2329;cf=cfr(0,0,0,.76,-.642,-.103,.648,.761,.038,.054,-.096,.994);es="Linear";ed="In";};["Left Arm"]={tm=.2329;cf=cfr(.627,-.096,-.395,.635,.556,.536,-.343,.825,-.45,-.693,.102,.714);es="Linear";ed="In";};["Right Arm"]={tm=.2329;cf=cfr(.276,-.846,.507,-.696,-.678,.236,.419,-.118,.9,-.582,.726,.366);es="Linear";ed="In";};["Right Leg"]={tm=.2329;cf=cfr(1.058,1.244,-.147,.969,.19,-.158,-.155,.966,.208,.192,-.177,.965);es="Linear";ed="In";};};{tm=.783;["Torso"]={tm=.1999;cf=cfr(0,0,.35,.664,.665,-.341,-.741,.522,-.423,-.103,.534,.839);es="Linear";ed="In";};["Left Leg"]={tm=.1999;cf=cfr(-.197,-.016,-.071,.6,.363,.713,.04,.876,-.48,-.799,.316,.511);es="Linear";ed="In";};["Head"]={tm=.1999;cf=cfr(0,0,0,.764,-.636,-.111,.645,.756,.113,.012,-.158,.987);es="Linear";ed="In";};["Left Arm"]={tm=.1999;cf=cfr(.627,-.096,-.395,.617,.556,.557,-.328,.825,-.461,-.716,.102,.691);es="Linear";ed="In";};["Right Arm"]={tm=.1999;cf=cfr(.276,-.846,.507,-.686,-.686,.241,.405,-.085,.91,-.604,.723,.336);es="Linear";ed="In";};["Right Leg"]={tm=.1999;cf=cfr(1.049,1.197,-.139,.966,.207,-.157,-.171,.961,.216,.195,-.181,.964);es="Linear";ed="In";};};{tm=.983;["Torso"]={tm=.2169;cf=cfr(0,0,.336,.667,.671,-.322,-.737,.531,-.419,-.11,.517,.849);es="Linear";ed="In";};["Left Leg"]={tm=.2169;cf=cfr(-.197,-.016,-.071,.657,.315,.684,.013,.904,-.428,-.753,.29,.59);es="Linear";ed="In";};["Head"]={tm=.2169;cf=cfr(0,0,0,.758,-.63,-.168,.648,.755,.096,.066,-.182,.981);es="Linear";ed="In";};["Left Arm"]={tm=.2169;cf=cfr(.627,-.096,-.395,.624,.556,.548,-.334,.825,-.457,-.706,.102,.701);es="Linear";ed="In";};["Right Arm"]={tm=.2169;cf=cfr(.276,-.846,.507,-.678,-.695,.242,.397,-.068,.915,-.619,.716,.322);es="Linear";ed="In";};["Right Leg"]={tm=.2169;cf=cfr(1.074,1.157,-.126,.958,.24,-.156,-.203,.954,.218,.201,-.177,.963);es="Linear";ed="In";};};{tm=1.2;["Torso"]={tm=.2170;cf=cfr(0,0,.257,.677,.672,-.299,-.723,.533,-.44,-.136,.514,.847);es="Linear";ed="In";};["Left Leg"]={tm=.2170;cf=cfr(-.197,-.016,-.071,.68,.314,.662,-.005,.905,-.424,-.733,.285,.618);es="Linear";ed="In";};["Head"]={tm=.2170;cf=cfr(0,0,0,.749,-.631,-.2,.65,.758,.042,.125,-.162,.979);es="Linear";ed="In";};["Left Arm"]={tm=.2170;cf=cfr(.627,-.096,-.395,.654,.556,.512,-.359,.825,-.437,-.665,.102,.74);es="Linear";ed="In";};["Right Arm"]={tm=.2170;cf=cfr(.276,-.846,.507,-.673,-.693,.257,.412,-.064,.909,-.614,.718,.329);es="Linear";ed="In";};["Right Leg"]={tm=.2170;cf=cfr(1.079,1.156,-.125,.949,.274,-.157,-.238,.947,.216,.207,-.167,.964);es="Linear";ed="In";};};{tm=1.417;["Torso"]={tm=0;cf=cfr(0,0,.243,.685,.665,-.297,-.71,.521,-.474,-.16,.536,.829);es="Linear";ed="In";};["Left Leg"]={tm=0;cf=cfr(-.197,-.016,-.071,.676,.338,.654,0,.889,-.459,-.737,.31,.601);es="Linear";ed="In";};["Head"]={tm=0;cf=cfr(0,0,0,.747,-.638,-.189,.651,.759,.006,.139,-.128,.982);es="Linear";ed="In";};["Left Arm"]={tm=0;cf=cfr(.627,-.096,-.395,.676,.556,.483,-.378,.825,-.421,-.632,.102,.768);es="Linear";ed="In";};["Right Arm"]={tm=0;cf=cfr(.276,-.846,.507,-.675,-.686,.27,.406,-.04,.913,-.616,.726,.306);es="Linear";ed="In";};["Right Leg"]={tm=0;cf=cfr(1.063,1.16,-.128,.946,.285,-.157,-.248,.944,.216,.209,-.165,.964);es="Linear";ed="In";};};}