-- // converted using mech's animoduler
local cfr = CFrame.new

return {{tm=0;["Torso"]={tm=.017;cf=cfr(-.049,-.664,-.034,.933,.354,-.059,-.253,.533,-.808,-.254,.769,.587);es="Linear";ed="In";};["Left Leg"]={tm=.017;cf=cfr(-.201,.013,.115,.909,-.193,.37,.226,.973,-.046,-.351,.126,.928);es="Linear";ed="In";};["Head"]={tm=.017;cf=cfr(0,0,.017,.93,-.312,-.192,.361,.687,.631,-.065,-.657,.752);es="Linear";ed="In";};["Left Arm"]={tm=.017;cf=cfr(-.583,-.014,-.324,-.617,.519,-.591,-.704,-.028,.71,.352,.854,.383);es="Linear";ed="In";};["Right Arm"]={tm=.017;cf=cfr(.014,-.002,-.005,.742,.318,-.59,-.12,.929,.349,.659,-.188,.728);es="Linear";ed="In";};["Right Leg"]={tm=.017;cf=cfr(.662,.791,-.248,.994,-.088,.062,.069,.961,.269,-.083,-.263,.961);es="Linear";ed="In";};["Stand Torso"]={tm=.017;cf=cfr(-2.881,.433,2.027,.952,-.061,.301,-.151,.759,.634,-.267,-.649,.713);es="Linear";ed="In";};["Stand Left Arm"]={tm=.017;cf=cfr(0,0,0,.909,-.368,.196,.28,.888,.365,-.308,-.277,.91);es="Linear";ed="In";};["Stand Left Leg"]={tm=.017;cf=cfr(-.432,.018,.198,.955,-.297,-.005,.289,.928,.234,-.065,-.225,.972);es="Linear";ed="In";};["Stand Right Leg"]={tm=.017;cf=cfr(.823,.843,.148,1,0,0,0,1,0,0,0,1);es="Linear";ed="In";};["Stand Right Arm"]={tm=.017;cf=cfr(.375,.209,-.323,.011,-.592,.806,.88,.389,.273,-.475,.706,.525);es="Linear";ed="In";};["StarFinger"]={tm=.017;cf=cfr(0,0,0,1,0,0,0,1,0,0,0,1);es="Linear";ed="In";};["Stand Head"]={tm=.017;cf=cfr(0,0,0,.915,.396,.081,-.393,.822,.412,.096,-.409,.908);es="Linear";ed="In";};};{tm=.017;["Torso"]={tm=.016;cf=cfr(-.049,-.665,-.035,.933,.354,-.059,-.253,.532,-.808,-.255,.769,.586);es="Linear";ed="In";};["Left Leg"]={tm=.016;cf=cfr(-.178,.007,.106,.91,-.187,.371,.219,.975,-.046,-.352,.123,.928);es="Linear";ed="In";};["Head"]={tm=.016;cf=cfr(0,0,.017,.93,-.311,-.198,.363,.681,.636,-.063,-.663,.746);es="Linear";ed="In";};["Left Arm"]={tm=.016;cf=cfr(-.583,-.014,-.324,-.632,.517,-.577,-.689,-.033,.724,.355,.855,.377);es="Linear";ed="In";};["Right Arm"]={tm=.016;cf=cfr(.014,-.002,-.004,.732,.325,-.599,-.127,.929,.348,.669,-.179,.721);es="Linear";ed="In";};["Right Leg"]={tm=.016;cf=cfr(.664,.786,-.248,.994,-.085,.062,.065,.961,.269,-.082,-.264,.961);es="Linear";ed="In";};["Stand Torso"]={tm=.016;cf=cfr(-2.88,.433,2.027,.952,-.061,.301,-.151,.759,.634,-.267,-.649,.713);es="Linear";ed="In";};["Stand Left Arm"]={tm=.016;cf=cfr(0,0,0,.908,-.37,.196,.283,.887,.366,-.309,-.277,.91);es="Linear";ed="In";};["Stand Left Leg"]={tm=.016;cf=cfr(-.432,.018,.198,.952,-.307,-.008,.3,.924,.238,-.066,-.229,.971);es="Linear";ed="In";};["Stand Right Leg"]={tm=.016;cf=cfr(.823,.843,.148,1,.008,.001,-.008,1,-.003,-.001,.003,1);es="Linear";ed="In";};["Stand Right Arm"]={tm=.016;cf=cfr(.375,.209,-.323,.01,-.593,.805,.88,.388,.274,-.475,.706,.526);es="Linear";ed="In";};["StarFinger"]={tm=.016;cf=cfr(0,0,0,1,0,0,0,1,0,0,0,1);es="Linear";ed="In";};["Stand Head"]={tm=.016;cf=cfr(0,0,0,.915,.396,.082,-.393,.821,.414,.097,-.41,.907);es="Linear";ed="In";};};{tm=.033;["Torso"]={tm=.017;cf=cfr(-.048,-.667,-.037,.933,.356,-.059,-.254,.531,-.808,-.256,.769,.586);es="Linear";ed="In";};["Left Leg"]={tm=.017;cf=cfr(-.157,0,.098,.91,-.183,.372,.215,.975,-.047,-.354,.122,.927);es="Linear";ed="In";};["Head"]={tm=.017;cf=cfr(0,0,.017,.928,-.311,-.205,.367,.675,.64,-.06,-.67,.74);es="Linear";ed="In";};["Left Arm"]={tm=.017;cf=cfr(-.583,-.014,-.324,-.647,.515,-.562,-.672,-.039,.739,.359,.856,.371);es="Linear";ed="In";};["Right Arm"]={tm=.017;cf=cfr(.014,-.002,-.004,.722,.331,-.607,-.134,.928,.347,.678,-.169,.715);es="Linear";ed="In";};["Right Leg"]={tm=.017;cf=cfr(.668,.782,-.247,.995,-.08,.062,.06,.961,.27,-.081,-.265,.961);es="Linear";ed="In";};["Stand Torso"]={tm=.017;cf=cfr(-2.88,.431,2.027,.952,-.061,.301,-.152,.758,.634,-.267,-.649,.712);es="Linear";ed="In";};["Stand Left Arm"]={tm=.017;cf=cfr(0,0,0,.908,-.372,.195,.284,.886,.367,-.309,-.278,.91);es="Linear";ed="In";};["Stand Left Leg"]={tm=.017;cf=cfr(-.432,.018,.198,.948,-.319,-.011,.312,.919,.242,-.067,-.233,.97);es="Linear";ed="In";};["Stand Right Leg"]={tm=.017;cf=cfr(.823,.843,.148,1,.017,.001,-.017,1,-.005,-.001,.005,1);es="Linear";ed="In";};["Stand Right Arm"]={tm=.017;cf=cfr(.375,.209,-.323,.01,-.594,.805,.88,.387,.275,-.475,.705,.526);es="Linear";ed="In";};["StarFinger"]={tm=.017;cf=cfr(0,0,0,1,0,0,0,1,0,0,0,1);es="Linear";ed="In";};["Stand Head"]={tm=.017;cf=cfr(0,0,0,.915,.396,.082,-.393,.821,.415,.097,-.412,.906);es="Linear";ed="In";};};{tm=.05;["Torso"]={tm=.017;cf=cfr(-.048,-.67,-.041,.932,.358,-.06,-.255,.529,-.809,-.258,.769,.585);es="Linear";ed="In";};["Left Leg"]={tm=.017;cf=cfr(-.139,-.006,.092,.909,-.182,.375,.215,.976,-.047,-.357,.123,.926);es="Linear";ed="In";};["Head"]={tm=.017;cf=cfr(0,0,.017,.926,-.311,-.213,.372,.668,.644,-.058,-.676,.735);es="Linear";ed="In";};["Left Arm"]={tm=.017;cf=cfr(-.583,-.015,-.324,-.663,.513,-.546,-.655,-.045,.754,.363,.857,.366);es="Linear";ed="In";};["Right Arm"]={tm=.017;cf=cfr(.015,-.002,-.004,.713,.337,-.616,-.14,.928,.345,.687,-.16,.708);es="Linear";ed="In";};["Right Leg"]={tm=.017;cf=cfr(.673,.778,-.247,.995,-.073,.062,.054,.961,.271,-.079,-.267,.961);es="Linear";ed="In";};["Stand Torso"]={tm=.017;cf=cfr(-2.879,.428,2.027,.952,-.061,.301,-.152,.758,.635,-.267,-.65,.712);es="Linear";ed="In";};["Stand Left Arm"]={tm=.017;cf=cfr(0,0,0,.907,-.374,.194,.286,.885,.368,-.309,-.278,.909);es="Linear";ed="In";};["Stand Left Leg"]={tm=.017;cf=cfr(-.432,.018,.198,.944,-.33,-.014,.323,.914,.246,-.069,-.237,.969);es="Linear";ed="In";};["Stand Right Leg"]={tm=.017;cf=cfr(.823,.843,.148,1,.025,.001,-.025,1,-.008,-.002,.008,1);es="Linear";ed="In";};["Stand Right Arm"]={tm=.017;cf=cfr(.375,.209,-.323,.009,-.594,.804,.88,.387,.276,-.475,.705,.527);es="Linear";ed="In";};["StarFinger"]={tm=.017;cf=cfr(0,0,0,1,0,0,0,1,0,0,0,1);es="Linear";ed="In";};["Stand Head"]={tm=.017;cf=cfr(0,0,0,.915,.396,.083,-.393,.82,.416,.097,-.413,.906);es="Linear";ed="In";};};{tm=.067;["Torso"]={tm=.016;cf=cfr(-.048,-.673,-.046,.931,.361,-.06,-.257,.527,-.81,-.261,.769,.583);es="Linear";ed="In";};["Left Leg"]={tm=.016;cf=cfr(-.123,-.011,.086,.907,-.184,.378,.217,.975,-.047,-.36,.125,.925);es="Linear";ed="In";};["Head"]={tm=.016;cf=cfr(0,0,.017,.924,-.311,-.221,.378,.661,.648,-.055,-.683,.729);es="Linear";ed="In";};["Left Arm"]={tm=.016;cf=cfr(-.584,-.015,-.324,-.678,.511,-.529,-.638,-.051,.769,.366,.858,.36);es="Linear";ed="In";};["Right Arm"]={tm=.016;cf=cfr(.015,-.002,-.003,.703,.341,-.624,-.146,.928,.343,.696,-.151,.702);es="Linear";ed="In";};["Right Leg"]={tm=.016;cf=cfr(.678,.773,-.248,.996,-.065,.062,.046,.961,.273,-.077,-.269,.96);es="Linear";ed="In";};["Stand Torso"]={tm=.016;cf=cfr(-2.878,.425,2.027,.952,-.061,.301,-.152,.757,.636,-.266,-.651,.711);es="Linear";ed="In";};["Stand Left Arm"]={tm=.016;cf=cfr(0,0,0,.907,-.375,.194,.287,.884,.368,-.31,-.278,.909);es="Linear";ed="In";};["Stand Left Leg"]={tm=.016;cf=cfr(-.432,.018,.198,.939,-.343,-.016,.336,.908,.25,-.071,-.241,.968);es="Linear";ed="In";};["Stand Right Leg"]={tm=.016;cf=cfr(.823,.843,.148,.999,.033,.002,-.033,.999,-.01,-.002,.01,1);es="Linear";ed="In";};["Stand Right Arm"]={tm=.016;cf=cfr(.375,.209,-.323,.009,-.595,.804,.88,.387,.276,-.475,.705,.527);es="Linear";ed="In";};["StarFinger"]={tm=.016;cf=cfr(0,0,0,1,0,0,0,1,0,0,0,1);es="Linear";ed="In";};["Stand Head"]={tm=.016;cf=cfr(0,0,0,.915,.396,.083,-.393,.82,.417,.097,-.414,.905);es="Linear";ed="In";};};{tm=.083;["Torso"]={tm=.017;cf=cfr(-.048,-.678,-.053,.929,.365,-.061,-.259,.524,-.812,-.264,.77,.581);es="Linear";ed="In";};["Left Leg"]={tm=.017;cf=cfr(-.109,-.016,.082,.905,-.188,.382,.222,.974,-.048,-.363,.128,.923);es="Linear";ed="In";};["Head"]={tm=.017;cf=cfr(0,0,.017,.921,-.313,-.231,.385,.654,.652,-.053,-.689,.723);es="Linear";ed="In";};["Left Arm"]={tm=.017;cf=cfr(-.584,-.015,-.324,-.693,.509,-.511,-.619,-.057,.783,.369,.859,.355);es="Linear";ed="In";};["Right Arm"]={tm=.017;cf=cfr(.015,-.002,-.003,.694,.345,-.632,-.151,.928,.341,.704,-.141,.696);es="Linear";ed="In";};["Right Leg"]={tm=.017;cf=cfr(.685,.769,-.248,.997,-.055,.062,.036,.961,.275,-.075,-.272,.959);es="Linear";ed="In";};["Stand Torso"]={tm=.017;cf=cfr(-2.877,.42,2.027,.952,-.061,.301,-.152,.756,.636,-.266,-.652,.71);es="Linear";ed="In";};["Stand Left Arm"]={tm=.017;cf=cfr(0,0,0,.906,-.375,.194,.287,.884,.369,-.31,-.279,.909);es="Linear";ed="In";};["Stand Left Leg"]={tm=.017;cf=cfr(-.432,.018,.198,.935,-.355,-.019,.348,.902,.254,-.073,-.245,.967);es="Linear";ed="In";};["Stand Right Leg"]={tm=.017;cf=cfr(.823,.843,.148,.999,.041,.002,-.041,.999,-.013,-.003,.013,1);es="Linear";ed="In";};["Stand Right Arm"]={tm=.017;cf=cfr(.375,.209,-.323,.009,-.595,.804,.88,.386,.276,-.475,.705,.527);es="Linear";ed="In";};["StarFinger"]={tm=.017;cf=cfr(0,0,0,1,0,0,0,1,0,0,0,1);es="Linear";ed="In";};["Stand Head"]={tm=.017;cf=cfr(0,0,0,.915,.396,.083,-.393,.82,.417,.097,-.414,.905);es="Linear";ed="In";};};{tm=.1;["Torso"]={tm=.017;cf=cfr(-.048,-.683,-.06,.927,.369,-.062,-.261,.52,-.813,-.268,.77,.579);es="Linear";ed="In";};["Left Leg"]={tm=.017;cf=cfr(-.096,-.022,.078,.902,-.193,.386,.229,.972,-.048,-.366,.132,.921);es="Linear";ed="In";};["Head"]={tm=.017;cf=cfr(0,0,.017,.918,-.314,-.241,.393,.646,.655,-.05,-.696,.717);es="Linear";ed="In";};["Left Arm"]={tm=.017;cf=cfr(-.584,-.016,-.324,-.708,.506,-.492,-.6,-.064,.797,.372,.86,.349);es="Linear";ed="In";};["Right Arm"]={tm=.017;cf=cfr(.015,-.002,-.003,.685,.348,-.641,-.155,.928,.338,.712,-.132,.689);es="Linear";ed="In";};["Right Leg"]={tm=.017;cf=cfr(.692,.765,-.249,.997,-.045,.062,.026,.96,.277,-.072,-.275,.959);es="Linear";ed="In";};["Stand Torso"]={tm=.017;cf=cfr(-2.875,.415,2.027,.952,-.061,.301,-.153,.755,.638,-.266,-.653,.709);es="Linear";ed="In";};["Stand Left Arm"]={tm=.017;cf=cfr(0,0,0,.906,-.376,.194,.288,.884,.369,-.31,-.279,.909);es="Linear";ed="In";};["Stand Left Leg"]={tm=.017;cf=cfr(-.432,.018,.198,.93,-.368,-.022,.36,.896,.259,-.075,-.248,.966);es="Linear";ed="In";};["Stand Right Leg"]={tm=.017;cf=cfr(.823,.843,.148,.999,.049,.003,-.049,.999,-.015,-.003,.015,1);es="Linear";ed="In";};["Stand Right Arm"]={tm=.017;cf=cfr(.375,.209,-.323,.009,-.595,.804,.88,.386,.276,-.475,.705,.527);es="Linear";ed="In";};["StarFinger"]={tm=.017;cf=cfr(0,0,0,1,0,0,0,1,0,0,0,1);es="Linear";ed="In";};["Stand Head"]={tm=.017;cf=cfr(0,0,0,.915,.396,.083,-.393,.819,.418,.097,-.415,.905);es="Linear";ed="In";};};{tm=.117;["Torso"]={tm=.016;cf=cfr(-.048,-.689,-.068,.925,.374,-.063,-.264,.516,-.815,-.273,.77,.576);es="Linear";ed="In";};["Left Leg"]={tm=.016;cf=cfr(-.086,-.026,.075,.898,-.2,.392,.238,.97,-.049,-.37,.137,.919);es="Linear";ed="In";};["Head"]={tm=.016;cf=cfr(0,0,.017,.915,-.316,-.252,.401,.638,.657,-.047,-.702,.711);es="Linear";ed="In";};["Left Arm"]={tm=.016;cf=cfr(-.584,-.016,-.324,-.722,.504,-.474,-.581,-.071,.811,.375,.861,.344);es="Linear";ed="In";};["Right Arm"]={tm=.016;cf=cfr(.015,-.001,-.002,.676,.35,-.648,-.159,.928,.336,.72,-.124,.683);es="Linear";ed="In";};["Right Leg"]={tm=.016;cf=cfr(.699,.761,-.25,.998,-.034,.062,.015,.96,.28,-.069,-.278,.958);es="Linear";ed="In";};["Stand Torso"]={tm=.016;cf=cfr(-2.874,.409,2.027,.952,-.061,.301,-.153,.754,.639,-.266,-.654,.708);es="Linear";ed="In";};["Stand Left Arm"]={tm=.016;cf=cfr(0,0,0,.906,-.376,.194,.288,.884,.369,-.31,-.279,.909);es="Linear";ed="In";};["Stand Left Leg"]={tm=.016;cf=cfr(-.432,.018,.198,.925,-.38,-.025,.373,.89,.262,-.077,-.252,.965);es="Linear";ed="In";};["Stand Right Leg"]={tm=.016;cf=cfr(.823,.843,.148,.998,.056,.003,-.056,.998,-.018,-.004,.018,1);es="Linear";ed="In";};["Stand Right Arm"]={tm=.016;cf=cfr(.375,.209,-.323,.009,-.595,.804,.88,.386,.276,-.475,.705,.527);es="Linear";ed="In";};["StarFinger"]={tm=.016;cf=cfr(0,0,0,1,0,0,0,1,0,0,0,1);es="Linear";ed="In";};["Stand Head"]={tm=.016;cf=cfr(0,0,0,.915,.396,.083,-.393,.819,.418,.097,-.415,.905);es="Linear";ed="In";};};{tm=.133;["Torso"]={tm=.0169;cf=cfr(-.047,-.696,-.078,.923,.38,-.064,-.267,.512,-.817,-.278,.771,.573);es="Linear";ed="In";};["Left Leg"]={tm=.0169;cf=cfr(-.076,-.031,.073,.894,-.208,.398,.247,.968,-.05,-.374,.143,.916);es="Linear";ed="In";};["Head"]={tm=.0169;cf=cfr(0,0,.017,.911,-.319,-.263,.411,.63,.659,-.044,-.708,.705);es="Linear";ed="In";};["Left Arm"]={tm=.0169;cf=cfr(-.584,-.016,-.324,-.736,.502,-.455,-.562,-.077,.823,.378,.862,.339);es="Linear";ed="In";};["Right Arm"]={tm=.0169;cf=cfr(.015,-.001,-.002,.668,.352,-.656,-.163,.929,.332,.726,-.115,.678);es="Linear";ed="In";};["Right Leg"]={tm=.0169;cf=cfr(.707,.757,-.252,.998,-.022,.061,.004,.959,.283,-.065,-.282,.957);es="Linear";ed="In";};["Stand Torso"]={tm=.0169;cf=cfr(-2.872,.403,2.027,.952,-.061,.301,-.154,.752,.64,-.265,-.656,.707);es="Linear";ed="In";};["Stand Left Arm"]={tm=.0169;cf=cfr(0,0,0,.906,-.375,.194,.287,.884,.369,-.31,-.279,.909);es="Linear";ed="In";};["Stand Left Leg"]={tm=.0169;cf=cfr(-.432,.018,.198,.92,-.392,-.028,.385,.884,.266,-.08,-.255,.964);es="Linear";ed="In";};["Stand Right Leg"]={tm=.0169;cf=cfr(.823,.843,.148,.998,.063,.003,-.063,.998,-.02,-.005,.02,1);es="Linear";ed="In";};["Stand Right Arm"]={tm=.0169;cf=cfr(.375,.209,-.323,.009,-.595,.804,.88,.386,.276,-.475,.705,.527);es="Linear";ed="In";};["StarFinger"]={tm=.0169;cf=cfr(0,0,0,1,0,0,0,1,0,0,0,1);es="Linear";ed="In";};["Stand Head"]={tm=.0169;cf=cfr(0,0,0,.915,.396,.083,-.393,.82,.417,.097,-.414,.905);es="Linear";ed="In";};};{tm=.15;["Torso"]={tm=.0170;cf=cfr(-.047,-.703,-.088,.92,.386,-.065,-.27,.507,-.819,-.283,.771,.57);es="Linear";ed="In";};["Left Leg"]={tm=.0170;cf=cfr(-.067,-.036,.071,.889,-.216,.404,.258,.965,-.051,-.379,.149,.913);es="Linear";ed="In";};["Head"]={tm=.0170;cf=cfr(0,0,.017,.906,-.321,-.274,.42,.622,.66,-.042,-.714,.699);es="Linear";ed="In";};["Left Arm"]={tm=.0170;cf=cfr(-.584,-.016,-.324,-.748,.499,-.437,-.544,-.084,.835,.38,.862,.334);es="Linear";ed="In";};["Right Arm"]={tm=.0170;cf=cfr(.015,-.001,-.002,.66,.352,-.663,-.166,.93,.329,.733,-.107,.672);es="Linear";ed="In";};["Right Leg"]={tm=.0170;cf=cfr(.715,.752,-.253,.998,-.009,.06,-.008,.958,.287,-.061,-.287,.956);es="Linear";ed="In";};["Stand Torso"]={tm=.0170;cf=cfr(-2.87,.395,2.027,.952,-.061,.301,-.154,.751,.642,-.265,-.658,.705);es="Linear";ed="In";};["Stand Left Arm"]={tm=.0170;cf=cfr(0,0,0,.907,-.375,.194,.287,.884,.368,-.31,-.278,.909);es="Linear";ed="In";};["Stand Left Leg"]={tm=.0170;cf=cfr(-.432,.018,.198,.914,-.404,-.03,.397,.877,.27,-.082,-.259,.962);es="Linear";ed="In";};["Stand Right Leg"]={tm=.0170;cf=cfr(.823,.843,.148,.998,.07,.004,-.07,.997,-.022,-.005,.022,1);es="Linear";ed="In";};["Stand Right Arm"]={tm=.0170;cf=cfr(.375,.209,-.323,.009,-.595,.804,.88,.387,.276,-.475,.705,.527);es="Linear";ed="In";};["StarFinger"]={tm=.0170;cf=cfr(0,0,0,1,0,0,0,1,0,0,0,1);es="Linear";ed="In";};["Stand Head"]={tm=.0170;cf=cfr(0,0,0,.915,.396,.083,-.393,.82,.417,.097,-.414,.905);es="Linear";ed="In";};};{tm=.167;["Torso"]={tm=.0159;cf=cfr(-.047,-.711,-.099,.918,.392,-.066,-.273,.501,-.821,-.289,.771,.567);es="Linear";ed="In";};["Left Leg"]={tm=.0159;cf=cfr(-.058,-.04,.069,.883,-.225,.411,.269,.962,-.051,-.384,.156,.91);es="Linear";ed="In";};["Head"]={tm=.0159;cf=cfr(0,0,.017,.902,-.324,-.286,.431,.614,.661,-.039,-.72,.693);es="Linear";ed="In";};["Left Arm"]={tm=.0159;cf=cfr(-.585,-.017,-.324,-.76,.497,-.419,-.525,-.091,.846,.382,.863,.33);es="Linear";ed="In";};["Right Arm"]={tm=.0159;cf=cfr(.015,-.001,-.002,.653,.352,-.67,-.168,.93,.326,.738,-.1,.667);es="Linear";ed="In";};["Right Leg"]={tm=.0159;cf=cfr(.723,.748,-.254,.998,.003,.06,-.02,.957,.291,-.056,-.291,.955);es="Linear";ed="In";};["Stand Torso"]={tm=.0159;cf=cfr(-2.867,.387,2.027,.952,-.061,.301,-.155,.749,.644,-.265,-.659,.704);es="Linear";ed="In";};["Stand Left Arm"]={tm=.0159;cf=cfr(0,0,0,.907,-.374,.194,.286,.885,.368,-.309,-.278,.909);es="Linear";ed="In";};["Stand Left Leg"]={tm=.0159;cf=cfr(-.432,.018,.198,.909,-.415,-.033,.408,.871,.273,-.085,-.262,.961);es="Linear";ed="In";};["Stand Right Leg"]={tm=.0159;cf=cfr(.823,.843,.148,.997,.076,.004,-.076,.997,-.024,-.006,.024,1);es="Linear";ed="In";};["Stand Right Arm"]={tm=.0159;cf=cfr(.375,.209,-.323,.009,-.594,.804,.88,.387,.276,-.475,.705,.527);es="Linear";ed="In";};["StarFinger"]={tm=.0159;cf=cfr(0,0,0,1,0,0,0,1,0,0,0,1);es="Linear";ed="In";};["Stand Head"]={tm=.0159;cf=cfr(0,0,0,.915,.396,.083,-.393,.82,.416,.097,-.413,.905);es="Linear";ed="In";};};{tm=.183;["Torso"]={tm=.0170;cf=cfr(-.047,-.719,-.111,.915,.399,-.067,-.277,.496,-.823,-.295,.772,.563);es="Linear";ed="In";};["Left Leg"]={tm=.0170;cf=cfr(-.05,-.045,.068,.878,-.234,.418,.28,.958,-.052,-.388,.163,.907);es="Linear";ed="In";};["Head"]={tm=.0170;cf=cfr(0,0,.017,.897,-.328,-.298,.441,.606,.662,-.036,-.725,.688);es="Linear";ed="In";};["Left Arm"]={tm=.0170;cf=cfr(-.585,-.017,-.324,-.771,.494,-.402,-.508,-.097,.856,.384,.864,.326);es="Linear";ed="In";};["Right Arm"]={tm=.0170;cf=cfr(.016,-.001,-.001,.647,.352,-.676,-.17,.931,.322,.743,-.093,.663);es="Linear";ed="In";};["Right Leg"]={tm=.0170;cf=cfr(.731,.743,-.255,.998,.016,.058,-.033,.955,.295,-.051,-.296,.954);es="Linear";ed="In";};["Stand Torso"]={tm=.0170;cf=cfr(-2.865,.379,2.027,.952,-.061,.301,-.156,.748,.646,-.264,-.661,.702);es="Linear";ed="In";};["Stand Left Arm"]={tm=.0170;cf=cfr(0,0,0,.907,-.372,.195,.285,.885,.367,-.309,-.278,.909);es="Linear";ed="In";};["Stand Left Leg"]={tm=.0170;cf=cfr(-.432,.018,.198,.904,-.426,-.035,.418,.865,.276,-.087,-.264,.96);es="Linear";ed="In";};["Stand Right Leg"]={tm=.0170;cf=cfr(.823,.843,.148,.997,.081,.004,-.081,.996,-.026,-.006,.025,1);es="Linear";ed="In";};["Stand Right Arm"]={tm=.0170;cf=cfr(.375,.209,-.323,.01,-.594,.805,.88,.387,.275,-.475,.705,.526);es="Linear";ed="In";};["StarFinger"]={tm=.0170;cf=cfr(0,0,0,1,0,0,0,1,0,0,0,1);es="Linear";ed="In";};["Stand Head"]={tm=.0170;cf=cfr(0,0,0,.915,.396,.082,-.393,.821,.415,.097,-.412,.906);es="Linear";ed="In";};};{tm=.2;["Torso"]={tm=.0169;cf=cfr(-.046,-.727,-.123,.911,.406,-.069,-.28,.489,-.826,-.301,.772,.56);es="Linear";ed="In";};["Left Leg"]={tm=.0169;cf=cfr(-.042,-.049,.066,.872,-.242,.426,.291,.955,-.053,-.394,.171,.903);es="Linear";ed="In";};["Head"]={tm=.0169;cf=cfr(0,0,.017,.891,-.331,-.31,.452,.598,.662,-.034,-.73,.683);es="Linear";ed="In";};["Left Arm"]={tm=.0169;cf=cfr(-.585,-.017,-.323,-.781,.492,-.385,-.492,-.103,.865,.386,.864,.322);es="Linear";ed="In";};["Right Arm"]={tm=.0169;cf=cfr(.016,-.001,-.001,.642,.35,-.682,-.171,.933,.318,.747,-.087,.658);es="Linear";ed="In";};["Right Leg"]={tm=.0169;cf=cfr(.739,.738,-.256,.998,.029,.057,-.045,.953,.299,-.045,-.301,.953);es="Linear";ed="In";};["Stand Torso"]={tm=.0169;cf=cfr(-2.862,.37,2.027,.952,-.061,.301,-.157,.746,.647,-.264,-.663,.7);es="Linear";ed="In";};["Stand Left Arm"]={tm=.0169;cf=cfr(0,0,0,.908,-.371,.195,.283,.886,.366,-.309,-.277,.91);es="Linear";ed="In";};["Stand Left Leg"]={tm=.0169;cf=cfr(-.432,.018,.198,.899,-.436,-.037,.428,.86,.279,-.09,-.267,.96);es="Linear";ed="In";};["Stand Right Leg"]={tm=.0169;cf=cfr(.823,.843,.148,.996,.086,.004,-.086,.996,-.027,-.007,.027,1);es="Linear";ed="In";};["Stand Right Arm"]={tm=.0169;cf=cfr(.375,.209,-.323,.01,-.593,.805,.88,.388,.275,-.475,.706,.526);es="Linear";ed="In";};["StarFinger"]={tm=.0169;cf=cfr(0,0,0,1,0,0,0,1,0,0,0,1);es="Linear";ed="In";};["Stand Head"]={tm=.0169;cf=cfr(0,0,0,.915,.396,.082,-.393,.821,.414,.097,-.411,.906);es="Linear";ed="In";};};{tm=.217;["Torso"]={tm=.0160;cf=cfr(-.046,-.736,-.135,.908,.413,-.07,-.284,.483,-.828,-.308,.772,.556);es="Linear";ed="In";};["Left Leg"]={tm=.0160;cf=cfr(-.035,-.053,.065,.866,-.25,.434,.302,.952,-.054,-.399,.178,.899);es="Linear";ed="In";};["Head"]={tm=.0160;cf=cfr(0,0,.017,.886,-.335,-.321,.463,.59,.661,-.032,-.734,.678);es="Linear";ed="In";};["Left Arm"]={tm=.0160;cf=cfr(-.585,-.017,-.323,-.789,.49,-.37,-.477,-.109,.872,.387,.865,.319);es="Linear";ed="In";};["Right Arm"]={tm=.0160;cf=cfr(.015,-.001,-.001,.637,.348,-.687,-.172,.934,.314,.751,-.082,.655);es="Linear";ed="In";};["Right Leg"]={tm=.0160;cf=cfr(.746,.732,-.256,.998,.042,.055,-.057,.951,.303,-.04,-.306,.951);es="Linear";ed="In";};["Stand Torso"]={tm=.0160;cf=cfr(-2.86,.361,2.027,.952,-.061,.301,-.157,.744,.649,-.263,-.665,.698);es="Linear";ed="In";};["Stand Left Arm"]={tm=.0160;cf=cfr(0,0,0,.908,-.369,.196,.282,.887,.366,-.309,-.277,.91);es="Linear";ed="In";};["Stand Left Leg"]={tm=.0160;cf=cfr(-.432,.018,.198,.895,-.445,-.039,.437,.854,.282,-.092,-.269,.959);es="Linear";ed="In";};["Stand Right Leg"]={tm=.0160;cf=cfr(.823,.843,.148,.996,.09,.005,-.09,.996,-.029,-.007,.028,1);es="Linear";ed="In";};["Stand Right Arm"]={tm=.0160;cf=cfr(.375,.209,-.323,.011,-.592,.806,.88,.388,.274,-.475,.706,.525);es="Linear";ed="In";};["StarFinger"]={tm=.0160;cf=cfr(0,0,0,1,0,0,0,1,0,0,0,1);es="Linear";ed="In";};["Stand Head"]={tm=.0160;cf=cfr(0,0,0,.915,.396,.082,-.393,.822,.413,.097,-.41,.907);es="Linear";ed="In";};};{tm=.233;["Torso"]={tm=.0169;cf=cfr(-.046,-.745,-.148,.905,.42,-.072,-.287,.477,-.831,-.315,.772,.552);es="Linear";ed="In";};["Left Leg"]={tm=.0169;cf=cfr(-.028,-.057,.064,.859,-.257,.442,.312,.948,-.056,-.405,.186,.895);es="Linear";ed="In";};["Head"]={tm=.0169;cf=cfr(0,0,.017,.88,-.339,-.333,.474,.583,.66,-.03,-.738,.674);es="Linear";ed="In";};["Left Arm"]={tm=.0169;cf=cfr(-.585,-.018,-.323,-.797,.488,-.356,-.463,-.114,.879,.388,.865,.317);es="Linear";ed="In";};["Right Arm"]={tm=.0169;cf=cfr(.015,-.001,-.001,.634,.346,-.692,-.172,.935,.31,.754,-.078,.652);es="Linear";ed="In";};["Right Leg"]={tm=.0169;cf=cfr(.753,.727,-.256,.997,.054,.053,-.068,.949,.308,-.033,-.311,.95);es="Linear";ed="In";};["Stand Torso"]={tm=.0169;cf=cfr(-2.857,.352,2.027,.952,-.061,.301,-.158,.742,.651,-.263,-.668,.697);es="Linear";ed="In";};["Stand Left Arm"]={tm=.0169;cf=cfr(0,0,0,.909,-.367,.196,.28,.888,.365,-.308,-.276,.91);es="Linear";ed="In";};["Stand Left Leg"]={tm=.0169;cf=cfr(-.432,.018,.198,.89,-.453,-.04,.445,.849,.284,-.094,-.271,.958);es="Linear";ed="In";};["Stand Right Leg"]={tm=.0169;cf=cfr(.823,.843,.148,.996,.094,.005,-.093,.995,-.03,-.007,.029,1);es="Linear";ed="In";};["Stand Right Arm"]={tm=.0169;cf=cfr(.375,.209,-.323,.011,-.592,.806,.88,.389,.273,-.475,.706,.525);es="Linear";ed="In";};["StarFinger"]={tm=.0169;cf=cfr(0,0,0,1,0,0,0,1,0,0,0,1);es="Linear";ed="In";};["Stand Head"]={tm=.0169;cf=cfr(0,0,0,.915,.396,.081,-.393,.822,.412,.096,-.409,.908);es="Linear";ed="In";};};{tm=.25;["Torso"]={tm=.0170;cf=cfr(-.046,-.754,-.162,.901,.428,-.074,-.291,.47,-.833,-.322,.772,.548);es="Linear";ed="In";};["Left Leg"]={tm=.0170;cf=cfr(-.021,-.06,.064,.853,-.264,.45,.322,.945,-.057,-.41,.193,.891);es="Linear";ed="In";};["Head"]={tm=.0170;cf=cfr(0,0,.017,.874,-.344,-.344,.485,.576,.658,-.028,-.742,.67);es="Linear";ed="In";};["Left Arm"]={tm=.0170;cf=cfr(-.585,-.018,-.323,-.803,.486,-.344,-.451,-.119,.884,.389,.866,.315);es="Linear";ed="In";};["Right Arm"]={tm=.0170;cf=cfr(.015,-.001,-.001,.632,.343,-.695,-.171,.937,.306,.756,-.075,.65);es="Linear";ed="In";};["Right Leg"]={tm=.0170;cf=cfr(.759,.721,-.256,.997,.066,.05,-.079,.946,.313,-.027,-.316,.948);es="Linear";ed="In";};["Stand Torso"]={tm=.0170;cf=cfr(-2.854,.342,2.027,.952,-.061,.301,-.159,.74,.654,-.262,-.67,.695);es="Linear";ed="In";};["Stand Left Arm"]={tm=.0170;cf=cfr(0,0,0,.91,-.365,.197,.278,.889,.363,-.308,-.276,.911);es="Linear";ed="In";};["Stand Left Leg"]={tm=.0170;cf=cfr(-.432,.018,.198,.887,-.46,-.041,.452,.845,.285,-.096,-.272,.958);es="Linear";ed="In";};["Stand Right Leg"]={tm=.0170;cf=cfr(.823,.843,.148,.995,.096,.005,-.096,.995,-.031,-.008,.03,1);es="Linear";ed="In";};["Stand Right Arm"]={tm=.0170;cf=cfr(.375,.209,-.323,.012,-.591,.807,.88,.39,.272,-.475,.707,.524);es="Linear";ed="In";};["StarFinger"]={tm=.0170;cf=cfr(0,0,0,1,0,0,0,1,0,0,0,1);es="Linear";ed="In";};["Stand Head"]={tm=.0170;cf=cfr(0,0,0,.915,.396,.081,-.393,.823,.41,.096,-.407,.908);es="Linear";ed="In";};};{tm=.267;["Torso"]={tm=.0159;cf=cfr(-.046,-.764,-.175,.897,.435,-.075,-.295,.463,-.836,-.329,.772,.544);es="Linear";ed="In";};["Left Leg"]={tm=.0159;cf=cfr(-.016,-.063,.063,.847,-.269,.458,.331,.942,-.058,-.416,.201,.887);es="Linear";ed="In";};["Head"]={tm=.0159;cf=cfr(0,0,.017,.868,-.348,-.354,.496,.569,.656,-.027,-.745,.666);es="Linear";ed="In";};["Left Arm"]={tm=.0159;cf=cfr(-.586,-.018,-.323,-.808,.485,-.335,-.442,-.123,.889,.39,.866,.314);es="Linear";ed="In";};["Right Arm"]={tm=.0159;cf=cfr(.015,-.001,-.001,.631,.339,-.698,-.169,.938,.302,.757,-.072,.649);es="Linear";ed="In";};["Right Leg"]={tm=.0159;cf=cfr(.765,.716,-.256,.996,.078,.047,-.089,.944,.318,-.02,-.321,.947);es="Linear";ed="In";};["Stand Torso"]={tm=.0159;cf=cfr(-2.851,.332,2.027,.952,-.061,.301,-.16,.738,.656,-.262,-.672,.693);es="Linear";ed="In";};["Stand Left Arm"]={tm=.0159;cf=cfr(0,0,0,.911,-.363,.198,.276,.89,.362,-.308,-.275,.911);es="Linear";ed="In";};["Stand Left Leg"]={tm=.0159;cf=cfr(-.432,.018,.198,.884,-.466,-.042,.458,.842,.287,-.098,-.273,.957);es="Linear";ed="In";};["Stand Right Leg"]={tm=.0159;cf=cfr(.823,.843,.148,.995,.098,.005,-.098,.995,-.031,-.008,.031,1);es="Linear";ed="In";};["Stand Right Arm"]={tm=.0159;cf=cfr(.375,.209,-.323,.013,-.59,.808,.88,.39,.271,-.475,.707,.524);es="Linear";ed="In";};["StarFinger"]={tm=.0159;cf=cfr(0,0,0,1,0,0,0,1,0,0,0,1);es="Linear";ed="In";};["Stand Head"]={tm=.0159;cf=cfr(0,0,0,.915,.396,.08,-.393,.824,.409,.096,-.405,.909);es="Linear";ed="In";};};{tm=.283;["Torso"]={tm=.0170;cf=cfr(-.046,-.773,-.189,.893,.443,-.077,-.298,.456,-.838,-.336,.772,.54);es="Linear";ed="In";};["Left Leg"]={tm=.0170;cf=cfr(-.011,-.066,.064,.841,-.274,.467,.339,.939,-.059,-.422,.208,.882);es="Linear";ed="In";};["Head"]={tm=.0170;cf=cfr(0,0,.017,.862,-.353,-.364,.507,.562,.653,-.026,-.748,.664);es="Linear";ed="In";};["Left Arm"]={tm=.0170;cf=cfr(-.586,-.018,-.323,-.812,.484,-.327,-.435,-.127,.892,.39,.866,.313);es="Linear";ed="In";};["Right Arm"]={tm=.0170;cf=cfr(.015,-.001,-.001,.631,.334,-.7,-.167,.94,.298,.758,-.071,.648);es="Linear";ed="In";};["Right Leg"]={tm=.0170;cf=cfr(.77,.711,-.255,.995,.088,.044,-.098,.941,.323,-.013,-.326,.945);es="Linear";ed="In";};["Stand Torso"]={tm=.0170;cf=cfr(-2.849,.323,2.027,.952,-.061,.301,-.16,.736,.658,-.261,-.674,.691);es="Linear";ed="In";};["Stand Left Arm"]={tm=.0170;cf=cfr(0,0,0,.911,-.36,.199,.274,.892,.361,-.307,-.274,.911);es="Linear";ed="In";};["Stand Left Leg"]={tm=.0170;cf=cfr(-.432,.018,.198,.881,-.471,-.043,.462,.839,.288,-.1,-.273,.957);es="Linear";ed="In";};["Stand Right Leg"]={tm=.0170;cf=cfr(.823,.843,.148,.995,.098,.005,-.098,.995,-.031,-.008,.031,.999);es="Linear";ed="In";};["Stand Right Arm"]={tm=.0170;cf=cfr(.375,.209,-.323,.013,-.588,.808,.88,.391,.27,-.475,.708,.523);es="Linear";ed="In";};["StarFinger"]={tm=.0170;cf=cfr(0,0,0,1,0,0,0,1,0,0,0,1);es="Linear";ed="In";};["Stand Head"]={tm=.0170;cf=cfr(0,0,0,.915,.397,.08,-.393,.825,.407,.096,-.404,.91);es="Linear";ed="In";};};{tm=.3;["Torso"]={tm=.0170;cf=cfr(-.046,-.782,-.202,.889,.45,-.079,-.302,.449,-.841,-.343,.772,.536);es="Linear";ed="In";};["Left Leg"]={tm=.0170;cf=cfr(-.008,-.069,.065,.835,-.279,.475,.347,.936,-.061,-.428,.216,.878);es="Linear";ed="In";};["Head"]={tm=.0170;cf=cfr(0,0,.017,.856,-.358,-.374,.517,.557,.65,-.025,-.75,.661);es="Linear";ed="In";};["Left Arm"]={tm=.0170;cf=cfr(-.586,-.018,-.323,-.814,.483,-.321,-.43,-.13,.894,.39,.866,.314);es="Linear";ed="In";};["Right Arm"]={tm=.0170;cf=cfr(.015,-.001,-.001,.632,.33,-.701,-.164,.941,.295,.757,-.071,.649);es="Linear";ed="In";};["Right Leg"]={tm=.0170;cf=cfr(.774,.706,-.254,.994,.098,.041,-.106,.939,.328,-.006,-.33,.944);es="Linear";ed="In";};["Stand Torso"]={tm=.0170;cf=cfr(-2.846,.313,2.027,.952,-.061,.301,-.161,.734,.66,-.261,-.677,.689);es="Linear";ed="In";};["Stand Left Arm"]={tm=.0170;cf=cfr(0,0,0,.912,-.357,.2,.271,.893,.359,-.307,-.274,.912);es="Linear";ed="In";};["Stand Left Leg"]={tm=.0170;cf=cfr(-.432,.018,.198,.879,-.474,-.043,.465,.837,.288,-.101,-.273,.957);es="Linear";ed="In";};["Stand Right Leg"]={tm=.0170;cf=cfr(.823,.843,.148,.995,.098,.005,-.098,.995,-.031,-.008,.031,.999);es="Linear";ed="In";};["Stand Right Arm"]={tm=.0170;cf=cfr(.375,.209,-.323,.014,-.587,.809,.88,.392,.269,-.475,.708,.522);es="Linear";ed="In";};["StarFinger"]={tm=.0170;cf=cfr(0,0,0,1,0,0,0,1,0,0,0,1);es="Linear";ed="In";};["Stand Head"]={tm=.0170;cf=cfr(0,0,0,.915,.397,.079,-.393,.825,.405,.096,-.402,.911);es="Linear";ed="In";};};{tm=.317;["Torso"]={tm=.0160;cf=cfr(-.046,-.792,-.215,.885,.458,-.081,-.305,.442,-.843,-.35,.771,.531);es="Linear";ed="In";};["Left Leg"]={tm=.0160;cf=cfr(-.006,-.072,.067,.828,-.283,.483,.355,.933,-.062,-.433,.223,.873);es="Linear";ed="In";};["Head"]={tm=.0160;cf=cfr(0,0,.017,.85,-.363,-.382,.527,.551,.647,-.024,-.751,.66);es="Linear";ed="In";};["Left Arm"]={tm=.0160;cf=cfr(-.586,-.018,-.323,-.816,.483,-.318,-.427,-.133,.895,.39,.865,.314);es="Linear";ed="In";};["Right Arm"]={tm=.0160;cf=cfr(.015,-.001,-.001,.635,.324,-.702,-.16,.943,.291,.756,-.072,.65);es="Linear";ed="In";};["Right Leg"]={tm=.0160;cf=cfr(.778,.702,-.253,.994,.107,.037,-.113,.936,.333,.001,-.335,.942);es="Linear";ed="In";};["Stand Torso"]={tm=.0160;cf=cfr(-2.843,.303,2.027,.952,-.061,.301,-.162,.732,.662,-.26,-.679,.687);es="Linear";ed="In";};["Stand Left Arm"]={tm=.0160;cf=cfr(0,0,0,.913,-.355,.201,.269,.894,.358,-.306,-.273,.912);es="Linear";ed="In";};["Stand Left Leg"]={tm=.0160;cf=cfr(-.432,.018,.198,.878,-.476,-.042,.467,.836,.288,-.102,-.273,.957);es="Linear";ed="In";};["Stand Right Leg"]={tm=.0160;cf=cfr(.823,.843,.148,.995,.097,.005,-.097,.995,-.031,-.008,.03,1);es="Linear";ed="In";};["Stand Right Arm"]={tm=.0160;cf=cfr(.375,.209,-.323,.015,-.586,.81,.88,.393,.268,-.475,.709,.521);es="Linear";ed="In";};["StarFinger"]={tm=.0160;cf=cfr(0,0,0,1,0,0,0,1,0,0,0,1);es="Linear";ed="In";};["Stand Head"]={tm=.0160;cf=cfr(0,0,0,.915,.397,.078,-.393,.826,.404,.095,-.4,.912);es="Linear";ed="In";};};{tm=.333;["Torso"]={tm=.0169;cf=cfr(-.046,-.801,-.229,.882,.465,-.083,-.309,.435,-.846,-.357,.771,.527);es="Linear";ed="In";};["Left Leg"]={tm=.0169;cf=cfr(-.006,-.075,.069,.822,-.287,.492,.363,.93,-.063,-.439,.23,.869);es="Linear";ed="In";};["Head"]={tm=.0169;cf=cfr(0,0,.017,.844,-.369,-.39,.536,.547,.643,-.024,-.752,.659);es="Linear";ed="In";};["Left Arm"]={tm=.0169;cf=cfr(-.586,-.018,-.323,-.816,.483,-.316,-.426,-.135,.895,.39,.865,.316);es="Linear";ed="In";};["Right Arm"]={tm=.0169;cf=cfr(.015,-.001,-.001,.639,.318,-.701,-.155,.945,.288,.754,-.075,.653);es="Linear";ed="In";};["Right Leg"]={tm=.0169;cf=cfr(.781,.698,-.251,.993,.115,.033,-.12,.934,.338,.008,-.339,.941);es="Linear";ed="In";};["Stand Torso"]={tm=.0169;cf=cfr(-2.84,.293,2.027,.952,-.061,.301,-.163,.73,.664,-.26,-.681,.685);es="Linear";ed="In";};["Stand Left Arm"]={tm=.0169;cf=cfr(0,0,0,.914,-.352,.202,.266,.896,.356,-.306,-.272,.912);es="Linear";ed="In";};["Stand Left Leg"]={tm=.0169;cf=cfr(-.432,.018,.198,.878,-.477,-.042,.468,.835,.288,-.103,-.272,.957);es="Linear";ed="In";};["Stand Right Leg"]={tm=.0169;cf=cfr(.823,.843,.148,.995,.095,.005,-.095,.995,-.03,-.008,.03,1);es="Linear";ed="In";};["Stand Right Arm"]={tm=.0169;cf=cfr(.375,.209,-.323,.016,-.585,.811,.88,.394,.267,-.476,.709,.521);es="Linear";ed="In";};["StarFinger"]={tm=.0169;cf=cfr(0,0,0,1,0,0,0,1,0,0,0,1);es="Linear";ed="In";};["Stand Head"]={tm=.0169;cf=cfr(0,0,0,.915,.397,.078,-.393,.827,.402,.095,-.398,.912);es="Linear";ed="In";};};{tm=.35;["Torso"]={tm=.0170;cf=cfr(-.046,-.81,-.242,.878,.472,-.084,-.312,.429,-.848,-.364,.77,.523);es="Linear";ed="In";};["Left Leg"]={tm=.0170;cf=cfr(-.008,-.077,.073,.816,-.291,.499,.37,.927,-.065,-.444,.238,.864);es="Linear";ed="In";};["Head"]={tm=.0170;cf=cfr(0,0,.017,.838,-.375,-.396,.545,.543,.639,-.024,-.752,.659);es="Linear";ed="In";};["Left Arm"]={tm=.0170;cf=cfr(-.586,-.019,-.323,-.816,.484,-.317,-.428,-.136,.894,.389,.864,.318);es="Linear";ed="In";};["Right Arm"]={tm=.0170;cf=cfr(.014,-.001,-.001,.644,.312,-.699,-.15,.947,.284,.751,-.078,.656);es="Linear";ed="In";};["Right Leg"]={tm=.0170;cf=cfr(.783,.695,-.25,.992,.122,.029,-.125,.931,.342,.015,-.343,.939);es="Linear";ed="In";};["Stand Torso"]={tm=.0170;cf=cfr(-2.837,.283,2.027,.952,-.061,.301,-.164,.728,.666,-.259,-.683,.683);es="Linear";ed="In";};["Stand Left Arm"]={tm=.0170;cf=cfr(0,0,0,.915,-.348,.203,.263,.897,.354,-.305,-.271,.913);es="Linear";ed="In";};["Stand Left Leg"]={tm=.0170;cf=cfr(-.432,.018,.198,.878,-.477,-.04,.468,.836,.287,-.103,-.271,.957);es="Linear";ed="In";};["Stand Right Leg"]={tm=.0170;cf=cfr(.823,.843,.148,.996,.092,.005,-.092,.995,-.029,-.007,.029,1);es="Linear";ed="In";};["Stand Right Arm"]={tm=.0170;cf=cfr(.375,.209,-.323,.017,-.583,.812,.88,.395,.266,-.476,.71,.52);es="Linear";ed="In";};["StarFinger"]={tm=.0170;cf=cfr(0,0,0,1,0,0,0,1,0,0,0,1);es="Linear";ed="In";};["Stand Head"]={tm=.0170;cf=cfr(0,0,0,.915,.397,.077,-.393,.828,.4,.095,-.396,.913);es="Linear";ed="In";};};{tm=.367;["Torso"]={tm=.0160;cf=cfr(-.046,-.818,-.254,.874,.479,-.086,-.315,.422,-.85,-.371,.77,.519);es="Linear";ed="In";};["Left Leg"]={tm=.0160;cf=cfr(-.011,-.08,.078,.81,-.295,.507,.377,.924,-.066,-.449,.245,.859);es="Linear";ed="In";};["Head"]={tm=.0160;cf=cfr(0,0,.017,.833,-.381,-.402,.553,.539,.635,-.025,-.751,.66);es="Linear";ed="In";};["Left Arm"]={tm=.0160;cf=cfr(-.586,-.019,-.323,-.814,.485,-.319,-.431,-.137,.892,.389,.864,.32);es="Linear";ed="In";};["Right Arm"]={tm=.0160;cf=cfr(.014,-.001,-.001,.65,.305,-.696,-.144,.949,.281,.746,-.083,.66);es="Linear";ed="In";};["Right Leg"]={tm=.0160;cf=cfr(.784,.693,-.249,.991,.128,.025,-.129,.929,.347,.022,-.347,.938);es="Linear";ed="In";};["Stand Torso"]={tm=.0160;cf=cfr(-2.834,.274,2.027,.952,-.061,.301,-.164,.726,.668,-.259,-.685,.681);es="Linear";ed="In";};["Stand Left Arm"]={tm=.0160;cf=cfr(0,0,0,.916,-.345,.204,.26,.899,.353,-.305,-.27,.913);es="Linear";ed="In";};["Stand Left Leg"]={tm=.0160;cf=cfr(-.432,.018,.198,.878,-.476,-.039,.467,.837,.287,-.104,-.27,.957);es="Linear";ed="In";};["Stand Right Leg"]={tm=.0160;cf=cfr(.823,.843,.148,.996,.089,.004,-.089,.996,-.028,-.007,.028,1);es="Linear";ed="In";};["Stand Right Arm"]={tm=.0160;cf=cfr(.375,.209,-.323,.018,-.582,.813,.879,.396,.264,-.476,.71,.519);es="Linear";ed="In";};["StarFinger"]={tm=.0160;cf=cfr(0,0,0,1,0,0,0,1,0,0,0,1);es="Linear";ed="In";};["Stand Head"]={tm=.0160;cf=cfr(0,0,0,.915,.397,.076,-.393,.829,.398,.095,-.394,.914);es="Linear";ed="In";};};{tm=.383;["Torso"]={tm=.0170;cf=cfr(-.046,-.827,-.267,.87,.485,-.088,-.318,.415,-.852,-.377,.769,.516);es="Linear";ed="In";};["Left Leg"]={tm=.0170;cf=cfr(-.016,-.082,.083,.804,-.298,.514,.384,.921,-.068,-.453,.252,.855);es="Linear";ed="In";};["Head"]={tm=.0170;cf=cfr(0,0,.017,.828,-.387,-.407,.561,.537,.631,-.026,-.75,.661);es="Linear";ed="In";};["Left Arm"]={tm=.0170;cf=cfr(-.586,-.019,-.324,-.812,.486,-.323,-.436,-.137,.89,.388,.863,.323);es="Linear";ed="In";};["Right Arm"]={tm=.0170;cf=cfr(.014,0,-.001,.657,.298,-.693,-.137,.951,.278,.742,-.088,.665);es="Linear";ed="In";};["Right Leg"]={tm=.0170;cf=cfr(.785,.691,-.248,.991,.133,.021,-.132,.927,.351,.028,-.351,.936);es="Linear";ed="In";};["Stand Torso"]={tm=.0170;cf=cfr(-2.832,.265,2.027,.952,-.061,.301,-.165,.724,.67,-.258,-.687,.679);es="Linear";ed="In";};["Stand Left Arm"]={tm=.0170;cf=cfr(0,0,0,.917,-.342,.205,.257,.9,.351,-.304,-.269,.914);es="Linear";ed="In";};["Stand Left Leg"]={tm=.0170;cf=cfr(-.432,.018,.198,.879,-.475,-.037,.465,.838,.285,-.104,-.268,.958);es="Linear";ed="In";};["Stand Right Leg"]={tm=.0170;cf=cfr(.823,.843,.148,.996,.085,.004,-.085,.996,-.027,-.007,.027,1);es="Linear";ed="In";};["Stand Right Arm"]={tm=.0170;cf=cfr(.375,.209,-.323,.018,-.581,.814,.879,.397,.263,-.476,.711,.518);es="Linear";ed="In";};["StarFinger"]={tm=.0170;cf=cfr(0,0,0,1,0,0,0,1,0,0,0,1);es="Linear";ed="In";};["Stand Head"]={tm=.0170;cf=cfr(0,0,0,.914,.397,.076,-.393,.83,.396,.095,-.392,.915);es="Linear";ed="In";};};{tm=.4;["Torso"]={tm=.0169;cf=cfr(-.046,-.834,-.278,.866,.492,-.09,-.321,.409,-.854,-.383,.769,.512);es="Linear";ed="In";};["Left Leg"]={tm=.0169;cf=cfr(-.022,-.084,.09,.798,-.301,.521,.391,.918,-.069,-.458,.259,.851);es="Linear";ed="In";};["Head"]={tm=.0169;cf=cfr(0,0,.017,.823,-.393,-.41,.567,.535,.626,-.027,-.748,.663);es="Linear";ed="In";};["Left Arm"]={tm=.0169;cf=cfr(-.585,-.019,-.324,-.809,.488,-.328,-.442,-.137,.886,.387,.862,.327);es="Linear";ed="In";};["Right Arm"]={tm=.0169;cf=cfr(.014,0,-.001,.665,.29,-.689,-.13,.952,.276,.736,-.094,.671);es="Linear";ed="In";};["Right Leg"]={tm=.0169;cf=cfr(.785,.691,-.247,.99,.137,.017,-.134,.925,.355,.033,-.354,.935);es="Linear";ed="In";};["Stand Torso"]={tm=.0169;cf=cfr(-2.829,.256,2.027,.952,-.061,.301,-.166,.722,.672,-.258,-.689,.677);es="Linear";ed="In";};["Stand Left Arm"]={tm=.0169;cf=cfr(0,0,0,.918,-.339,.206,.254,.902,.349,-.304,-.268,.914);es="Linear";ed="In";};["Stand Left Leg"]={tm=.0169;cf=cfr(-.432,.018,.198,.881,-.472,-.036,.462,.841,.284,-.104,-.266,.958);es="Linear";ed="In";};["Stand Right Leg"]={tm=.0169;cf=cfr(.823,.843,.148,.997,.08,.004,-.08,.996,-.026,-.006,.025,1);es="Linear";ed="In";};["Stand Right Arm"]={tm=.0169;cf=cfr(.375,.209,-.323,.019,-.579,.815,.879,.398,.262,-.476,.712,.517);es="Linear";ed="In";};["StarFinger"]={tm=.0169;cf=cfr(0,0,0,1,0,0,0,1,0,0,0,1);es="Linear";ed="In";};["Stand Head"]={tm=.0169;cf=cfr(0,0,0,.914,.398,.075,-.393,.831,.394,.094,-.39,.916);es="Linear";ed="In";};};{tm=.417;["Torso"]={tm=.0160;cf=cfr(-.046,-.842,-.289,.863,.497,-.092,-.323,.403,-.856,-.389,.768,.509);es="Linear";ed="In";};["Left Leg"]={tm=.0160;cf=cfr(-.03,-.086,.098,.793,-.305,.528,.398,.915,-.07,-.461,.266,.846);es="Linear";ed="In";};["Head"]={tm=.0160;cf=cfr(0,0,.017,.819,-.399,-.413,.573,.534,.622,-.028,-.746,.666);es="Linear";ed="In";};["Left Arm"]={tm=.0160;cf=cfr(-.585,-.018,-.324,-.805,.489,-.335,-.45,-.137,.882,.386,.861,.331);es="Linear";ed="In";};["Right Arm"]={tm=.0160;cf=cfr(.013,0,-.002,.673,.282,-.684,-.122,.954,.273,.729,-.1,.677);es="Linear";ed="In";};["Right Leg"]={tm=.0160;cf=cfr(.785,.692,-.246,.99,.14,.013,-.135,.924,.359,.038,-.357,.933);es="Linear";ed="In";};["Stand Torso"]={tm=.0160;cf=cfr(-2.827,.248,2.027,.952,-.061,.301,-.166,.72,.674,-.258,-.691,.675);es="Linear";ed="In";};["Stand Left Arm"]={tm=.0160;cf=cfr(0,0,0,.919,-.335,.207,.251,.903,.347,-.303,-.267,.915);es="Linear";ed="In";};["Stand Left Leg"]={tm=.0160;cf=cfr(-.432,.018,.198,.883,-.468,-.033,.458,.843,.282,-.104,-.264,.959);es="Linear";ed="In";};["Stand Right Leg"]={tm=.0160;cf=cfr(.823,.843,.148,.997,.075,.004,-.075,.997,-.024,-.006,.023,1);es="Linear";ed="In";};["Stand Right Arm"]={tm=.0160;cf=cfr(.375,.209,-.323,.02,-.578,.816,.879,.399,.26,-.476,.712,.516);es="Linear";ed="In";};["StarFinger"]={tm=.0160;cf=cfr(0,0,0,1,0,0,0,1,0,0,0,1);es="Linear";ed="In";};["Stand Head"]={tm=.0160;cf=cfr(0,0,0,.914,.398,.074,-.394,.832,.392,.094,-.388,.917);es="Linear";ed="In";};};{tm=.433;["Torso"]={tm=.0170;cf=cfr(-.047,-.849,-.299,.859,.503,-.093,-.326,.398,-.858,-.394,.767,.506);es="Linear";ed="In";};["Left Leg"]={tm=.0170;cf=cfr(-.039,-.087,.106,.788,-.308,.534,.405,.912,-.072,-.465,.272,.843);es="Linear";ed="In";};["Head"]={tm=.0170;cf=cfr(0,0,.017,.815,-.405,-.414,.579,.533,.617,-.029,-.743,.669);es="Linear";ed="In";};["Left Arm"]={tm=.0170;cf=cfr(-.585,-.018,-.324,-.8,.491,-.343,-.46,-.136,.878,.385,.86,.335);es="Linear";ed="In";};["Right Arm"]={tm=.0170;cf=cfr(.013,0,-.002,.682,.274,-.678,-.114,.956,.271,.722,-.108,.683);es="Linear";ed="In";};["Right Leg"]={tm=.0170;cf=cfr(.785,.694,-.246,.99,.142,.009,-.136,.922,.362,.043,-.359,.932);es="Linear";ed="In";};["Stand Torso"]={tm=.0170;cf=cfr(-2.825,.24,2.027,.952,-.061,.301,-.167,.718,.675,-.257,-.693,.674);es="Linear";ed="In";};["Stand Left Arm"]={tm=.0170;cf=cfr(0,0,0,.92,-.332,.208,.248,.905,.346,-.303,-.266,.915);es="Linear";ed="In";};["Stand Left Leg"]={tm=.0170;cf=cfr(-.432,.018,.198,.885,-.464,-.031,.453,.846,.28,-.103,-.262,.96);es="Linear";ed="In";};["Stand Right Leg"]={tm=.0170;cf=cfr(.823,.843,.148,.998,.069,.004,-.069,.997,-.022,-.005,.022,1);es="Linear";ed="In";};["Stand Right Arm"]={tm=.0170;cf=cfr(.375,.209,-.323,.021,-.576,.817,.879,.4,.259,-.476,.713,.515);es="Linear";ed="In";};["StarFinger"]={tm=.0170;cf=cfr(0,0,0,1,0,0,0,1,0,0,0,1);es="Linear";ed="In";};["Stand Head"]={tm=.0