-- // converted using mech's animoduler
local cfr = CFrame.new

return {{tm=0;["Torso"]={tm=.033;cf=cfr(0,0,-.308,.188,.912,-.364,-.965,.102,-.243,-.185,.397,.899);es="Linear";ed="In";};["Left Leg"]={tm=.033;cf=cfr(-.466,.533,.161,.882,.468,.06,-.464,.839,.285,.083,-.279,.957);es="Linear";ed="In";};["Head"]={tm=.033;cf=cfr(0,0,0,.256,-.955,.15,.943,.281,.177,-.212,.096,.973);es="Linear";ed="In";};["Left Arm"]={tm=.033;cf=cfr(.842,-.514,-.232,.586,.639,-.497,-.661,.733,.163,.469,.233,.852);es="Linear";ed="In";};["Right Arm"]={tm=.033;cf=cfr(.135,-.38,.038,.906,-.39,.166,.39,.92,.032,-.165,.036,.986);es="Linear";ed="In";};["Right Leg"]={tm=.033;cf=cfr(.311,.146,.062,.859,-.145,-.491,.071,.984,-.166,.507,.108,.855);es="Linear";ed="In";};["Stand Torso"]={tm=.05;cf=cfr(2.049,.992,-.565,-.222,-.294,.93,-.13,.954,.271,-.966,-.061,-.25);es="Linear";ed="In";};["Stand Left Arm"]={tm=.05;cf=cfr(-.151,-.497,-.117,.908,.164,-.385,-.18,.984,-.005,.378,.073,.923);es="Linear";ed="In";};["Stand Left Leg"]={tm=.05;cf=cfr(.048,-.067,.008,.921,.275,.277,-.256,.961,-.101,-.294,.022,.955);es="Linear";ed="In";};["Stand Right Leg"]={tm=.05;cf=cfr(.531,.168,.127,.96,.263,.097,-.264,.964,0,-.093,-.026,.995);es="Linear";ed="In";};["Stand Head"]={tm=.05;cf=cfr(0,0,0,.537,.835,-.116,-.838,.512,-.188,-.098,.199,.975);es="Linear";ed="In";};["Stand Right Arm"]={tm=.05;cf=cfr(.023,-.293,-.065,.883,.049,-.467,.024,.989,.149,.469,-.143,.872);es="Linear";ed="In";};};{tm=.033;["Torso"]={tm=.084;cf=cfr(-.111,-.009,-.373,.254,.861,-.441,-.918,.072,-.39,-.304,.504,.809);es="Linear";ed="In";};["Left Leg"]={tm=.084;cf=cfr(-.34,.685,.029,.823,.529,.207,-.548,.64,.539,.153,-.557,.817);es="Linear";ed="In";};["Head"]={tm=.084;cf=cfr(0,0,0,.395,-.887,.241,.891,.433,.134,-.224,.162,.961);es="Linear";ed="In";};["Left Arm"]={tm=.084;cf=cfr(.842,-.514,-.232,.276,.639,-.718,-.501,.733,.46,.82,.233,.523);es="Linear";ed="In";};["Right Arm"]={tm=.084;cf=cfr(.135,-.38,.038,.748,-.643,.166,.647,.762,.032,-.147,.084,.986);es="Linear";ed="In";};["Right Leg"]={tm=.084;cf=cfr(.324,.083,.04,.873,-.195,-.447,.014,.926,-.377,.488,.323,.811);es="Linear";ed="In";};};{tm=.05;["Stand Torso"]={tm=.0999;cf=cfr(2.049,.992,-.565,-.342,-.424,.839,-.167,.906,.389,-.925,-.007,-.38);es="Linear";ed="In";};["Stand Left Arm"]={tm=.0999;cf=cfr(-.151,-.497,-.117,.067,.668,-.741,-.664,.584,.467,.745,.461,.482);es="Linear";ed="In";};["Stand Left Leg"]={tm=.0999;cf=cfr(-.068,.07,.026,.939,.005,.343,-.067,.983,.171,-.336,-.184,.924);es="Linear";ed="In";};["Stand Right Leg"]={tm=.0999;cf=cfr(.495,.057,.13,.946,.31,.097,-.312,.95,0,-.092,-.03,.995);es="Linear";ed="In";};["Stand Head"]={tm=.0999;cf=cfr(0,0,0,.537,.703,-.467,-.838,.38,-.392,-.098,.601,.793);es="Linear";ed="In";};["Stand Right Arm"]={tm=.0999;cf=cfr(.023,-.293,-.065,.787,-.604,-.125,.585,.667,.462,-.196,-.437,.878);es="Linear";ed="In";};};{tm=.117;["Torso"]={tm=.083;cf=cfr(-.343,.196,-.509,-.723,.456,-.52,-.483,-.871,-.092,-.495,.184,.849);es="Linear";ed="In";};["Left Leg"]={tm=.083;cf=cfr(-.34,.685,.029,.811,-.548,.203,.372,.752,.544,-.451,-.366,.814);es="Linear";ed="In";};["Head"]={tm=.083;cf=cfr(0,0,0,-.001,-.88,.476,.99,.065,.122,-.138,.471,.871);es="Linear";ed="In";};["Left Arm"]={tm=.083;cf=cfr(1,-.254,-.243,.463,.52,-.718,-.245,.853,.46,.852,-.038,.523);es="Linear";ed="In";};["Right Arm"]={tm=.083;cf=cfr(.332,-.4,-.306,-.357,.302,.884,.898,.371,.236,-.257,.878,-.404);es="Linear";ed="In";};["Right Leg"]={tm=.083;cf=cfr(.352,-.034,-.038,.899,-.196,-.392,-.073,.815,-.575,.432,.546,.718);es="Linear";ed="In";};};{tm=.15;["Stand Torso"]={tm=.1170;cf=cfr(2.461,.773,-.031,.567,-.222,.794,.4,.916,-.029,-.721,.334,.608);es="Linear";ed="In";};["Stand Left Arm"]={tm=.1170;cf=cfr(.313,-.534,-.391,-.13,.655,-.744,-.701,.47,.537,.702,.591,.398);es="Linear";ed="In";};["Stand Left Leg"]={tm=.1170;cf=cfr(-.068,.07,.026,.909,-.235,.343,.186,.968,.171,-.372,-.092,.924);es="Linear";ed="In";};["Stand Right Leg"]={tm=.1170;cf=cfr(.449,.127,-.006,.923,.384,.03,-.375,.913,-.162,-.09,.138,.986);es="Linear";ed="In";};["Stand Head"]={tm=.1329;cf=cfr(0,0,0,.709,.702,-.072,-.45,.371,-.813,-.544,.608,.578);es="Linear";ed="In";};["Stand Right Arm"]={tm=.1170;cf=cfr(.023,-.293,-.065,.077,-.685,.725,.887,.379,.264,-.456,.622,.636);es="Linear";ed="In";};};{tm=.2;["Torso"]={tm=.0499;cf=cfr(-.203,.161,-.687,-.962,-.231,.147,.23,-.973,-.028,.15,.007,.989);es="Linear";ed="In";};["Left Leg"]={tm=.0499;cf=cfr(-.631,1.083,-.165,.811,-.422,.405,.372,.907,.2,-.451,-.011,.892);es="Linear";ed="In";};["Head"]={tm=.0499;cf=cfr(0,0,0,.578,-.683,.447,.81,.413,-.416,.099,.603,.792);es="Linear";ed="In";};["Left Arm"]={tm=.0499;cf=cfr(-.089,-.914,-.093,-.561,.827,.037,.126,.042,.991,.818,.561,-.128);es="Linear";ed="In";};["Right Arm"]={tm=.0499;cf=cfr(.332,-.4,-.306,-.312,.348,.884,.941,.245,.236,-.134,.905,-.404);es="Linear";ed="In";};["Right Leg"]={tm=.0499;cf=cfr(.198,.248,.017,.772,-.473,-.425,.316,.865,-.39,.552,.167,.817);es="Linear";ed="In";};};{tm=.25;["Torso"]={tm=.0999;cf=cfr(-.113,.193,-.57,-.538,-.815,.218,.83,-.466,.306,-.148,.345,.927);es="Linear";ed="In";};["Left Leg"]={tm=.0999;cf=cfr(-.705,.881,-.078,.832,.322,.452,-.449,.87,.206,-.327,-.375,.868);es="Linear";ed="In";};["Head"]={tm=.0999;cf=cfr(0,0,0,.337,-.683,.648,.91,.413,-.038,-.242,.603,.761);es="Linear";ed="In";};["Left Arm"]={tm=.0999;cf=cfr(.114,-.904,.044,-.561,.827,.037,.126,.042,.991,.818,.561,-.128);es="Linear";ed="In";};["Right Arm"]={tm=.0999;cf=cfr(.205,-.541,.24,-.16,-.054,.986,.964,-.224,.144,.213,.973,.088);es="Linear";ed="In";};["Right Leg"]={tm=.0329;cf=cfr(.498,.259,-.458,.827,-.494,-.267,.205,.708,-.676,.523,.505,.687);es="Linear";ed="In";};};{tm=.267;["Stand Torso"]={tm=.1159;cf=cfr(2.356,.773,-.031,.75,-.222,-.623,-.059,.916,-.396,.659,.334,.674);es="Linear";ed="In";};["Stand Left Arm"]={tm=.2329;cf=cfr(-.457,-.397,-.416,.068,.36,-.93,-.913,.398,.088,.402,.844,.356);es="Linear";ed="In";};["Stand Left Leg"]={tm=.2329;cf=cfr(-.288,.436,-.329,.909,-.308,.279,.186,.902,.39,-.372,-.303,.877);es="Linear";ed="In";};["Stand Right Leg"]={tm=.2329;cf=cfr(.219,.144,-.196,.817,.57,-.091,-.565,.757,-.328,-.118,.319,.94);es="Linear";ed="In";};["Stand Right Arm"]={tm=.2329;cf=cfr(.078,-.372,-.239,.185,-.275,.944,.916,.395,-.065,-.355,.877,.325);es="Linear";ed="In";};};{tm=.283;["Stand Head"]={tm=.1000;cf=cfr(0,0,0,.709,.645,-.285,-.45,.102,-.887,-.544,.757,.363);es="Linear";ed="In";};["Right Leg"]={tm=.067;cf=cfr(.41,1.087,-.259,.874,-.167,-.456,.139,.986,-.094,.465,.018,.885);es="Linear";ed="In";};};{tm=.35;["Torso"]={tm=.0830;cf=cfr(.022,.043,-.713,.357,-.933,-.033,.904,.337,.265,-.236,-.124,.964);es="Linear";ed="In";};["Left Leg"]={tm=.0830;cf=cfr(-.544,.739,-.063,.811,-.554,.185,.372,.734,.568,-.451,-.392,.802);es="Linear";ed="In";};["Head"]={tm=.0830;cf=cfr(0,0,0,.906,-.421,.042,.28,.523,-.805,.317,.741,.592);es="Linear";ed="In";};["Left Arm"]={tm=.0830;cf=cfr(.416,-.914,.057,-.038,.999,.037,.129,-.032,.991,.991,.043,-.128);es="Linear";ed="In";};["Right Arm"]={tm=.0830;cf=cfr(-.188,-.354,.599,-.169,-.68,.713,.838,-.48,-.26,.519,.554,.651);es="Linear";ed="In";};["Right Leg"]={tm=.0830;cf=cfr(.569,.768,.104,.918,.057,-.392,-.039,.998,.054,.394,-.035,.918);es="Linear";ed="In";};};{tm=.383;["Stand Torso"]={tm=.1169;cf=cfr(1.53,.669,-.256,-.136,-.164,-.977,.096,.979,-.178,.986,-.118,-.118);es="Linear";ed="In";};["Stand Head"]={tm=.1169;cf=cfr(0,0,0,.949,-.138,-.285,-.206,.412,-.887,.24,.901,.363);es="Linear";ed="In";};};{tm=.433;["Torso"]={tm=.1170;cf=cfr(.022,.043,-.713,.612,-.782,-.121,.79,.597,.136,-.035,-.179,.983);es="Linear";ed="In";};["Left Leg"]={tm=.1170;cf=cfr(-.278,.61,.066,.767,-.594,.243,.428,.755,.497,-.478,-.277,.833);es="Linear";ed="In";};["Head"]={tm=.1170;cf=cfr(0,0,0,.942,.016,-.335,-.325,.289,-.901,.083,.957,.277);es="Linear";ed="In";};["Left Arm"]={tm=.1170;cf=cfr(.617,-1.069,.045,.353,.707,.612,-.291,-.539,.791,.889,-.458,.016);es="Linear";ed="In";};["Right Arm"]={tm=.1170;cf=cfr(-.075,-.478,.028,-.169,-.951,.26,.838,-.277,-.471,.519,.138,.843);es="Linear";ed="In";};["Right Leg"]={tm=.1170;cf=cfr(.872,.321,-.049,.918,.1,-.383,-.039,.986,.164,.394,-.136,.909);es="Linear";ed="In";};};{tm=.5;["Stand Torso"]={tm=.0999;cf=cfr(1.409,.731,-.308,-.008,-.33,-.944,.075,.941,-.33,.997,-.073,.017);es="Linear";ed="In";};["Stand Left Arm"]={tm=.0999;cf=cfr(.169,-.109,.169,-.464,-.126,.877,-.314,-.902,-.296,.828,-.413,.378);es="Linear";ed="In";};["Stand Left Leg"]={tm=.0999;cf=cfr(-1.134,.72,-.508,.782,-.584,.217,.437,.763,.477,-.444,-.278,.852);es="Linear";ed="In";};["Stand Right Leg"]={tm=.0999;cf=cfr(.139,-.041,.026,.853,.472,.225,-.493,.869,.043,-.175,-.147,.974);es="Linear";ed="In";};["Stand Head"]={tm=.0999;cf=cfr(0,0,0,.674,-.738,.037,.734,.674,.083,-.086,-.029,.996);es="Linear";ed="In";};["Stand Right Arm"]={tm=.0999;cf=cfr(-.287,.026,.135,-.604,-.265,-.752,.791,-.32,-.522,-.102,-.91,.403);es="Linear";ed="In";};};{tm=.55;["Torso"]={tm=.0669;cf=cfr(.022,.043,-.713,.547,-.812,-.202,.833,.552,.038,.081,-.189,.979);es="Linear";ed="In";};["Left Leg"]={tm=.0669;cf=cfr(-.243,.557,.075,.767,-.548,.334,.428,.825,.371,-.478,-.142,.867);es="Linear";ed="In";};["Head"]={tm=.0669;cf=cfr(0,0,0,.894,.402,-.196,-.438,.697,-.568,-.092,.594,.799);es="Linear";ed="In";};["Left Arm"]={tm=.0669;cf=cfr(.617,-1.069,.045,.741,.276,.612,-.58,-.195,.791,.338,-.941,.016);es="Linear";ed="In";};["Right Arm"]={tm=.0669;cf=cfr(-.068,-.438,-.034,-.169,-.884,-.436,.838,.105,-.536,.519,-.456,.723);es="Linear";ed="In";};["Right Leg"]={tm=.0669;cf=cfr(.943,.382,-.043,.918,.184,-.351,-.039,.924,.381,.394,-.336,.855);es="Linear";ed="In";};};{tm=.6;["Stand Torso"]={tm=.0830;cf=cfr(1.434,.731,-.321,.074,-.26,-.963,.105,.962,-.252,.992,-.082,.098);es="Linear";ed="In";};["Stand Left Arm"]={tm=.0830;cf=cfr(.164,-.112,.179,-.457,-.271,.847,-.254,-.873,-.416,.853,-.405,.33);es="Linear";ed="In";};["Stand Left Leg"]={tm=.0999;cf=cfr(-1.271,.883,-.564,.754,-.62,.217,.473,.741,.477,-.456,-.257,.852);es="Linear";ed="In";};["Stand Right Leg"]={tm=.0830;cf=cfr(.213,-.021,.137,.935,.321,.153,-.327,.945,.014,-.14,-.063,.988);es="Linear";ed="In";};["Stand Head"]={tm=.0830;cf=cfr(0,0,0,.435,-.9,.01,.836,.408,.366,-.333,-.151,.931);es="Linear";ed="In";};["Stand Right Arm"]={tm=.0830;cf=cfr(-.264,-.015,.124,-.635,-.078,-.768,.738,-.355,-.574,-.228,-.931,.283);es="Linear";ed="In";};};{tm=.617;["Torso"]={tm=.0999;cf=cfr(.022,.043,-.713,.488,-.855,-.177,.873,.481,.084,.013,-.196,.981);es="Linear";ed="In";};["Left Leg"]={tm=.0999;cf=cfr(-.279,.614,.06,.799,-.523,.296,.376,.819,.433,-.469,-.235,.852);es="Linear";ed="In";};["Head"]={tm=.0999;cf=cfr(0,0,0,.825,.501,-.261,-.564,.692,-.451,-.045,.519,.853);es="Linear";ed="In";};["Left Arm"]={tm=.0999;cf=cfr(.63,-1.078,-.012,.775,.156,.612,-.604,-.101,.791,.186,-.983,.016);es="Linear";ed="In";};["Right Arm"]={tm=.0999;cf=cfr(-.065,-.434,-.039,-.169,-.791,-.588,.838,.199,-.508,.519,-.578,.629);es="Linear";ed="In";};["Right Leg"]={tm=.0999;cf=cfr(.943,.382,-.043,.906,.229,-.355,-.091,.926,.365,.412,-.299,.861);es="Linear";ed="In";};};{tm=.683;["Stand Torso"]={tm=.1499;cf=cfr(1.45,.731,-.316,.126,-.293,-.948,.113,.953,-.28,.986,-.072,.153);es="Linear";ed="In";};["Stand Left Arm"]={tm=.1499;cf=cfr(.164,-.112,.179,-.463,-.142,.875,-.311,-.898,-.31,.83,-.416,.372);es="Linear";ed="In";};["Stand Right Leg"]={tm=.1499;cf=cfr(.214,.021,.124,.907,.397,.137,-.391,.918,-.068,-.153,.008,.988);es="Linear";ed="In";};["Stand Head"]={tm=.1499;cf=cfr(0,0,0,.434,-.9,.029,.819,.408,.404,-.376,-.151,.914);es="Linear";ed="In";};["Stand Right Arm"]={tm=.1499;cf=cfr(-.264,-.015,.124,-.673,-.013,-.739,.663,-.452,-.596,-.327,-.892,.313);es="Linear";ed="In";};};{tm=.7;["Stand Left Leg"]={tm=.133;cf=cfr(-1.195,.79,-.531,.733,-.645,.217,.497,.725,.477,-.465,-.241,.852);es="Linear";ed="In";};};{tm=.717;["Torso"]={tm=.1159;cf=cfr(.022,.043,-.713,.44,-.887,-.142,.897,.426,.121,-.047,-.181,.982);es="Linear";ed="In";};["Left Leg"]={tm=.1159;cf=cfr(-.279,.614,.06,.84,-.47,.272,.307,.824,.476,-.448,-.316,.836);es="Linear";ed="In";};["Head"]={tm=.1159;cf=cfr(0,0,0,.836,.492,-.243,-.541,.67,-.508,-.087,.556,.827);es="Linear";ed="In";};["Left Arm"]={tm=.1159;cf=cfr(.63,-1.078,-.012,.72,.326,.612,-.566,-.234,.791,.402,-.916,.016);es="Linear";ed="In";};["Right Arm"]={tm=.1159;cf=cfr(-.065,-.434,-.039,-.169,-.79,-.589,.838,.2,-.508,.519,-.579,.628);es="Linear";ed="In";};["Right Leg"]={tm=.1159;cf=cfr(.943,.382,-.043,.9,.242,-.363,-.117,.935,.334,.42,-.258,.87);es="Linear";ed="In";};};{tm=.833;["Torso"]={tm=0;cf=cfr(.022,.043,-.713,.48,-.868,-.124,.876,.468,.116,-.043,-.164,.985);es="Linear";ed="In";};["Left Leg"]={tm=0;cf=cfr(-.279,.614,.06,.834,-.479,.272,.316,.821,.476,-.451,-.311,.836);es="Linear";ed="In";};["Head"]={tm=0;cf=cfr(0,0,0,.836,.484,-.257,-.541,.655,-.527,-.087,.58,.81);es="Linear";ed="In";};["Left Arm"]={tm=0;cf=cfr(.65,-1.094,-.001,.722,.323,.612,-.567,-.232,.791,.397,-.918,.016);es="Linear";ed="In";};["Right Arm"]={tm=0;cf=cfr(-.065,-.434,-.039,-.169,-.866,-.47,.838,.126,-.531,.519,-.484,.705);es="Linear";ed="In";};["Right Leg"]={tm=0;cf=cfr(.943,.382,-.043,.908,.194,-.371,-.083,.952,.295,.411,-.237,.88);es="Linear";ed="In";};["Stand Torso"]={tm=0;cf=cfr(1.45,.731,-.311,.133,-.295,-.946,.134,.951,-.278,.982,-.09,.166);es="Linear";ed="In";};["Stand Left Arm"]={tm=0;cf=cfr(.164,-.112,.179,-.463,-.027,.886,-.311,-.931,-.191,.83,-.364,.423);es="Linear";ed="In";};["Stand Left Leg"]={tm=0;cf=cfr(-1.152,.742,-.515,.733,-.643,.224,.497,.73,.469,-.465,-.232,.855);es="Linear";ed="In";};["Stand Right Leg"]={tm=0;cf=cfr(.196,-.001,.117,.891,.439,.118,-.427,.897,-.112,-.155,.049,.987);es="Linear";ed="In";};["Stand Head"]={tm=0;cf=cfr(0,0,0,.435,-.9,.041,.834,.42,.358,-.34,-.122,.933);es="Linear";ed="In";};["Stand Right Arm"]={tm=0;cf=cfr(-.264,-.015,.124,-.66,-.131,-.74,.706,-.444,-.551,-.256,-.887,.386);es="Linear";ed="In";};};}