-- // converted using mech's animoduler
local cfr = CFrame.new

return {{tm=0;["Torso"]={tm=.017;cf=cfr(-.154,-.091,-.446,.583,.694,-.423,-.812,.485,-.324,-.02,.533,.846);es="Sine";ed="InOut";};["Left Leg"]={tm=.017;cf=cfr(-.556,.417,.154,.678,.722,-.138,-.728,.685,.012,.103,.093,.99);es="Sine";ed="InOut";};["Head"]={tm=.017;cf=cfr(0,0,0,.666,-.719,.199,.744,.661,-.098,-.061,.214,.975);es="Sine";ed="Out";};["Left Arm"]={tm=.017;cf=cfr(-.724,-.63,-.439,.112,.598,-.794,-.7,.615,.364,.705,.515,.487);es="Sine";ed="Out";};["Right Arm"]={tm=.017;cf=cfr(.667,-.558,-.166,-.495,-.081,.865,.863,.069,.501,-.1,.994,.035);es="Sine";ed="Out";};["Right Leg"]={tm=.017;cf=cfr(.362,.405,.095,.846,-.215,-.489,.228,.973,-.034,.483,-.083,.872);es="Sine";ed="InOut";};};{tm=.017;["Torso"]={tm=.016;cf=cfr(-.154,-.091,-.446,.583,.694,-.423,-.812,.485,-.324,-.02,.533,.846);es="Linear";ed="In";};["Left Leg"]={tm=.016;cf=cfr(-.556,.417,.154,.678,.722,-.138,-.728,.685,.012,.103,.093,.99);es="Linear";ed="In";};["Head"]={tm=.016;cf=cfr(0,0,0,.666,-.719,.198,.744,.661,-.097,-.061,.212,.975);es="Linear";ed="In";};["Left Arm"]={tm=.016;cf=cfr(-.724,-.629,-.438,.114,.598,-.794,-.698,.616,.364,.707,.513,.488);es="Linear";ed="In";};["Right Arm"]={tm=.016;cf=cfr(.667,-.558,-.166,-.493,-.079,.866,.864,.071,.498,-.101,.994,.033);es="Linear";ed="In";};["Right Leg"]={tm=.016;cf=cfr(.362,.405,.095,.846,-.215,-.489,.228,.973,-.034,.483,-.083,.872);es="Linear";ed="In";};};{tm=.033;["Torso"]={tm=.017;cf=cfr(-.154,-.091,-.446,.583,.694,-.423,-.812,.485,-.324,-.02,.533,.846);es="Linear";ed="In";};["Left Leg"]={tm=.017;cf=cfr(-.556,.417,.154,.677,.723,-.138,-.728,.685,.012,.103,.092,.99);es="Linear";ed="In";};["Head"]={tm=.017;cf=cfr(0,0,0,.666,-.72,.197,.744,.662,-.096,-.061,.211,.976);es="Linear";ed="In";};["Left Arm"]={tm=.017;cf=cfr(-.723,-.629,-.438,.115,.598,-.793,-.697,.618,.364,.708,.511,.488);es="Linear";ed="In";};["Right Arm"]={tm=.017;cf=cfr(.667,-.558,-.166,-.49,-.077,.868,.866,.072,.495,-.101,.994,.031);es="Linear";ed="In";};["Right Leg"]={tm=.017;cf=cfr(.363,.405,.095,.846,-.215,-.489,.228,.973,-.034,.483,-.083,.872);es="Linear";ed="In";};};{tm=.05;["Torso"]={tm=.017;cf=cfr(-.154,-.091,-.446,.583,.694,-.424,-.812,.484,-.325,-.02,.533,.846);es="Linear";ed="In";};["Left Leg"]={tm=.017;cf=cfr(-.555,.417,.154,.677,.723,-.138,-.729,.685,.012,.103,.092,.99);es="Linear";ed="In";};["Head"]={tm=.017;cf=cfr(0,0,0,.666,-.72,.196,.744,.662,-.095,-.061,.209,.976);es="Linear";ed="In";};["Left Arm"]={tm=.017;cf=cfr(-.723,-.628,-.437,.117,.598,-.793,-.695,.619,.365,.709,.509,.488);es="Linear";ed="In";};["Right Arm"]={tm=.017;cf=cfr(.667,-.558,-.166,-.488,-.076,.87,.867,.074,.493,-.102,.994,.03);es="Linear";ed="In";};["Right Leg"]={tm=.017;cf=cfr(.363,.405,.095,.846,-.215,-.489,.228,.973,-.034,.483,-.082,.872);es="Linear";ed="In";};};{tm=.067;["Torso"]={tm=.016;cf=cfr(-.154,-.091,-.446,.583,.693,-.424,-.813,.484,-.325,-.02,.534,.845);es="Linear";ed="In";};["Left Leg"]={tm=.016;cf=cfr(-.555,.418,.154,.677,.724,-.137,-.729,.684,.012,.103,.092,.99);es="Linear";ed="In";};["Head"]={tm=.016;cf=cfr(0,0,0,.666,-.72,.195,.744,.662,-.094,-.061,.208,.976);es="Linear";ed="In";};["Left Arm"]={tm=.016;cf=cfr(-.722,-.628,-.437,.118,.598,-.792,-.694,.621,.365,.71,.507,.489);es="Linear";ed="In";};["Right Arm"]={tm=.016;cf=cfr(.667,-.558,-.166,-.486,-.074,.871,.868,.075,.49,-.102,.994,.028);es="Linear";ed="In";};["Right Leg"]={tm=.016;cf=cfr(.363,.405,.096,.846,-.216,-.488,.228,.973,-.035,.483,-.082,.872);es="Linear";ed="In";};};{tm=.083;["Torso"]={tm=.017;cf=cfr(-.154,-.091,-.447,.582,.693,-.424,-.813,.483,-.325,-.02,.534,.845);es="Linear";ed="In";};["Left Leg"]={tm=.017;cf=cfr(-.555,.418,.154,.676,.724,-.137,-.73,.684,.013,.103,.091,.991);es="Linear";ed="In";};["Head"]={tm=.017;cf=cfr(0,0,0,.666,-.72,.194,.744,.662,-.093,-.061,.207,.976);es="Linear";ed="In";};["Left Arm"]={tm=.017;cf=cfr(-.721,-.627,-.436,.12,.599,-.792,-.692,.622,.366,.712,.505,.489);es="Linear";ed="In";};["Right Arm"]={tm=.017;cf=cfr(.667,-.558,-.166,-.483,-.073,.872,.869,.077,.488,-.102,.994,.026);es="Linear";ed="In";};["Right Leg"]={tm=.017;cf=cfr(.364,.405,.096,.845,-.216,-.488,.228,.973,-.036,.483,-.081,.872);es="Linear";ed="In";};};{tm=.1;["Torso"]={tm=.017;cf=cfr(-.154,-.091,-.447,.582,.693,-.425,-.813,.483,-.326,-.021,.535,.845);es="Linear";ed="In";};["Left Leg"]={tm=.017;cf=cfr(-.555,.418,.154,.675,.725,-.136,-.73,.683,.013,.103,.09,.991);es="Linear";ed="In";};["Head"]={tm=.017;cf=cfr(0,0,0,.666,-.721,.193,.744,.662,-.093,-.061,.205,.977);es="Linear";ed="In";};["Left Arm"]={tm=.017;cf=cfr(-.721,-.627,-.435,.121,.599,-.792,-.691,.624,.366,.713,.503,.489);es="Linear";ed="In";};["Right Arm"]={tm=.017;cf=cfr(.667,-.558,-.166,-.481,-.071,.874,.871,.078,.486,-.103,.994,.024);es="Linear";ed="In";};["Right Leg"]={tm=.017;cf=cfr(.365,.405,.096,.845,-.217,-.488,.229,.973,-.036,.483,-.081,.872);es="Linear";ed="In";};};{tm=.117;["Torso"]={tm=.016;cf=cfr(-.155,-.091,-.447,.582,.693,-.425,-.813,.482,-.326,-.021,.536,.844);es="Linear";ed="In";};["Left Leg"]={tm=.016;cf=cfr(-.555,.418,.154,.674,.726,-.136,-.731,.682,.014,.103,.09,.991);es="Linear";ed="In";};["Head"]={tm=.016;cf=cfr(0,0,0,.666,-.721,.192,.744,.662,-.092,-.061,.204,.977);es="Linear";ed="In";};["Left Arm"]={tm=.016;cf=cfr(-.72,-.626,-.435,.122,.599,-.791,-.69,.625,.366,.714,.501,.489);es="Linear";ed="In";};["Right Arm"]={tm=.016;cf=cfr(.667,-.558,-.166,-.479,-.07,.875,.872,.08,.483,-.103,.994,.023);es="Linear";ed="In";};["Right Leg"]={tm=.016;cf=cfr(.366,.405,.097,.845,-.218,-.488,.229,.973,-.037,.483,-.08,.872);es="Linear";ed="In";};};{tm=.133;["Torso"]={tm=.0169;cf=cfr(-.155,-.091,-.447,.581,.693,-.426,-.813,.481,-.327,-.021,.537,.844);es="Linear";ed="In";};["Left Leg"]={tm=.0169;cf=cfr(-.554,.418,.154,.673,.727,-.135,-.732,.681,.015,.103,.089,.991);es="Linear";ed="In";};["Head"]={tm=.0169;cf=cfr(0,0,0,.666,-.721,.191,.744,.662,-.091,-.061,.203,.977);es="Linear";ed="In";};["Left Arm"]={tm=.0169;cf=cfr(-.72,-.625,-.434,.124,.599,-.791,-.688,.626,.366,.715,.499,.49);es="Linear";ed="In";};["Right Arm"]={tm=.0169;cf=cfr(.667,-.558,-.166,-.477,-.068,.876,.873,.081,.481,-.104,.994,.021);es="Linear";ed="In";};["Right Leg"]={tm=.0169;cf=cfr(.367,.406,.097,.845,-.219,-.488,.229,.973,-.039,.483,-.079,.872);es="Linear";ed="In";};};{tm=.15;["Torso"]={tm=.0170;cf=cfr(-.155,-.092,-.447,.581,.693,-.427,-.814,.48,-.328,-.022,.538,.843);es="Linear";ed="In";};["Left Leg"]={tm=.0170;cf=cfr(-.554,.419,.154,.672,.728,-.134,-.733,.68,.016,.102,.088,.991);es="Linear";ed="In";};["Head"]={tm=.0170;cf=cfr(0,0,0,.666,-.721,.191,.744,.662,-.09,-.061,.202,.978);es="Linear";ed="In";};["Left Arm"]={tm=.0170;cf=cfr(-.719,-.625,-.434,.125,.599,-.791,-.687,.627,.367,.716,.498,.49);es="Linear";ed="In";};["Right Arm"]={tm=.0170;cf=cfr(.667,-.558,-.166,-.475,-.067,.878,.874,.082,.479,-.104,.994,.02);es="Linear";ed="In";};["Right Leg"]={tm=.0170;cf=cfr(.368,.406,.098,.845,-.22,-.487,.23,.972,-.04,.483,-.078,.872);es="Linear";ed="In";};};{tm=.167;["Torso"]={tm=.0159;cf=cfr(-.155,-.092,-.447,.58,.693,-.428,-.814,.479,-.328,-.022,.539,.842);es="Linear";ed="In";};["Left Leg"]={tm=.0159;cf=cfr(-.554,.419,.154,.671,.729,-.133,-.734,.679,.016,.102,.087,.991);es="Linear";ed="In";};["Head"]={tm=.0159;cf=cfr(0,0,0,.666,-.722,.19,.744,.663,-.089,-.061,.201,.978);es="Linear";ed="In";};["Left Arm"]={tm=.0159;cf=cfr(-.719,-.625,-.434,.126,.599,-.791,-.686,.628,.367,.717,.496,.49);es="Linear";ed="In";};["Right Arm"]={tm=.0159;cf=cfr(.667,-.558,-.166,-.473,-.066,.879,.875,.083,.477,-.104,.994,.018);es="Linear";ed="In";};["Right Leg"]={tm=.0159;cf=cfr(.369,.406,.099,.845,-.221,-.487,.23,.972,-.041,.483,-.077,.872);es="Linear";ed="In";};};{tm=.183;["Torso"]={tm=.0170;cf=cfr(-.156,-.092,-.448,.58,.693,-.429,-.814,.478,-.329,-.023,.54,.841);es="Linear";ed="In";};["Left Leg"]={tm=.0170;cf=cfr(-.553,.419,.154,.67,.731,-.132,-.735,.678,.017,.102,.085,.991);es="Linear";ed="In";};["Head"]={tm=.0170;cf=cfr(0,0,0,.666,-.722,.189,.744,.663,-.089,-.061,.2,.978);es="Linear";ed="In";};["Left Arm"]={tm=.0170;cf=cfr(-.718,-.624,-.433,.127,.599,-.79,-.685,.629,.367,.718,.495,.49);es="Linear";ed="In";};["Right Arm"]={tm=.0170;cf=cfr(.667,-.558,-.166,-.471,-.065,.88,.876,.084,.475,-.105,.994,.017);es="Linear";ed="In";};["Right Leg"]={tm=.0170;cf=cfr(.37,.407,.1,.845,-.222,-.487,.231,.972,-.043,.483,-.076,.873);es="Linear";ed="In";};};{tm=.2;["Torso"]={tm=.0169;cf=cfr(-.156,-.092,-.448,.579,.693,-.43,-.815,.477,-.33,-.024,.541,.841);es="Linear";ed="In";};["Left Leg"]={tm=.0169;cf=cfr(-.553,.42,.154,.669,.732,-.131,-.737,.676,.019,.102,.084,.991);es="Linear";ed="In";};["Head"]={tm=.0169;cf=cfr(0,0,0,.666,-.722,.188,.744,.663,-.088,-.061,.199,.978);es="Linear";ed="In";};["Left Arm"]={tm=.0169;cf=cfr(-.718,-.624,-.433,.128,.599,-.79,-.684,.63,.367,.718,.493,.491);es="Linear";ed="In";};["Right Arm"]={tm=.0169;cf=cfr(.667,-.558,-.166,-.47,-.064,.881,.877,.085,.474,-.105,.994,.016);es="Linear";ed="In";};["Right Leg"]={tm=.0169;cf=cfr(.372,.407,.1,.845,-.224,-.486,.232,.972,-.045,.483,-.075,.873);es="Linear";ed="In";};};{tm=.217;["Torso"]={tm=.0160;cf=cfr(-.156,-.092,-.448,.579,.692,-.431,-.815,.475,-.331,-.024,.543,.84);es="Linear";ed="In";};["Left Leg"]={tm=.0160;cf=cfr(-.552,.42,.154,.667,.733,-.13,-.738,.675,.02,.102,.083,.991);es="Linear";ed="In";};["Head"]={tm=.0160;cf=cfr(0,0,0,.666,-.722,.188,.744,.663,-.088,-.061,.198,.978);es="Linear";ed="In";};["Left Arm"]={tm=.0160;cf=cfr(-.718,-.623,-.433,.129,.599,-.79,-.683,.631,.368,.719,.492,.491);es="Linear";ed="In";};["Right Arm"]={tm=.0160;cf=cfr(.667,-.558,-.166,-.468,-.063,.881,.877,.086,.472,-.105,.994,.015);es="Linear";ed="In";};["Right Leg"]={tm=.0160;cf=cfr(.374,.408,.101,.845,-.225,-.486,.232,.972,-.046,.483,-.074,.873);es="Linear";ed="In";};};{tm=.233;["Torso"]={tm=.0169;cf=cfr(-.157,-.092,-.448,.578,.692,-.432,-.816,.474,-.332,-.025,.544,.839);es="Linear";ed="In";};["Left Leg"]={tm=.0169;cf=cfr(-.552,.42,.154,.666,.735,-.129,-.739,.673,.021,.102,.081,.991);es="Linear";ed="In";};["Head"]={tm=.0169;cf=cfr(0,0,0,.666,-.722,.187,.744,.663,-.087,-.061,.197,.978);es="Linear";ed="In";};["Left Arm"]={tm=.0169;cf=cfr(-.717,-.623,-.432,.129,.6,-.79,-.682,.632,.368,.72,.491,.491);es="Linear";ed="In";};["Right Arm"]={tm=.0169;cf=cfr(.667,-.558,-.166,-.467,-.062,.882,.878,.087,.471,-.106,.994,.014);es="Linear";ed="In";};["Right Leg"]={tm=.0169;cf=cfr(.375,.408,.102,.844,-.227,-.486,.233,.971,-.048,.483,-.072,.873);es="Linear";ed="In";};};{tm=.25;["Torso"]={tm=.0170;cf=cfr(-.157,-.093,-.449,.577,.692,-.433,-.816,.472,-.333,-.026,.546,.838);es="Linear";ed="In";};["Left Leg"]={tm=.0170;cf=cfr(-.551,.421,.154,.664,.737,-.127,-.741,.671,.022,.102,.08,.992);es="Linear";ed="In";};["Head"]={tm=.0170;cf=cfr(0,0,0,.666,-.722,.187,.744,.663,-.087,-.061,.197,.979);es="Linear";ed="In";};["Left Arm"]={tm=.0170;cf=cfr(-.717,-.623,-.432,.13,.6,-.79,-.682,.632,.368,.72,.49,.491);es="Linear";ed="In";};["Right Arm"]={tm=.0170;cf=cfr(.667,-.558,-.166,-.466,-.061,.883,.878,.087,.47,-.106,.994,.013);es="Linear";ed="In";};["Right Leg"]={tm=.0170;cf=cfr(.377,.408,.103,.844,-.228,-.485,.234,.971,-.05,.483,-.071,.873);es="Linear";ed="In";};};{tm=.267;["Torso"]={tm=.0159;cf=cfr(-.157,-.093,-.449,.577,.692,-.434,-.817,.471,-.334,-.026,.547,.837);es="Linear";ed="In";};["Left Leg"]={tm=.0159;cf=cfr(-.551,.421,.154,.662,.739,-.126,-.742,.67,.023,.102,.078,.992);es="Linear";ed="In";};["Head"]={tm=.0159;cf=cfr(0,0,0,.666,-.723,.186,.744,.663,-.086,-.061,.196,.979);es="Linear";ed="In";};["Left Arm"]={tm=.0159;cf=cfr(-.717,-.623,-.432,.131,.6,-.79,-.681,.633,.368,.721,.49,.491);es="Linear";ed="In";};["Right Arm"]={tm=.0159;cf=cfr(.667,-.558,-.166,-.465,-.06,.883,.879,.088,.469,-.106,.994,.012);es="Linear";ed="In";};["Right Leg"]={tm=.0159;cf=cfr(.379,.409,.104,.844,-.23,-.485,.234,.971,-.052,.482,-.069,.873);es="Linear";ed="In";};};{tm=.283;["Torso"]={tm=.0170;cf=cfr(-.158,-.093,-.449,.576,.692,-.436,-.817,.469,-.335,-.027,.549,.835);es="Linear";ed="In";};["Left Leg"]={tm=.0170;cf=cfr(-.55,.422,.154,.661,.74,-.125,-.744,.668,.025,.102,.076,.992);es="Linear";ed="In";};["Head"]={tm=.0170;cf=cfr(0,0,0,.666,-.723,.186,.744,.663,-.086,-.061,.196,.979);es="Linear";ed="In";};["Left Arm"]={tm=.0170;cf=cfr(-.717,-.622,-.432,.131,.6,-.789,-.681,.633,.368,.721,.489,.491);es="Linear";ed="In";};["Right Arm"]={tm=.0170;cf=cfr(.667,-.558,-.166,-.464,-.06,.884,.879,.088,.468,-.106,.994,.012);es="Linear";ed="In";};["Right Leg"]={tm=.0170;cf=cfr(.381,.409,.105,.844,-.232,-.484,.235,.97,-.055,.482,-.068,.873);es="Linear";ed="In";};};{tm=.3;["Torso"]={tm=.0170;cf=cfr(-.158,-.093,-.45,.575,.692,-.437,-.818,.468,-.336,-.028,.551,.834);es="Linear";ed="In";};["Left Leg"]={tm=.0170;cf=cfr(-.549,.422,.154,.659,.742,-.123,-.745,.666,.026,.101,.075,.992);es="Linear";ed="In";};["Head"]={tm=.0170;cf=cfr(0,0,0,.666,-.723,.186,.744,.663,-.086,-.061,.195,.979);es="Linear";ed="In";};["Left Arm"]={tm=.0170;cf=cfr(-.717,-.622,-.432,.131,.6,-.789,-.68,.634,.368,.721,.489,.491);es="Linear";ed="In";};["Right Arm"]={tm=.0170;cf=cfr(.667,-.558,-.166,-.464,-.06,.884,.88,.088,.468,-.106,.994,.011);es="Linear";ed="In";};["Right Leg"]={tm=.0170;cf=cfr(.382,.41,.106,.844,-.233,-.484,.236,.97,-.057,.482,-.066,.873);es="Linear";ed="In";};};{tm=.317;["Torso"]={tm=.0160;cf=cfr(-.158,-.094,-.45,.574,.691,-.438,-.818,.466,-.337,-.029,.552,.833);es="Linear";ed="In";};["Left Leg"]={tm=.0160;cf=cfr(-.549,.423,.155,.657,.744,-.122,-.747,.664,.028,.101,.073,.992);es="Linear";ed="In";};["Head"]={tm=.0160;cf=cfr(0,0,0,.666,-.723,.186,.744,.663,-.086,-.061,.195,.979);es="Linear";ed="In";};["Left Arm"]={tm=.0160;cf=cfr(-.716,-.622,-.432,.132,.6,-.789,-.68,.634,.368,.721,.488,.491);es="Linear";ed="In";};["Right Arm"]={tm=.0160;cf=cfr(.667,-.558,-.166,-.464,-.059,.884,.88,.089,.467,-.106,.994,.011);es="Linear";ed="In";};["Right Leg"]={tm=.0160;cf=cfr(.384,.41,.108,.843,-.235,-.483,.237,.97,-.059,.482,-.065,.874);es="Linear";ed="In";};};{tm=.333;["Torso"]={tm=.0169;cf=cfr(-.159,-.094,-.45,.574,.691,-.44,-.819,.464,-.338,-.03,.554,.832);es="Linear";ed="In";};["Left Leg"]={tm=.0169;cf=cfr(-.548,.423,.155,.655,.746,-.12,-.749,.662,.029,.101,.071,.992);es="Linear";ed="In";};["Head"]={tm=.0169;cf=cfr(0,0,0,.666,-.723,.186,.744,.663,-.086,-.061,.195,.979);es="Sine";ed="InOut";};["Left Arm"]={tm=.0169;cf=cfr(-.716,-.622,-.431,.132,.6,-.789,-.68,.634,.368,.721,.488,.491);es="Sine";ed="InOut";};["Right Arm"]={tm=.0169;cf=cfr(.667,-.558,-.166,-.463,-.059,.884,.88,.089,.467,-.106,.994,.011);es="Sine";ed="InOut";};["Right Leg"]={tm=.0169;cf=cfr(.386,.411,.109,.843,-.237,-.483,.237,.969,-.061,.482,-.063,.874);es="Linear";ed="In";};};{tm=.35;["Torso"]={tm=.0170;cf=cfr(-.159,-.094,-.451,.573,.691,-.441,-.819,.462,-.339,-.031,.556,.831);es="Linear";ed="In";};["Left Leg"]={tm=.0170;cf=cfr(-.548,.424,.155,.653,.748,-.119,-.75,.66,.03,.101,.069,.992);es="Linear";ed="In";};["Head"]={tm=.0170;cf=cfr(0,0,0,.666,-.723,.186,.744,.663,-.086,-.061,.195,.979);es="Linear";ed="In";};["Left Arm"]={tm=.0170;cf=cfr(-.716,-.622,-.432,.132,.6,-.789,-.68,.634,.368,.721,.488,.491);es="Linear";ed="In";};["Right Arm"]={tm=.0170;cf=cfr(.667,-.558,-.166,-.464,-.059,.884,.88,.089,.467,-.106,.994,.011);es="Linear";ed="In";};["Right Leg"]={tm=.0170;cf=cfr(.388,.412,.11,.843,-.239,-.482,.238,.969,-.064,.482,-.061,.874);es="Linear";ed="In";};};{tm=.367;["Torso"]={tm=.0160;cf=cfr(-.16,-.094,-.451,.572,.691,-.443,-.82,.461,-.341,-.031,.558,.83);es="Linear";ed="In";};["Left Leg"]={tm=.0160;cf=cfr(-.547,.424,.155,.651,.75,-.117,-.752,.658,.032,.101,.068,.993);es="Linear";ed="In";};["Head"]={tm=.0160;cf=cfr(0,0,0,.666,-.723,.186,.744,.663,-.086,-.061,.195,.979);es="Linear";ed="In";};["Left Arm"]={tm=.0160;cf=cfr(-.717,-.622,-.432,.131,.6,-.789,-.68,.634,.368,.721,.489,.491);es="Linear";ed="In";};["Right Arm"]={tm=.0160;cf=cfr(.667,-.558,-.166,-.464,-.06,.884,.88,.089,.468,-.106,.994,.011);es="Linear";ed="In";};["Right Leg"]={tm=.0160;cf=cfr(.39,.412,.111,.843,-.241,-.481,.239,.969,-.066,.482,-.06,.874);es="Linear";ed="In";};};{tm=.383;["Torso"]={tm=.0170;cf=cfr(-.16,-.095,-.451,.571,.69,-.444,-.82,.459,-.342,-.032,.559,.828);es="Linear";ed="In";};["Left Leg"]={tm=.0170;cf=cfr(-.546,.425,.155,.649,.752,-.116,-.754,.656,.033,.101,.066,.993);es="Linear";ed="In";};["Head"]={tm=.0170;cf=cfr(0,0,0,.666,-.723,.186,.744,.663,-.086,-.061,.196,.979);es="Linear";ed="In";};["Left Arm"]={tm=.0170;cf=cfr(-.717,-.622,-.432,.131,.6,-.789,-.681,.633,.368,.721,.489,.491);es="Linear";ed="In";};["Right Arm"]={tm=.0170;cf=cfr(.667,-.558,-.166,-.464,-.06,.884,.879,.088,.468,-.106,.994,.012);es="Linear";ed="In";};["Right Leg"]={tm=.0170;cf=cfr(.392,.413,.112,.843,-.243,-.481,.24,.968,-.068,.482,-.058,.874);es="Linear";ed="In";};};{tm=.4;["Torso"]={tm=.0169;cf=cfr(-.16,-.095,-.452,.57,.69,-.445,-.821,.457,-.343,-.033,.561,.827);es="Linear";ed="In";};["Left Leg"]={tm=.0169;cf=cfr(-.546,.425,.155,.647,.754,-.114,-.756,.654,.035,.101,.064,.993);es="Linear";ed="In";};["Head"]={tm=.0169;cf=cfr(0,0,0,.666,-.723,.186,.744,.663,-.086,-.061,.196,.979);es="Linear";ed="In";};["Left Arm"]={tm=.0169;cf=cfr(-.717,-.623,-.432,.131,.6,-.789,-.681,.633,.368,.721,.489,.491);es="Linear";ed="In";};["Right Arm"]={tm=.0169;cf=cfr(.667,-.558,-.166,-.465,-.06,.883,.879,.088,.469,-.106,.994,.012);es="Linear";ed="In";};["Right Leg"]={tm=.0169;cf=cfr(.394,.413,.113,.842,-.244,-.48,.241,.968,-.071,.482,-.056,.874);es="Linear";ed="In";};};{tm=.417;["Torso"]={tm=.0160;cf=cfr(-.161,-.095,-.452,.57,.69,-.447,-.821,.455,-.344,-.034,.563,.826);es="Linear";ed="In";};["Left Leg"]={tm=.0160;cf=cfr(-.545,.426,.155,.645,.756,-.113,-.757,.652,.036,.101,.062,.993);es="Linear";ed="In";};["Head"]={tm=.0160;cf=cfr(0,0,0,.666,-.722,.187,.744,.663,-.087,-.061,.196,.979);es="Linear";ed="In";};["Left Arm"]={tm=.0160;cf=cfr(-.717,-.623,-.432,.13,.6,-.79,-.681,.633,.368,.72,.49,.491);es="Linear";ed="In";};["Right Arm"]={tm=.0160;cf=cfr(.667,-.558,-.166,-.466,-.061,.883,.879,.087,.469,-.106,.994,.013);es="Linear";ed="In";};["Right Leg"]={tm=.0160;cf=cfr(.396,.414,.114,.842,-.246,-.48,.242,.968,-.073,.482,-.055,.874);es="Linear";ed="In";};};{tm=.433;["Torso"]={tm=.0170;cf=cfr(-.161,-.095,-.452,.569,.69,-.448,-.822,.454,-.345,-.035,.565,.825);es="Linear";ed="In";};["Left Leg"]={tm=.0170;cf=cfr(-.544,.426,.155,.643,.757,-.111,-.759,.65,.037,.101,.06,.993);es="Linear";ed="In";};["Head"]={tm=.0170;cf=cfr(0,0,0,.666,-.722,.187,.744,.663,-.087,-.061,.197,.978);es="Linear";ed="In";};["Left Arm"]={tm=.0170;cf=cfr(-.717,-.623,-.432,.13,.6,-.79,-.682,.632,.368,.72,.491,.491);es="Linear";ed="In";};["Right Arm"]={tm=.0170;cf=cfr(.667,-.558,-.166,-.467,-.062,.882,.878,.087,.47,-.106,.994,.013);es="Linear";ed="In";};["Right Leg"]={tm=.0170;cf=cfr(.398,.414,.116,.842,-.248,-.479,.242,.967,-.075,.482,-.053,.874);es="Linear";ed="In";};};{tm=.45;["Torso"]={tm=.0170;cf=cfr(-.162,-.096,-.453,.568,.689,-.449,-.822,.452,-.346,-.036,.566,.823);es="Linear";ed="In";};["Left Leg"]={tm=.0170;cf=cfr(-.544,.427,.155,.642,.759,-.11,-.76,.648,.039,.101,.059,.993);es="Linear";ed="In";};["Head"]={tm=.0170;cf=cfr(0,0,0,.666,-.722,.188,.744,.663,-.087,-.061,.198,.978);es="Linear";ed="In";};["Left Arm"]={tm=.0170;cf=cfr(-.718,-.623,-.432,.129,.6,-.79,-.683,.631,.368,.719,.492,.491);es="Linear";ed="In";};["Right Arm"]={tm=.0170;cf=cfr(.667,-.558,-.166,-.468,-.062,.882,.878,.086,.472,-.105,.994,.014);es="Linear";ed="In";};["Right Leg"]={tm=.0170;cf=cfr(.4,.415,.117,.842,-.25,-.479,.243,.967,-.077,.482,-.051,.875);es="Linear";ed="In";};};{tm=.467;["Torso"]={tm=.0159;cf=cfr(-.162,-.096,-.453,.567,.689,-.451,-.823,.45,-.347,-.036,.568,.822);es="Linear";ed="In";};["Left Leg"]={tm=.0159;cf=cfr(-.543,.427,.155,.64,.761,-.108,-.762,.646,.04,.101,.057,.993);es="Linear";ed="In";};["Head"]={tm=.0159;cf=cfr(0,0,0,.666,-.722,.188,.744,.663,-.088,-.061,.198,.978);es="Linear";ed="In";};["Left Arm"]={tm=.0159;cf=cfr(-.718,-.624,-.433,.128,.599,-.79,-.683,.631,.368,.719,.493,.491);es="Linear";ed="In";};["Right Arm"]={tm=.0159;cf=cfr(.667,-.558,-.166,-.469,-.063,.881,.877,.085,.473,-.105,.994,.015);es="Linear";ed="In";};["Right Leg"]={tm=.0159;cf=cfr(.402,.415,.118,.841,-.252,-.478,.244,.967,-.08,.482,-.05,.875);es="Linear";ed="In";};};{tm=.483;["Torso"]={tm=.0170;cf=cfr(-.162,-.096,-.453,.567,.689,-.452,-.823,.448,-.348,-.037,.57,.821);es="Linear";ed="In";};["Left Leg"]={tm=.0170;cf=cfr(-.543,.428,.155,.638,.763,-.107,-.764,.644,.041,.101,.055,.993);es="Linear";ed="In";};["Head"]={tm=.0170;cf=cfr(0,0,0,.666,-.722,.189,.744,.663,-.088,-.061,.199,.978);es="Linear";ed="In";};["Left Arm"]={tm=.0170;cf=cfr(-.718,-.624,-.433,.127,.599,-.79,-.684,.63,.367,.718,.494,.49);es="Linear";ed="In";};["Right Arm"]={tm=.0170;cf=cfr(.667,-.558,-.166,-.47,-.064,.88,.876,.085,.474,-.105,.994,.016);es="Linear";ed="In";};["Right Leg"]={tm=.0170;cf=cfr(.404,.416,.119,.841,-.253,-.478,.245,.966,-.082,.482,-.048,.875);es="Linear";ed="In";};};{tm=.5;["Torso"]={tm=.0170;cf=cfr(-.163,-.096,-.454,.566,.689,-.453,-.824,.447,-.349,-.038,.571,.82);es="Linear";ed="In";};["Left Leg"]={tm=.0170;cf=cfr(-.542,.428,.155,.636,.764,-.106,-.765,.643,.043,.1,.054,.994);es="Linear";ed="In";};["Head"]={tm=.0170;cf=cfr(0,0,0,.666,-.722,.189,.744,.663,-.089,-.061,.2,.978);es="Linear";ed="In";};["Left Arm"]={tm=.0170;cf=cfr(-.719,-.624,-.433,.126,.599,-.791,-.685,.629,.367,.717,.495,.49);es="Linear";ed="In";};["Right Arm"]={tm=.0170;cf=cfr(.667,-.558,-.166,-.472,-.065,.879,.875,.084,.476,-.105,.994,.017);es="Linear";ed="In";};["Right Leg"]={tm=.0170;cf=cfr(.406,.416,.12,.841,-.255,-.477,.245,.966,-.084,.482,-.047,.875);es="Linear";ed="In";};};{tm=.517;["Torso"]={tm=.0160;cf=cfr(-.163,-.097,-.454,.565,.688,-.454,-.824,.445,-.35,-.039,.573,.819);es="Linear";ed="In";};["Left Leg"]={tm=.0160;cf=cfr(-.542,.429,.155,.634,.766,-.104,-.766,.641,.044,.1,.052,.994);es="Linear";ed="In";};["Head"]={tm=.0160;cf=cfr(0,0,0,.666,-.722,.19,.744,.663,-.09,-.061,.201,.978);es="Linear";ed="In";};["Left Arm"]={tm=.0160;cf=cfr(-.719,-.625,-.434,.125,.599,-.791,-.686,.628,.367,.716,.497,.49);es="Linear";ed="In";};["Right Arm"]={tm=.0160;cf=cfr(.667,-.558,-.166,-.474,-.066,.878,.875,.083,.478,-.104,.994,.019);es="Linear";ed="In";};["Right Leg"]={tm=.0160;cf=cfr(.408,.417,.121,.841,-.257,-.477,.246,.965,-.086,.482,-.045,.875);es="Linear";ed="In";};};{tm=.533;["Torso"]={tm=.0170;cf=cfr(-.163,-.097,-.454,.565,.688,-.456,-.824,.444,-.351,-.04,.574,.818);es="Linear";ed="In";};["Left Leg"]={tm=.0170;cf=cfr(-.541,.429,.155,.633,.767,-.103,-.768,.639,.045,.1,.051,.994);es="Linear";ed="In";};["Head"]={tm=.0170;cf=cfr(0,0,0,.666,-.721,.191,.744,.662,-.09,-.061,.202,.977);es="Linear";ed="In";};["Left Arm"]={tm=.0170;cf=cfr(-.719,-.625,-.434,.124,.599,-.791,-.687,.627,.367,.715,.498,.49);es="Linear";ed="In";};["Right Arm"]={tm=.0170;cf=cfr(.667,-.558,-.166,-.475,-.067,.877,.874,.082,.48,-.104,.994,.02);es="Linear";ed="In";};["Right Leg"]={tm=.0170;cf=cfr(.409,.417,.122,.841,-.258,-.476,.247,.965,-.088,.482,-.044,.875);es="Linear";ed="In";};};{tm=.55;["Torso"]={tm=.0169;cf=cfr(-.164,-.097,-.454,.564,.688,-.457,-.825,.442,-.352,-.04,.575,.817);es="Linear";ed="In";};["Left Leg"]={tm=.0169;cf=cfr(-.541,.429,.155,.631,.769,-.102,-.769,.638,.046,.1,.049,.994);es="Linear";ed="In";};["Head"]={tm=.0169;cf=cfr(0,0,0,.666,-.721,.192,.744,.662,-.091,-.061,.203,.977);es="Linear";ed="In";};["Left Arm"]={tm=.0169;cf=cfr(-.72,-.626,-.435,.123,.599,-.791,-.689,.626,.366,.715,.5,.49);es="Linear";ed="In";};["Right Arm"]={tm=.0169;cf=cfr(.667,-.558,-.166,-.477,-.069,.876,.873,.08,.482,-.104,.994,.022);es="Linear";ed="In";};["Right Leg"]={tm=.0169;cf=cfr(.411,.418,.123,.84,-.259,-.476,.247,.965,-.089,.482,-.043,.875);es="Linear";ed="In";};};{tm=.567;["Torso"]={tm=.0160;cf=cfr(-.164,-.097,-.455,.564,.688,-.458,-.825,.441,-.353,-.041,.577,.816);es="Linear";ed="In";};["Left Leg"]={tm=.0160;cf=cfr(-.54,.43,.155,.63,.77,-.101,-.77,.636,.047,.1,.048,.994);es="Linear";ed="In";};["Head"]={tm=.0160;cf=cfr(0,0,0,.666,-.721,.193,.744,.662,-.092,-.061,.204,.977);es="Linear";ed="In";};["Left Arm"]={tm=.0160;cf=cfr(-.72,-.626,-.435,.122,.599,-.792,-.69,.625,.366,.714,.501,.489);es="Linear";ed="In";};["Right Arm"]={tm=.0160;cf=cfr(.667,-.558,-.166,-.479,-.07,.875,.872,.079,.484,-.103,.994,.023);es="Linear";ed="In";};["Right Leg"]={tm=.0160;cf=cfr(.412,.418,.124,.84,-.261,-.475,.248,.964,-.091,.482,-.041,.875);es="Linear";ed="In";};};{tm=.583;["Torso"]={tm=.0170;cf=cfr(-.164,-.097,-.455,.563,.688,-.459,-.825,.44,-.354,-.041,.578,.815);es="Linear";ed="In";};["Left Leg"]={tm=.0170;cf=cfr(-.54,.43,.155,.629,.771,-.1,-.771,.635,.048,.1,.047,.994);es="Linear";ed="In";};["Head"]={tm=.0170;cf=cfr(0,0,0,.666,-.721,.193,.744,.662,-.093,-.061,.206,.977);es="Linear";ed="In";};["Left Arm"]={tm=.0170;cf=cfr(-.721,-.627,-.436,.121,.599,-.792,-.691,.623,.366,.712,.503,.489);es="Linear";ed="In";};["Right Arm"]={tm=.0170;cf=cfr(.667,-.558,-.166,-.481,-.071,.874,.87,.078,.486,-.103,.994,.025);es="Linear";ed="In";};["Right Leg"]={tm=.0170;cf=cfr(.414,.418,.124,.84,-.262,-.475,.248,.964,-.093,.482,-.04,.875);es="Linear";ed="In";};};{tm=.6;["Torso"]={tm=.0170;cf=cfr(-.165,-.098,-.455,.563,.687,-.459,-.826,.439,-.354,-.042,.579,.814);es="Linear";ed="In";};["Left Leg"]={tm=.0170;cf=cfr(-.539,.43,.155,.627,.772,-.099,-.772,.633,.049,.1,.045,.994);es="Linear";ed="In";};["Head"]={tm=.0170;cf=cfr(0,0,0,.666,-.72,.194,.744,.662,-.094,-.061,.207,.976);es="Linear";ed="In";};["Left Arm"]={tm=.0170;cf=cfr(-.721,-.627,-.436,.119,.598,-.792,-.693,.622,.365,.711,.505,.489);es="Linear";ed="In";};["Right Arm"]={tm=.0170;cf=cfr(.667,-.558,-.166,-.484,-.073,.872,.869,.077,.488,-.102,.994,.026);es="Linear";ed="In";};["Right Leg"]={tm=.0170;cf=cfr(.415,.419,.125,.84,-.263,-.474,.249,.964,-.094,.482,-.039,.875);es="Linear";ed="In";};};{tm=.617;["Torso"]={tm=.0160;cf=cfr(-.165,-.098,-.455,.562,.687,-.46,-.826,.438,-.355,-.042,.58,.814);es="Linear";ed="In";};["Left Leg"]={tm=.0160;cf=cfr(-.539,.431,.155,.626,.773,-.098,-.773,.632,.05,.1,.044,.994);es="Linear";ed="In";};["Head"]={tm=.0160;cf=cfr(0,0,0,.666,-.72,.195,.744,.662,-.095,-.061,.208,.976);es="Linear";ed="In";};["Left Arm"]={tm=.0160;cf=cfr(-.722,-.628,-.437,.118,.598,-.793,-.694,.621,.365,.71,.507,.488);es="Linear";ed="In";};["Right Arm"]={tm=.0160;cf=cfr(.667,-.558,-.166,-.486,-.074,.871,.868,.075,.491,-.102,.994,.028);es="Linear";ed="In";};["Right Leg"]={tm=.0160;cf=cfr(.416,.419,.126,.84,-.264,-.474,.249,.964,-.095,.482,-.038,.875);es="Linear";ed="In";};};{tm=.633;["Torso"]={tm=.0170;cf=cfr(-.165,-.098,-.456,.562,.687,-.461,-.826,.437,-.356,-.043,.581,.813);es="Linear";ed="In";};["Left Leg"]={tm=.0170;cf=cfr(-.539,.431,.155,.625,.774,-.097,-.774,.631,.05,.1,.044,.994);es="Linear";ed="In";};["Head"]={tm=.0170;cf=cfr(0,0,0,.666,-.72,.196,.744,.662,-.095,-.061,.21,.976);es="Linear";ed="In";};["Left Arm"]={tm=.0170;cf=cfr(-.723,-.628,-.437,.117,.598,-.793,-.695,.619,.365,.709,.509,.488);es="Linear";ed="In";};["Right Arm"]={tm=.0170;cf=cfr(.667,-.558,-.166,-.488,-.076,.869,.867,.074,.493,-.101,.994,.03);es="Linear";ed="In";};["Right Leg"]={tm=.0170;cf=cfr(.417,.419,.126,.84,-.265,-.474,.25,.963,-.096,.482,-.037,.875);es="Linear";ed="In";};};{tm=.65;["Torso"]={tm=.0170;cf=cfr(-.165,-.098,-.456,.561,.687,-.462,-.826,.436,-.356,-.043,.581,.812);es="Linear";ed="In";};["Left Leg"]={tm=.0170;cf=cfr(-.538,.431,.155,.624,.775,-.096,-.775,.63,.051,.1,.043,.994);es="Linear";ed="In";};["Head"]={tm=.0170;cf=cfr(0,0,0,.666,-.72,.197,.744,.662,-.096,-.061,.211,.976);es="Linear";ed="In";};["Left Arm"]={tm=.0170;cf=cfr(-.723,-.629,-.438,.115,.598,-.793,-.697,.618,.364,.708,.511,.488);es="Linear";ed="In";};["Right Arm"]={tm=.0170;cf=cfr(.667,-.558,-.166,-.491,-.077,.868,.865,.072,.496,-.101,.994,.032);es="Linear";ed="In";};["Right Leg"]={tm=.0170;cf=cfr(.418,.42,.127,.84,-.266,-.474,.25,.963,-.097,.482,-.037,.875);es="Linear";ed="In";};};{tm=.667;["Torso"]={tm=.0160;cf=cfr(-.165,-.098,-.456,.561,.687,-.462,-.827,.435,-.357,-.044,.582,.812);es="Linear";ed="In";};["Left Leg"]={tm=.0160;cf=cfr(-.538,.431,.155,.624,.776,-.096,-.775,.629,.052,.1,.042,.994);es="Linear";ed="In";};["Head"]={tm=.0160;cf=cfr(0,0,0,.666,-.719,.199,.744,.661,-.097,-.061,.212,.975);es="Linear";ed="In";};["Left Arm"]={tm=.0160;cf=cfr(-.724,-.63,-.438,.114,.598,-.794,-.698,.616,.364,.707,.513,.488);es="Linear";ed="In";};["Right Arm"]={tm=.0160;cf=cfr(.667,-.558,-.166,-.493,-.079,.866,.864,.071,.498,-.101,.994,.033);es="Linear";ed="In";};["Right Leg"]={tm=.0160;cf=cfr(.419,.42,.127,.84,-.267,-.473,.25,.963,-.098,.482,-.036,.875);es="Linear";ed="In";};};{tm=.683;["Torso"]={tm=.0169;cf=cfr(-.165,-.098,-.456,.561,.687,-.463,-.827,.435,-.357,-.044,.583,.812);es="Linear";ed="In";};["Left Leg"]={tm=.0169;cf=cfr(-.538,.432,.155,.623,.776,-.095,-.776,.629,.052,.1,.041,.994);es="Linear";ed="In";};["Head"]={tm=.0169;cf=cfr(0,0,0,.666,-.719,.2,.744,.661,-.098,-.061,.214,.975);es="Linear";ed="In";};["Left Arm"]={tm=.0169;cf=cfr(-.724,-.63,-.439,.112,.598,-.794,-.7,.615,.364,.705,.515,.487);es="Linear";ed="In";};["Right Arm"]={tm=.0169;cf=cfr(.667,-.558,-.166,-.496,-.081,.865,.863,.069,.501,-.1,.994,.035);es="Linear";ed="In";};["Right Leg"]={tm=.0169;cf=cfr(.419,.42,.128,.839,-.267,-.473,.251,.963,-.099,.482,-.035,.875);es="Linear";ed="In";};};{tm=.7;["Torso"]={tm=.0170;cf=cfr(-.166,-.098,-.456,.561,.687,-.463,-.827,.434,-.357,-.044,.583,.811);es="Linear";ed="In";};["Left Leg"]={tm=.0170;cf=cfr(-.538,.432,.155,.623,.777,-.095,-.776,.628,.052,.1,.041,.994);es="Linear";ed="In";};["Head"]={tm=.0170;cf=cfr(0,0,0,.666,-.719,.201,.744,.661,-.099,-.061,.215,.975);es="Linear";ed="In";};["Left Arm"]={tm=.0170;cf=cfr(-.725,-.631,-.439,.111,.597,-.794,-.701,.613,.363,.704,.517,.487);es="Linear";ed="In";};["Right Arm"]={tm=.0170;cf=cfr(.667,-.558,-.166,-.498,-.082,.863,.861,.068,.503,-.1,.994,.037);es="Linear";ed="In";};["Right Leg"]={tm=.0170;cf=cfr(.42,.42,.128,.839,-.268,-.473,.251,.963,-.1,.482,-.035,.875);es="Linear";ed="In";};};{tm=.717;["Torso"]={tm=.0160;cf=cfr(-.166,-.098,-.456,.56,.687,-.463,-.827,.434,-.357,-.044,.583,.811);es="Linear";ed="In";};["Left Leg"]={tm=.0160;cf=cfr(-.538,.432,.155,.622,.777,-.094,-.776,.628,.053,.1,.041,.994);es="Linear";ed="In";};["Head"]={tm=.0160;cf=cfr(0,0,0,.666,-.718,.202,.744,.661,-.1,-.061,.217,.974);es="Linear";ed="In";};["Left Arm"]={tm=.0160;cf=cfr(-.726,-.631,-.44,.109,.597,-.795,-.703,.612,.363,.703,.519,.487);es="Linear";ed="In";};["Right Arm"]={tm=.0160;cf=cfr(.667,-.558,-.166,-.501,-.084,.862,.86,.066,.506,-.099,.994,.039);es="Linear";ed="In";};["Right Leg"]={tm=.0160;cf=cfr(.42,.42,.128,.839,-.268,-.473,.251,.963,-.1,.482,-.035,.875);es="Linear";ed="In";};};{tm=.733;["Torso"]={tm=.0170;cf=cfr(-.166,-.098,-.456,.56,.687,-.463,-.827,.434,-.357,-.044,.583,.811);es="Linear";ed="In";};["Left Leg"]={tm=.0170;cf=cfr(-.538,.432,.155,.622,.777,-.094,-.777,.628,.053,.1,.04,.994);es="Linear";ed="In";};["Head"]={tm=.0170;cf=cfr(0,0,0,.666,-.718,.203,.744,.661,-.101,-.061,.218,.974);es="Linear";ed="In";};["Left Arm"]={tm=.0170;cf=cfr(-.726,-.632,-.441,.108,.597,-.795,-.704,.61,.363,.702,.521,.486);es="Linear";ed="In";};["Right Arm"]={tm=.0170;cf=cfr(.667,-.558,-.166,-.503,-.086,.86,.859,.064,.509,-.099,.994,.041);es="Linear";ed="In";};["Right Leg"]={tm=.0170;cf=cfr(.42,.42,.128,.839,-.268,-.473,.251,.963,-.1,.482,-.035,.875);es="Linear";ed="In";};};{tm=.75;["Torso"]={tm=.0170;cf=cfr(-.166,-.098,-.456,.56,.687,-.463,-.827,.434,-.357,-.044,.583,.811);es="Sine";ed="InOut";};["Left Leg"]={tm=.0170;cf=cfr(-.538,.432,.155,.622,.777,-.094,-.777,.628,.053,.1,.04,.994);es="Sine";ed="InOut";};["Head"]={tm=.0170;cf=cfr(0,0,0,.666,-.718,.204,.744,.661,-.102,-.061,.22,.974);es="Linear";ed="In";};["Left Arm"]={tm=.0170;cf=cfr(-.727,-.633,-.441,.106,.597,-.795,-.706,.609,.362,.7,.523,.486);es="Linear";ed="In";};["Right Arm"]={tm=.0170;cf=cfr(.667,-.558,-.166,-.505,-.087,.858,.857,.063,.511,-.098,.994,.043);es="Linear";ed="In";};["Right Leg"]={tm=.0170;cf=cfr(.421,.42,.128,.839,-.268,-.473,.251,.963,-.1,.482,-.035,.875);es="Sine";ed="InOut";};};{tm=.767;["Torso"]={tm=.0160;cf=cfr(-.166,-.098,-.456,.56,.687,-.463,-.827,.434,-.357,-.044,.583,.811);es="Linear";ed="In";};["Left Leg"]={tm=.0160;cf=cfr(-.538,.432,.155,.622,.777,-.094,-.777,.628,.053,.1,.04,.994);es="Linear";ed="In";};["Head"]={tm=.0160;cf=cfr(0,0,0,.666,-.717,.205,.744,.661,-.103,-.061,.221,.973);es="Linear";ed="In";};["Left Arm"]={tm=.0160;cf=cfr(-.728,-.633,-.442,.105,.597,-.796,-.707,.607,.362,.699,.525,.486);es="Linear";ed="In";};["Right Arm"]={tm=.0160;cf=cfr(.667,-.558,-.166,-.508,-.089,.857,.856,.061,.514,-.098,.994,.045);es="Linear";ed="In";};["Right Leg"]={tm=.0160;cf=cfr(.42,.42,.128,.839,-.268,-.473,.251,.963,-.1,.482,-.035,.875);es="Linear";ed="In";};};{tm=.783;["Torso"]={tm=.0170;cf=cfr(-.166,-.098,-.456,.56,.687,-.463,-.827,.434,-.357,-.044,.583,.811);es="Linear";ed="In";};["Left Leg"]={tm=.0170;cf=cfr(-.538,.432,.155,.622,.777,-.094,-.776,.628,.053,.1,.041,.994);es="Linear";ed="In";};["Head"]={tm=.0170;cf=cfr(0,0,0,.666,-.717,.206,.744,.66,-.104,-.061,.222,.973);es="Linear";ed="In";};["Left Arm"]={tm=.0170;cf=cfr(-.728,-.634,-.442,.103,.596,-.796,-.709,.606,.362,.698,.527,.485);es="Linear";ed="In";};["Right Arm"]={tm=.0170;cf=cfr(.667,-.558,-.166,-.51,-.09,.855,.854,.06,.516,-.098,.994,.047);es="Linear";ed="In";};["Right Leg"]={tm=.0170;cf=cfr(.42,.42,.128,.839,-.268,-.473,.251,.963,-.1,.482,-.035,.875);es="Linear";ed="In";};};{tm=.8;["Torso"]={tm=.0169;cf=cfr(-.166,-.098,-.456,.561,.687,-.463,-.827,.434,-.357,-.044,.583,.811);es="Linear";ed="In";};["Left Leg"]={tm=.0169;cf=cfr(-.538,.432,.155,.623,.777,-.095,-.776,.628,.052,.1,.041,.994);es="Linear";ed="In";};["Head"]={tm=.0169;cf=cfr(0,0,0,.666,-.717,.207,.744,.66,-.105,-.061,.224,.973);es="Linear";ed="In";};["Left Arm"]={tm=.0169;cf=cfr(-.729,-.634,-.443,.102,.596,-.796,-.71,.604,.361,.696,.529,.485);es="Linear";ed="In";};["Right Arm"]={tm=.0169;cf=cfr(.667,-.558,-.166,-.513,-.092,.854,.853,.058,.518,-.097,.994,.048);es="Linear";ed="In";};["Right Leg"]={tm=.0169;cf=cfr(.42,.42,.128,.839,-.268,-.473,.251,.963,-.1,.482,-.035,.875);es="Linear";ed="In";};};{tm=.817;["Torso"]={tm=.0160;cf=cfr(-.165,-.098,-.456,.561,.687,-.463,-.827,.435,-.357,-.044,.583,.812);es="Linear";ed="In";};["Left Leg"]={tm=.0160;cf=cfr(-.538,.432,.155,.623,.776,-.095,-.776,.629,.052,.1,.041,.994);es="Linear";ed="In";};["Head"]={tm=.0160;cf=cfr(0,0,0,.666,-.717,.208,.744,.66,-.106,-.061,.225,.972);es="Linear";ed="In";};["Left Arm"]={tm=.0160;cf=cfr(-.729,-.635,-.443,.1,.596,-.797,-.712,.603,.361,.695,.531,.485);es="Linear";ed="In";};["Right Arm"]={tm=.0160;cf=cfr(.667,-.558,-.166,-.515,-.093,.852,.852,.057,.521,-.097,.994,.05);es="Linear";ed="In";};["Right Leg"]={tm=.0160;cf=cfr(.419,.42,.128,.839,-.267,-.473,.251,.963,-.099,.482,-.035,.875);es="Linear";ed="In";};};{tm=.833;["Torso"]={tm=.0170;cf=cfr(-.165,-.098,-.456,.561,.687,-.462,-.827,.435,-.357,-.044,.582,.812);es="Linear";ed="In";};["Left Leg"]={tm=.0170;cf=cfr(-.538,.431,.155,.624,.776,-.096,-.775,.629,.052,.1,.042,.994);es="Linear";ed="In";};["Head"]={tm=.0170;cf=cfr(0,0,0,.666,-.716,.209,.744,.66,-.107,-.061,.226,.972);es="Linear";ed="In";};["Left Arm"]={tm=.0170;cf=cfr(-.73,-.635,-.444,.099,.596,-.797,-.713,.601,.361,.694,.532,.484);es="Linear";ed="In";};["Right Arm"]={tm=.0170;cf=cfr(.667,-.558,-.166,-.517,-.095,.851,.851,.055,.523,-.097,.994,.052);es="Linear";ed="In";};["Right Leg"]={tm=.0170;cf=cfr(.419,.42,.127,.84,-.267,-.473,.25,.963,-.098,.482,-.036,.875);es="Linear";ed="In";};};{tm=.85;["Torso"]={tm=.0170;cf=cfr(-.165,-.098,-.456,.561,.687,-.462,-.826,.436,-.356,-.043,.581,.812);es="Linear";ed="In";};["Left Leg"]={tm=.0170;cf=cfr(-.538,.431,.155,.624,.775,-.096,-.775,.63,.051,.1,.043,.994);es="Linear";ed="In";};["Head"]={tm=.0170;cf=cfr(0,0,0,.666,-.716,.21,.744,.66,-.108,-.061,.228,.972);es="Linear";ed="In";};["Left Arm"]={tm=.0170;cf=cfr(-.73,-.636,-.444,.098,.596,-.797,-.714,.6,.36,.693,.534,.484);es="Linear";ed="In";};["Right Arm"]={tm=.0170;cf=cfr(.667,-.558,-.166,-.519,-.096,.849,.849,.054,.525,-.096,.994,.053);es="Linear";ed="In";};["Right Leg"]={tm=.0170;cf=cfr(.418,.42,.127,.84,-.266,-.474,.25,.963,-.097,.482,-.037,.875);es="Linear";ed="In";};};{tm=.867;["Torso"]={tm=.0160;cf=cfr(-.165,-.098,-.456,.562,.687,-.461,-.826,.437,-.356,-.043,.581,.813);es="Linear";ed="In";};["Left Leg"]={tm=.0160;cf=cfr(-.539,.431,.155,.625,.774,-.097,-.774,.631,.05,.1,.044,.994);es="Linear";ed="In";};["Head"]={tm=.0160;cf=cfr(0,0,0,.666,-.716,.211,.744,.66,-.108,-.061,.229,.972);es="Linear";ed="In";};["Left Arm"]={tm=.0160;cf=cfr(-.731,-.636,-.445,.097,.595,-.798,-.715,.599,.36,.692,.536,.484);es="Linear";ed="In";};["Right Arm"]={tm=.0160;cf=cfr(.667,-.558,-.166,-.521,-.097,.848,.848,.053,.527,-.096,.994,.055);es="Linear";ed="In";};["Right Leg"]={tm=.0160;cf=cfr(.417,.419,.126,.84,-.265,-.474,.25,.963,-.096,.482,-.037,.875);es="Linear";ed="In";};};{tm=.883;["Torso"]={tm=.0170;cf=cfr(-.165,-.098,-.455,.562,.687,-.46,-.826,.438,-.355,-.042,.58,.814);es="Linear";ed="In";};["Left Leg"]={tm=.0170;cf=cfr(-.539,.431,.155,.626,.773,-.098,-.773,.632,.05,.1,.044,.994);es="Linear";ed="In";};["Head"]={tm=.0170;cf=cfr(0,0,0,.666,-.716,.211,.744,.66,-.109,-.061,.23,.971);es="Linear";ed="In";};["Left Arm"]={tm=.0170;cf=cfr(-.731,-.637,-.445,.096,.595,-.798,-.717,.597,.36,.691,.537,.484);es="Linear";ed="In";};["Right Arm"]={tm=.0170;cf=cfr(.667,-.558,-.166,-.523,-.098,.847,.847,.051,.529,-.096,.994,.056);es="Linear";ed="In";};["Right Leg"]={tm=.0170;cf=cfr(.416,.419,.126,.84,-.264,-.474,.249,.964,-.095,.482,-.038,.875);es="Linear";ed="In";};};{tm=.9;["Torso"]={tm=.0170;cf=cfr(-.165,-.098,-.455,.563,.687,-.459,-.826,.439,-.354,-.042,.579,.814);es="Linear";ed="In";};["Left Leg"]={tm=.0170;cf=cfr(-.539,.43,.155,.627,.772,-.099,-.772,.633,.049,.1,.045,.994);es="Linear";ed="In";};["Head"]={tm=.0170;cf=cfr(0,0,0,.666,-.715,.212,.744,.659,-.11,-.061,.231,.971);es="Linear";ed="In";};["Left Arm"]={tm=.0170;cf=cfr(-.732,-.637,-.446,.094,.595,-.798,-.718,.596,.36,.69,.539,.483);es="Linear";ed="In";};["Right Arm"]={tm=.0170;cf=cfr(.667,-.558,-.166,-.525,-.1,.845,.846,.05,.531,-.095,.994,.058);es="Linear";ed="In";};["Right Leg"]={tm=.0170;cf=cfr(.415,.419,.125,.84,-.263,-.474,.249,.964,-.094,.482,-.039,.875);es="Linear";ed="In";};};{tm=.917;["Torso"]={tm=.0160;cf=cfr(-.164,-.097,-.455,.563,.688,-.459,-.825,.44,-.354,-.041,.578,.815);es="Linear";ed="In";};["Left Leg"]={tm=.0160;cf=cfr(-.54,.43,.155,.629,.771,-.1,-.771,.635,.048,.1,.047,.994);es="Linear";ed="In";};["Head"]={tm=.0160;cf=cfr(0,0,0,.666,-.715,.213,.744,.659,-.111,-.061,.232,.971);es="Linear";ed="In";};["Left Arm"]={tm=.0160;cf=cfr(-.732,-.638,-.446,.093,.595,-.798,-.719,.595,.359,.689,.54,.483);es="Linear";ed="In";};["Right Arm"]={tm=.0160;cf=cfr(.667,-.558,-.166,-.526,-.101,.844,.845,.049,.533,-.095,.994,.059);es="Linear";ed="In";};["Right Leg"]={tm=.0160;cf=cfr(.414,.418,.124,.84,-.262,-.475,.248,.964,-.093,.482,-.04,.875);es="Linear";ed="In";};};{tm=.933;["Torso"]={tm=.0169;cf=cfr(-.164,-.097,-.455,.564,.688,-.458,-.825,.441,-.353,-.041,.577,.816);es="Linear";ed="In";};["Left Leg"]={tm=.0169;cf=cfr(-.54,.43,.155,.63,.77,-.101,-.77,.636,.047,.1,.048,.994);es="Linear";ed="In";};["Head"]={tm=.0169;cf=cfr(0,0,0,.666,-.715,.214,.744,.659,-.111,-.061,.233,.971);es="Linear";ed="In";};["Left Arm"]={tm=.0169;cf=cfr(-.733,-.638,-.446,.093,.595,-.799,-.72,.594,.359,.688,.541,.483);es="Linear";ed="In";};["Right Arm"]={tm=.0169;cf=cfr(.667,-.558,-.166,-.528,-.102,.843,.844,.048,.534,-.095,.994,.06);es="Linear";ed="In";};["Right Leg"]={tm=.0169;cf=cfr(.412,.418,.124,.84,-.261,-.475,.248,.964,-.091,.482,-.041,.875);es="Linear";ed="In";};};{tm=.95;["Torso"]={tm=.0170;cf=cfr(-.164,-.097,-.454,.564,.688,-.457,-.825,.442,-.352,-.04,.575,.817);es="Linear";ed="In";};["Left Leg"]={tm=.0170;cf=cfr(-.541,.429,.155,.631,.769,-.102,-.769,.638,.046,.1,.049,.994);es="Linear";ed="In";};["Head"]={tm=.0170;cf=cfr(0,0,0,.666,-.715,.214,.744,.659,-.112,-.061,.234,.97);es="Linear";ed="In";};["Left Arm"]={tm=.0170;cf=cfr(-.733,-.639,-.447,.092,.595,-.799,-.72,