-- // converted using mech's animoduler
local cfr = CFrame.new

return {{tm=0;["Torso"]={tm=.067;cf=cfr(0,0,-.308,.188,.912,-.364,-.965,.102,-.243,-.185,.397,.899);es="Linear";ed="In";};["Left Leg"]={tm=.067;cf=cfr(-.466,.533,.161,.882,.468,.06,-.464,.839,.285,.083,-.279,.957);es="Linear";ed="In";};["Head"]={tm=.067;cf=cfr(0,0,0,.256,-.955,.15,.943,.281,.177,-.212,.096,.973);es="Linear";ed="In";};["Left Arm"]={tm=.067;cf=cfr(.842,-.514,-.232,.586,.639,-.497,-.661,.733,.163,.469,.233,.852);es="Linear";ed="In";};["Right Arm"]={tm=.067;cf=cfr(.135,-.38,.038,.906,-.39,.166,.39,.92,.032,-.165,.036,.986);es="Linear";ed="In";};["Right Leg"]={tm=.1;cf=cfr(.311,.146,.062,.859,-.145,-.491,.071,.984,-.166,.507,.108,.855);es="Linear";ed="In";};};{tm=.067;["Torso"]={tm=.0829;cf=cfr(-.078,-.035,-.347,.431,.831,-.351,-.9,.367,-.237,-.069,.418,.906);es="Linear";ed="In";};["Left Leg"]={tm=.0829;cf=cfr(-.489,.501,.163,.81,.584,-.059,-.575,.809,.124,.12,-.066,.991);es="Linear";ed="In";};["Head"]={tm=.0829;cf=cfr(0,0,0,.356,-.935,-.01,.884,.333,.327,-.303,-.126,.945);es="Linear";ed="In";};["Left Arm"]={tm=.0829;cf=cfr(.811,-.294,-.003,.462,.526,-.714,-.608,.774,.176,.645,.353,.678);es="Linear";ed="In";};["Right Arm"]={tm=.0829;cf=cfr(.249,-.301,.006,.806,-.591,-.037,.548,.72,.425,-.224,-.363,.904);es="Linear";ed="In";};};{tm=.1;["Right Leg"]={tm=.1169;cf=cfr(.338,.398,.081,.871,-.032,-.49,.029,.999,-.013,.49,-.003,.872);es="Linear";ed="In";};};{tm=.15;["Torso"]={tm=.067;cf=cfr(-.147,-.085,-.443,.617,.706,-.347,-.785,.525,-.328,-.049,.475,.879);es="Linear";ed="In";};["Left Leg"]={tm=.067;cf=cfr(-.553,.427,.159,.744,.657,-.12,-.658,.752,.038,.115,.051,.992);es="Linear";ed="In";};["Head"]={tm=.067;cf=cfr(0,0,0,.424,-.894,.147,.762,.44,.475,-.49,-.089,.867);es="Linear";ed="In";};["Left Arm"]={tm=.067;cf=cfr(.649,-.15,-.02,.421,.895,-.149,-.907,.419,-.051,.017,.157,.988);es="Linear";ed="In";};["Right Arm"]={tm=.067;cf=cfr(.477,-.231,-.127,.862,-.5,-.089,.472,.725,.501,-.186,-.474,.861);es="Linear";ed="In";};};{tm=.217;["Torso"]={tm=.1;cf=cfr(-.168,-.101,-.46,.68,.612,-.403,-.733,.572,-.369,.005,.547,.837);es="Linear";ed="In";};["Left Leg"]={tm=.1;cf=cfr(-.629,.363,.144,.657,.729,-.191,-.746,.665,-.025,.109,.159,.981);es="Linear";ed="In";};["Head"]={tm=.1;cf=cfr(0,0,0,.504,-.851,.151,.774,.522,.358,-.384,-.064,.921);es="Linear";ed="In";};["Left Arm"]={tm=.1;cf=cfr(.16,-.084,-.037,.84,.521,-.149,-.533,.844,-.051,.099,.122,.988);es="Linear";ed="In";};["Right Arm"]={tm=.1;cf=cfr(.477,-.231,-.127,.238,-.692,.682,.85,.488,.199,-.471,.532,.704);es="Linear";ed="In";};["Right Leg"]={tm=.1;cf=cfr(.338,.398,.081,.851,-.197,-.487,.211,.977,-.026,.481,-.081,.873);es="Linear";ed="In";};};{tm=.317;["Torso"]={tm=.0830;cf=cfr(-.222,-.14,-.511,.683,.594,-.425,-.729,.523,-.442,-.04,.612,.79);es="Linear";ed="In";};["Left Leg"]={tm=.0830;cf=cfr(-.549,.423,.155,.591,.794,-.142,-.801,.599,.013,.095,.106,.99);es="Linear";ed="In";};["Head"]={tm=.0830;cf=cfr(0,0,0,.653,-.745,.135,.749,.662,.028,-.111,.083,.99);es="Linear";ed="In";};["Left Arm"]={tm=.0830;cf=cfr(-.6,-.53,-.385,.224,.741,-.633,-.625,.607,.49,.747,.286,.6);es="Linear";ed="In";};["Right Arm"]={tm=.0830;cf=cfr(.557,-.361,-.186,-.397,-.282,.873,.879,.158,.451,-.265,.946,.186);es="Linear";ed="In";};["Right Leg"]={tm=.0830;cf=cfr(.362,.405,.095,.851,-.243,-.466,.211,.97,-.119,.481,.003,.877);es="Linear";ed="In";};};{tm=.4;["Torso"]={tm=.133;cf=cfr(-.214,-.138,-.505,.674,.602,-.429,-.737,.5,-.456,-.06,.623,.78);es="Linear";ed="In";};["Left Leg"]={tm=.133;cf=cfr(-.549,.423,.155,.573,.811,-.118,-.814,.58,.029,.092,.08,.993);es="Linear";ed="In";};["Head"]={tm=.133;cf=cfr(0,0,0,.703,-.697,.142,.711,.697,-.094,-.033,.167,.985);es="Linear";ed="In";};["Left Arm"]={tm=.133;cf=cfr(-.735,-.538,-.509,.134,.794,-.593,-.687,.506,.521,.714,.337,.614);es="Linear";ed="In";};["Right Arm"]={tm=.133;cf=cfr(.595,-.433,-.172,-.464,-.049,.885,.87,.165,.465,-.168,.985,-.034);es="Linear";ed="In";};["Right Leg"]={tm=.133;cf=cfr(.362,.405,.095,.847,-.27,-.458,.226,.963,-.149,.481,.023,.876);es="Linear";ed="In";};};{tm=.533;["Torso"]={tm=.0839;cf=cfr(-.154,-.091,-.446,.601,.665,-.443,-.797,.455,-.398,-.064,.592,.803);es="Linear";ed="In";};["Left Leg"]={tm=.0839;cf=cfr(-.551,.422,.155,.602,.794,-.086,-.793,.607,.054,.095,.036,.995);es="Linear";ed="In";};["Head"]={tm=.1999;cf=cfr(0,0,0,.688,-.705,.174,.726,.671,-.15,-.012,.229,.973);es="Linear";ed="In";};["Left Arm"]={tm=.0839;cf=cfr(-.729,-.579,-.468,.109,.688,-.717,-.703,.564,.434,.703,.457,.545);es="Linear";ed="In";};["Right Arm"]={tm=.0839;cf=cfr(.633,-.5,-.166,-.491,-.076,.868,.861,.109,.496,-.133,.991,.012);es="Linear";ed="In";};["Right Leg"]={tm=.0839;cf=cfr(.362,.405,.095,.83,-.32,-.456,.279,.947,-.157,.482,.003,.876);es="Linear";ed="In";};};{tm=.617;["Torso"]={tm=.1159;cf=cfr(-.154,-.091,-.446,.591,.685,-.426,-.806,.478,-.348,-.035,.549,.835);es="Linear";ed="In";};["Left Leg"]={tm=.1159;cf=cfr(-.556,.417,.154,.656,.745,-.122,-.748,.663,.027,.101,.074,.992);es="Linear";ed="In";};["Left Arm"]={tm=.1159;cf=cfr(-.723,-.619,-.428,.109,.604,-.789,-.703,.608,.368,.703,.515,.491);es="Linear";ed="In";};["Right Arm"]={tm=.1159;cf=cfr(.649,-.527,-.17,-.491,-.065,.868,.861,.113,.496,-.13,.991,0);es="Linear";ed="In";};["Right Leg"]={tm=.1159;cf=cfr(.362,.405,.095,.843,-.248,-.477,.24,.968,-.08,.482,-.047,.875);es="Linear";ed="In";};};{tm=.733;["Torso"]={tm=0;cf=cfr(-.154,-.091,-.446,.583,.694,-.423,-.812,.485,-.324,-.02,.533,.846);es="Sine";ed="InOut";};["Left Leg"]={tm=0;cf=cfr(-.556,.417,.154,.678,.722,-.138,-.728,.685,.012,.103,.093,.99);es="Sine";ed="InOut";};["Head"]={tm=0;cf=cfr(0,0,0,.666,-.719,.199,.744,.661,-.098,-.061,.214,.975);es="Sine";ed="InOut";};["Left Arm"]={tm=0;cf=cfr(-.724,-.63,-.439,.112,.598,-.794,-.7,.615,.364,.705,.515,.487);es="Sine";ed="InOut";};["Right Arm"]={tm=0;cf=cfr(.667,-.558,-.166,-.495,-.081,.865,.863,.069,.501,-.1,.994,.035);es="Sine";ed="InOut";};["Right Leg"]={tm=0;cf=cfr(.362,.405,.095,.846,-.215,-.489,.228,.973,-.034,.483,-.083,.872);es="Sine";ed="InOut";};};}