-- // converted using mech's animoduler
local cfr = CFrame.new

return {{tm=0;["Stand Torso"]={tm=.017;cf=cfr(1.766,.782,.428,.651,.059,.756,-.555,.717,.422,-.518,-.694,.5);es="Sine";ed="In";};["Stand Right Leg"]={tm=.017;cf=cfr(0,0,0,.754,.643,-.133,-.633,.766,.112,.174,0,.985);es="Sine";ed="In";};["Stand Right Arm"]={tm=.017;cf=cfr(0,0,0,.94,-.337,.059,.342,.925,-.163,0,.174,.985);es="Sine";ed="In";};["Stand Left Arm"]={tm=.017;cf=cfr(0,0,0,.868,.479,.13,-.489,.778,.396,.089,-.407,.909);es="Sine";ed="In";};["Stand Left Leg"]={tm=.017;cf=cfr(-.5,.5,0,.906,-.423,0,.423,.906,0,0,0,1);es="Sine";ed="In";};["Stand Head"]={tm=.017;cf=cfr(0,0,0,.966,.259,0,-.259,.966,0,0,0,1);es="Sine";ed="In";};};{tm=.017;["Stand Torso"]={tm=.016;cf=cfr(1.755,.779,.406,.658,.055,.751,-.549,.717,.429,-.515,-.695,.502);es="Linear";ed="In";};["Stand Right Leg"]={tm=.016;cf=cfr(-.002,0,-.001,.751,.646,-.135,-.636,.763,.112,.175,.002,.985);es="Linear";ed="In";};["Stand Right Arm"]={tm=.016;cf=cfr(0,0,0,.941,-.332,.058,.337,.928,-.16,-.001,.17,.985);es="Linear";ed="In";};["Stand Left Arm"]={tm=.016;cf=cfr(-.001,0,0,.866,.483,.131,-.492,.775,.397,.09,-.409,.908);es="Linear";ed="In";};["Stand Left Leg"]={tm=.016;cf=cfr(-.504,.502,.002,.907,-.421,0,.421,.907,.001,-.001,-.001,1);es="Linear";ed="In";};["Stand Head"]={tm=.016;cf=cfr(0,0,0,.966,.257,0,-.257,.966,.004,.001,-.004,1);es="Linear";ed="In";};};{tm=.033;["Stand Torso"]={tm=.017;cf=cfr(1.723,.77,.341,.678,.045,.734,-.533,.717,.449,-.506,-.696,.51);es="Linear";ed="In";};["Stand Right Leg"]={tm=.017;cf=cfr(-.006,.001,-.003,.741,.656,-.141,-.647,.755,.111,.179,.009,.984);es="Linear";ed="In";};["Stand Right Arm"]={tm=.017;cf=cfr(0,0,0,.946,-.319,.054,.323,.935,-.149,-.003,.159,.987);es="Linear";ed="In";};["Stand Left Arm"]={tm=.017;cf=cfr(-.004,-.002,0,.859,.493,.136,-.502,.766,.402,.094,-.413,.906);es="Linear";ed="In";};["Stand Left Leg"]={tm=.017;cf=cfr(-.515,.509,.006,.909,-.417,.001,.417,.909,.003,-.002,-.002,1);es="Linear";ed="In";};["Stand Head"]={tm=.017;cf=cfr(0,0,0,.968,.251,0,-.251,.968,.017,.005,-.016,1);es="Linear";ed="In";};};{tm=.05;["Stand Torso"]={tm=.017;cf=cfr(1.67,.754,.234,.709,.027,.705,-.506,.716,.481,-.492,-.698,.521);es="Linear";ed="In";};["Stand Right Leg"]={tm=.017;cf=cfr(-.014,.002,-.006,.725,.672,-.151,-.663,.741,.111,.186,.019,.982);es="Linear";ed="In";};["Stand Right Arm"]={tm=.017;cf=cfr(0,0,0,.954,-.296,.047,.299,.945,-.132,-.005,.14,.99);es="Linear";ed="In";};["Stand Left Arm"]={tm=.017;cf=cfr(-.01,-.004,.001,.848,.51,.143,-.519,.75,.409,.101,-.421,.901);es="Linear";ed="In";};["Stand Left Leg"]={tm=.017;cf=cfr(-.534,.52,.013,.912,-.41,.003,.41,.912,.007,-.005,-.005,1);es="Linear";ed="In";};["Stand Head"]={tm=.017;cf=cfr(0,0,0,.97,.241,-.001,-.241,.97,.037,.01,-.036,.999);es="Linear";ed="In";};};{tm=.067;["Stand Torso"]={tm=.016;cf=cfr(1.597,.734,.088,.749,.003,.663,-.466,.713,.523,-.471,-.701,.536);es="Linear";ed="In";};["Stand Right Leg"]={tm=.016;cf=cfr(-.025,.004,-.011,.703,.692,-.164,-.684,.721,.111,.195,.034,.98);es="Linear";ed="In";};["Stand Right Arm"]={tm=.016;cf=cfr(0,0,0,.964,-.263,.038,.266,.958,-.108,-.008,.115,.993);es="Linear";ed="In";};["Stand Left Arm"]={tm=.016;cf=cfr(-.017,-.007,.002,.833,.532,.152,-.542,.729,.418,.111,-.431,.896);es="Linear";ed="In";};["Stand Left Leg"]={tm=.016;cf=cfr(-.56,.536,.023,.916,-.401,.004,.401,.916,.012,-.009,-.009,1);es="Linear";ed="In";};["Stand Head"]={tm=.016;cf=cfr(0,0,0,.974,.228,-.003,-.227,.972,.065,.017,-.063,.998);es="Linear";ed="In";};};{tm=.083;["Stand Torso"]={tm=.017;cf=cfr(1.507,.708,-.094,.795,-.026,.607,-.414,.708,.572,-.444,-.706,.552);es="Linear";ed="In";};["Stand Right Leg"]={tm=.017;cf=cfr(-.038,.006,-.017,.674,.717,-.18,-.71,.695,.112,.205,.052,.977);es="Linear";ed="In";};["Stand Right Arm"]={tm=.017;cf=cfr(0,0,0,.975,-.222,.029,.224,.972,-.078,-.01,.082,.997);es="Linear";ed="In";};["Stand Left Arm"]={tm=.017;cf=cfr(-.027,-.011,.002,.812,.56,.165,-.57,.7,.429,.125,-.443,.888);es="Linear";ed="In";};["Stand Left Leg"]={tm=.017;cf=cfr(-.591,.554,.035,.921,-.39,.007,.39,.921,.018,-.014,-.014,1);es="Linear";ed="In";};["Stand Head"]={tm=.017;cf=cfr(0,0,0,.977,.211,-.005,-.21,.973,.1,.026,-.097,.995);es="Linear";ed="In";};};{tm=.1;["Stand Torso"]={tm=.017;cf=cfr(1.402,.678,-.306,.842,-.06,.536,-.348,.699,.624,-.412,-.712,.568);es="Linear";ed="In";};["Stand Right Leg"]={tm=.017;cf=cfr(-.053,.008,-.024,.639,.743,-.198,-.738,.665,.113,.216,.074,.974);es="Linear";ed="In";};["Stand Right Arm"]={tm=.017;cf=cfr(0,0,0,.985,-.172,.019,.173,.984,-.04,-.011,.043,.999);es="Linear";ed="In";};["Stand Left Arm"]={tm=.017;cf=cfr(-.038,-.015,.003,.786,.591,.181,-.602,.665,.442,.141,-.456,.879);es="Linear";ed="In";};["Stand Left Leg"]={tm=.017;cf=cfr(-.627,.576,.049,.926,-.377,.01,.376,.926,.026,-.019,-.02,1);es="Linear";ed="In";};["Stand Head"]={tm=.017;cf=cfr(0,0,0,.981,.192,-.008,-.188,.972,.141,.035,-.137,.99);es="Linear";ed="In";};};{tm=.117;["Stand Torso"]={tm=.016;cf=cfr(1.284,.644,-.545,.887,-.096,.451,-.27,.686,.675,-.374,-.721,.583);es="Linear";ed="In";};["Stand Right Leg"]={tm=.016;cf=cfr(-.07,.01,-.031,.599,.771,-.219,-.768,.63,.116,.227,.099,.969);es="Linear";ed="In";};["Stand Right Arm"]={tm=.016;cf=cfr(0,0,0,.993,-.114,.01,.113,.994,.003,-.01,-.002,1);es="Linear";ed="In";};["Stand Left Arm"]={tm=.016;cf=cfr(-.051,-.02,.005,.754,.626,.2,-.637,.622,.455,.16,-.47,.868);es="Linear";ed="In";};["Stand Left Leg"]={tm=.016;cf=cfr(-.667,.6,.065,.932,-.362,.013,.361,.932,.034,-.025,-.027,.999);es="Linear";ed="In";};["Stand Head"]={tm=.016;cf=cfr(0,0,0,.985,.169,-.013,-.164,.969,.187,.045,-.182,.982);es="Linear";ed="In";};};{tm=.133;["Stand Torso"]={tm=.0169;cf=cfr(1.156,.607,-.803,.926,-.133,.354,-.18,.668,.722,-.333,-.732,.595);es="Linear";ed="In";};["Stand Right Leg"]={tm=.0169;cf=cfr(-.088,.013,-.039,.554,.797,-.24,-.798,.591,.12,.237,.125,.963);es="Linear";ed="In";};["Stand Right Arm"]={tm=.0169;cf=cfr(0,0,0,.999,-.048,.003,.047,.998,.052,-.005,-.052,.999);es="Linear";ed="In";};["Stand Left Arm"]={tm=.0169;cf=cfr(-.066,-.026,.006,.717,.661,.222,-.673,.573,.468,.183,-.485,.855);es="Linear";ed="In";};["Stand Left Leg"]={tm=.0169;cf=cfr(-.71,.626,.082,.938,-.346,.017,.345,.938,.042,-.031,-.034,.999);es="Linear";ed="In";};["Stand Head"]={tm=.0169;cf=cfr(0,0,0,.989,.145,-.02,-.136,.962,.237,.054,-.232,.971);es="Linear";ed="In";};};{tm=.15;["Stand Torso"]={tm=.0170;cf=cfr(1.021,.568,-1.075,.954,-.169,.247,-.082,.645,.76,-.288,-.745,.602);es="Linear";ed="In";};["Stand Right Leg"]={tm=.0170;cf=cfr(-.107,.016,-.048,.506,.822,-.262,-.827,.549,.125,.246,.153,.957);es="Sine";ed="In";};["Stand Right Arm"]={tm=.0170;cf=cfr(0,0,0,1,.025,-.001,-.024,.994,.105,.003,-.105,.994);es="Linear";ed="In";};["Stand Left Arm"]={tm=.0170;cf=cfr(-.081,-.032,.007,.674,.697,.246,-.709,.516,.481,.208,-.498,.842);es="Linear";ed="In";};["Stand Left Leg"]={tm=.0170;cf=cfr(-.755,.652,.099,.944,-.33,.021,.328,.943,.051,-.037,-.041,.998);es="Sine";ed="In";};["Stand Head"]={tm=.0170;cf=cfr(0,0,0,.992,.12,-.028,-.107,.951,.289,.062,-.284,.957);es="Linear";ed="In";};};{tm=.167;["Stand Torso"]={tm=.0159;cf=cfr(.883,.529,-1.354,.97,-.203,.133,.022,.618,.786,-.242,-.76,.604);es="Sine";ed="Out";};["Stand Right Leg"]={tm=.0159;cf=cfr(-.108,.016,-.048,.508,.82,-.263,-.825,.551,.125,.247,.154,.957);es="Linear";ed="In";};["Stand Right Arm"]={tm=.0159;cf=cfr(0,0,0,.995,.102,-.001,-.1,.982,.162,.017,-.161,.987);es="Linear";ed="In";};["Stand Left Arm"]={tm=.0159;cf=cfr(-.098,-.038,.009,.626,.731,.273,-.744,.453,.492,.236,-.511,.827);es="Linear";ed="In";};["Stand Left Leg"]={tm=.0159;cf=cfr(-.756,.653,.097,.944,-.329,.019,.328,.943,.05,-.035,-.041,.999);es="Linear";ed="In";};["Stand Head"]={tm=.0159;cf=cfr(0,0,0,.995,.094,-.039,-.075,.936,.343,.068,-.338,.939);es="Linear";ed="In";};};{tm=.183;["Stand Torso"]={tm=.0170;cf=cfr(.745,.489,-1.554,.956,-.199,.216,-.032,.661,.75,-.292,-.724,.625);es="Linear";ed="In";};["Stand Right Leg"]={tm=.0170;cf=cfr(-.111,.016,-.049,.512,.816,-.267,-.821,.556,.126,.251,.155,.955);es="Linear";ed="In";};["Stand Right Arm"]={tm=.0170;cf=cfr(0,0,0,.983,.181,.004,-.178,.959,.221,.036,-.218,.975);es="Linear";ed="In";};["Stand Left Arm"]={tm=.0170;cf=cfr(-.116,-.045,.01,.573,.762,.302,-.775,.384,.501,.266,-.521,.811);es="Linear";ed="In";};["Stand Left Leg"]={tm=.0170;cf=cfr(-.76,.655,.09,.945,-.328,.014,.327,.944,.049,-.03,-.042,.999);es="Linear";ed="In";};["Stand Head"]={tm=.0170;cf=cfr(0,0,0,.996,.068,-.051,-.042,.917,.396,.073,-.392,.917);es="Sine";ed="In";};};{tm=.2;["Stand Torso"]={tm=.0169;cf=cfr(.61,.45,-1.75,.936,-.19,.295,-.081,.701,.709,-.341,-.688,.641);es="Linear";ed="In";};["Stand Right Leg"]={tm=.0169;cf=cfr(-.117,.017,-.052,.519,.81,-.273,-.815,.566,.128,.258,.156,.954);es="Linear";ed="In";};["Stand Right Arm"]={tm=.0169;cf=cfr(0,0,0,.965,.262,.014,-.255,.926,.279,.06,-.273,.96);es="Linear";ed="In";};["Stand Left Arm"]={tm=.0169;cf=cfr(-.134,-.052,.012,.516,.789,.333,-.803,.311,.508,.298,-.529,.794);es="Linear";ed="In";};["Stand Left Leg"]={tm=.0169;cf=cfr(-.768,.659,.079,.946,-.325,.006,.324,.945,.048,-.021,-.043,.999);es="Linear";ed="In";};["Stand Head"]={tm=.0169;cf=cfr(0,0,0,.996,.072,-.051,-.047,.919,.391,.076,-.388,.919);es="Linear";ed="In";};};{tm=.217;["Stand Torso"]={tm=.0160;cf=cfr(.482,.414,-1.936,.912,-.177,.369,-.125,.737,.664,-.389,-.652,.65);es="Linear";ed="In";};["Stand Right Leg"]={tm=.0160;cf=cfr(-.124,.018,-.055,.529,.8,-.281,-.806,.578,.129,.266,.158,.951);es="Linear";ed="In";};["Stand Right Arm"]={tm=.0160;cf=cfr(0,0,0,.94,.341,.03,-.33,.882,.337,.089,-.326,.941);es="Sine";ed="In";};["Stand Left Arm"]={tm=.0160;cf=cfr(-.152,-.059,.013,.456,.812,.364,-.826,.234,.513,.331,-.535,.778);es="Sine";ed="In";};["Stand Left Leg"]={tm=.0160;cf=cfr(-.777,.663,.064,.947,-.321,-.005,.321,.946,.045,-.009,-.045,.999);es="Linear";ed="In";};["Stand Head"]={tm=.0160;cf=cfr(0,0,0,.995,.086,-.054,-.059,.923,.379,.082,-.374,.924);es="Linear";ed="In";};};{tm=.233;["Stand Torso"]={tm=.0169;cf=cfr(.364,.38,-2.107,.886,-.162,.434,-.163,.768,.619,-.434,-.619,.654);es="Linear";ed="In";};["Stand Right Leg"]={tm=.0169;cf=cfr(-.133,.02,-.059,.541,.788,-.292,-.794,.594,.132,.277,.16,.947);es="Linear";ed="In";};["Stand Right Arm"]={tm=.0169;cf=cfr(.028,-.014,0,.954,.29,.07,-.296,.891,.344,.037,-.349,.937);es="Linear";ed="In";};["Stand Left Arm"]={tm=.0169;cf=cfr(-.129,-.063,.008,.444,.819,.364,-.83,.223,.511,.338,-.529,.779);es="Linear";ed="In";};["Stand Left Leg"]={tm=.0169;cf=cfr(-.79,.67,.045,.948,-.317,-.02,.317,.947,.042,.005,-.046,.999);es="Linear";ed="In";};["Stand Head"]={tm=.0169;cf=cfr(0,0,0,.993,.108,-.058,-.08,.93,.359,.092,-.351,.932);es="Linear";ed="In";};};{tm=.25;["Stand Torso"]={tm=.0170;cf=cfr(.259,.35,-2.26,.859,-.146,.49,-.193,.794,.576,-.474,-.59,.654);es="Linear";ed="In";};["Stand Right Leg"]={tm=.0170;cf=cfr(-.144,.021,-.064,.555,.774,-.304,-.779,.612,.134,.29,.163,.943);es="Linear";ed="In";};["Stand Right Arm"]={tm=.0170;cf=cfr(.111,-.057,.001,.974,.133,.185,-.195,.908,.371,-.118,-.397,.91);es="Linear";ed="In";};["Stand Left Arm"]={tm=.0170;cf=cfr(-.059,-.074,-.008,.406,.839,.363,-.841,.188,.507,.357,-.511,.782);es="Linear";ed="In";};["Stand Left Leg"]={tm=.0170;cf=cfr(-.805,.677,.023,.95,-.311,-.037,.313,.949,.039,.023,-.049,.999);es="Linear";ed="In";};["Stand Head"]={tm=.0170;cf=cfr(0,0,0,.988,.137,-.064,-.109,.937,.331,.105,-.32,.941);es="Linear";ed="In";};};{tm=.267;["Stand Torso"]={tm=.0159;cf=cfr(.169,.324,-2.391,.834,-.131,.536,-.217,.815,.537,-.508,-.564,.651);es="Linear";ed="In";};["Stand Right Leg"]={tm=.0159;cf=cfr(-.156,.023,-.069,.571,.757,-.319,-.763,.632,.136,.305,.165,.938);es="Linear";ed="In";};["Stand Right Arm"]={tm=.0159;cf=cfr(.245,-.126,.001,.928,-.131,.348,-.038,.898,.438,-.37,-.419,.829);es="Linear";ed="In";};["Stand Left Arm"]={tm=.0159;cf=cfr(.053,-.093,-.033,.344,.867,.361,-.856,.131,.501,.387,-.481,.787);es="Linear";ed="In";};["Stand Left Leg"]={tm=.0159;cf=cfr(-.823,.685,-.004,.951,-.305,-.058,.307,.951,.035,.044,-.051,.998);es="Linear";ed="In";};["Stand Head"]={tm=.0159;cf=cfr(0,0,0,.982,.173,-.072,-.145,.944,.297,.12,-.281,.952);es="Linear";ed="In";};};{tm=.283;["Stand Torso"]={tm=.0170;cf=cfr(.096,.303,-2.496,.812,-.117,.572,-.235,.831,.504,-.535,-.544,.647);es="Linear";ed="In";};["Stand Right Leg"]={tm=.0170;cf=cfr(-.169,.025,-.075,.586,.738,-.334,-.744,.654,.138,.321,.167,.932);es="Linear";ed="In";};["Stand Right Arm"]={tm=.0170;cf=cfr(.423,-.217,.002,.731,-.464,.5,.136,.818,.559,-.669,-.341,.661);es="Linear";ed="In";};["Stand Left Arm"]={tm=.0170;cf=cfr(.201,-.117,-.067,.258,.898,.357,-.868,.053,.493,.423,-.437,.794);es="Linear";ed="In";};["Stand Left Leg"]={tm=.0170;cf=cfr(-.842,.695,-.033,.951,-.298,-.08,.301,.953,.031,.067,-.053,.996);es="Linear";ed="In";};["Stand Head"]={tm=.0170;cf=cfr(0,0,0,.973,.214,-.084,-.186,.948,.257,.135,-.234,.963);es="Linear";ed="In";};};{tm=.3;["Stand Torso"]={tm=.0170;cf=cfr(.043,.288,-2.573,.795,-.106,.598,-.248,.842,.479,-.554,-.529,.643);es="Linear";ed="In";};["Stand Right Leg"]={tm=.0170;cf=cfr(-.184,.027,-.082,.603,.717,-.35,-.723,.676,.14,.338,.169,.926);es="Linear";ed="In";};["Stand Right Arm"]={tm=.0170;cf=cfr(.637,-.326,.003,.337,-.762,.553,.253,.64,.726,-.907,-.105,.408);es="Linear";ed="In";};["Stand Left Arm"]={tm=.0170;cf=cfr(.379,-.146,-.107,.152,.924,.351,-.874,-.04,.484,.461,-.38,.802);es="Linear";ed="In";};["Stand Left Leg"]={tm=.0170;cf=cfr(-.864,.705,-.066,.951,-.289,-.105,.294,.956,.026,.093,-.056,.994);es="Linear";ed="In";};["Stand Head"]={tm=.0170;cf=cfr(0,0,0,.961,.258,-.099,-.233,.949,.213,.149,-.181,.972);es="Linear";ed="In";};};{tm=.317;["Stand Torso"]={tm=.0160;cf=cfr(.011,.278,-2.62,.784,-.099,.613,-.255,.849,.463,-.566,-.519,.64);es="Linear";ed="In";};["Stand Right Leg"]={tm=.0160;cf=cfr(-.199,.029,-.088,.619,.694,-.368,-.701,.699,.141,.355,.17,.919);es="Linear";ed="In";};["Stand Right Arm"]={tm=.0160;cf=cfr(.874,-.448,.004,-.188,-.881,.434,.235,.389,.891,-.954,.269,.134);es="Linear";ed="In";};["Stand Left Arm"]={tm=.0160;cf=cfr(.578,-.178,-.152,.031,.939,.343,-.868,-.144,.475,.495,-.313,.811);es="Linear";ed="In";};["Stand Left Leg"]={tm=.0160;cf=cfr(-.887,.716,-.101,.951,-.281,-.132,.286,.958,.022,.12,-.058,.991);es="Linear";ed="In";};["Stand Head"]={tm=.0160;cf=cfr(0,0,0,.946,.303,-.117,-.282,.945,.166,.161,-.124,.979);es="Linear";ed="In";};};{tm=.333;["Stand Torso"]={tm=.0499;cf=cfr(0,.275,-2.636,.78,-.097,.618,-.257,.851,.458,-.57,-.516,.639);es="Linear";ed="In";};["Stand Right Leg"]={tm=.0499;cf=cfr(-.214,.031,-.095,.634,.67,-.385,-.677,.722,.142,.373,.171,.912);es="Linear";ed="In";};["Stand Right Arm"]={tm=.0499;cf=cfr(1.124,-.576,.006,-.668,-.729,.146,.055,.147,.988,-.742,.668,-.058);es="Linear";ed="In";};["Stand Left Arm"]={tm=.0499;cf=cfr(.787,-.212,-.199,-.096,.938,.333,-.848,-.253,.466,.522,-.237,.82);es="Linear";ed="In";};["Stand Left Leg"]={tm=.0169;cf=cfr(-.912,.728,-.138,.949,-.271,-.161,.277,.961,.017,.15,-.061,.987);es="Linear";ed="In";};["Stand Head"]={tm=.0499;cf=cfr(0,0,0,.927,.348,-.138,-.333,.935,.119,.171,-.064,.983);es="Linear";ed="In";};};{tm=.35;["Stand Left Leg"]={tm=.0170;cf=cfr(-.938,.74,-.178,.946,-.261,-.19,.268,.963,.013,.18,-.063,.982);es="Linear";ed="In";};};{tm=.367;["Stand Left Leg"]={tm=.0160;cf=cfr(-.965,.753,-.218,.943,-.25,-.221,.259,.966,.008,.211,-.065,.975);es="Linear";ed="In";};};{tm=.383;["Stand Torso"]={tm=.0499;cf=cfr(0,.275,-2.792,.889,.093,-.449,.134,.884,.447,.438,-.458,.773);es="Linear";ed="In";};["Stand Right Leg"]={tm=.1500;cf=cfr(.808,.088,-.018,.677,.732,-.08,-.725,.681,.097,.126,-.008,.992);es="Linear";ed="In";};["Stand Right Arm"]={tm=.0499;cf=cfr(.592,-.009,.073,-.023,-.999,-.039,.678,-.044,.733,-.734,-.01,.679);es="Linear";ed="In";};["Stand Left Arm"]={tm=.0499;cf=cfr(-1.243,-.022,.398,.544,.755,.367,-.201,-.307,.93,.815,-.58,-.015);es="Linear";ed="In";};["Stand Left Leg"]={tm=.0170;cf=cfr(-.992,.766,-.259,.938,-.24,-.252,.249,.969,.004,.243,-.066,.968);es="Linear";ed="In";};["Stand Head"]={tm=.0999;cf=cfr(0,0,0,.949,-.284,-.138,.3,.947,.119,.097,-.154,.983);es="Linear";ed="In";};};{tm=.4;["Stand Left Leg"]={tm=.0499;cf=cfr(-1.02,.78,-.301,.931,-.229,-.283,.238,.971,0,.275,-.068,.959);es="Linear";ed="In";};};{tm=.433;["Stand Torso"]={tm=.0499;cf=cfr(0,.275,-3.038,.955,-.078,-.287,.219,.837,.501,.202,-.541,.816);es="Linear";ed="In";};["Stand Right Arm"]={tm=.0499;cf=cfr(.059,.558,.14,-.764,.33,-.554,-.24,-.943,-.231,-.599,-.043,.8);es="Linear";ed="In";};["Stand Left Arm"]={tm=.1000;cf=cfr(-1.227,-.039,.052,-.252,.895,.367,.097,-.354,.93,.963,.27,.003);es="Linear";ed="In";};};{tm=.45;["Stand Left Leg"]={tm=.1499;cf=cfr(-.937,.841,.302,.952,.276,.135,-.29,.952,.1,-.101,-.135,.986);es="Linear";ed="In";};};{tm=.483;["Stand Torso"]={tm=.0500;cf=cfr(0,.317,-3.171,.983,-.107,-.149,.165,.867,.47,.079,-.486,.87);es="Linear";ed="In";};["Stand Right Arm"]={tm=.0500;cf=cfr(.059,.558,.14,-.757,.514,-.404,-.483,-.856,-.183,-.439,.057,.897);es="Linear";ed="In";};["Stand Head"]={tm=.0500;cf=cfr(0,0,0,.994,.023,.111,-.029,.998,.054,-.109,-.057,.992);es="Linear";ed="In";};};{tm=.533;["StandHumanoidRootPart"]={tm=.65;cf=cfr(0,0,1,1,0,0,0,1,0,0,0,1);es="Linear";ed="In";};["Stand Torso"]={tm=.0499;cf=cfr(0,.317,-3.171,.879,.118,.462,-.306,.882,.358,-.365,-.456,.812);es="Linear";ed="In";};["Stand Right Leg"]={tm=.134;cf=cfr(.364,-.308,.091,.677,.67,-.305,-.725,.678,-.121,.126,.303,.944);es="Linear";ed="In";};["Stand Right Arm"]={tm=.0499;cf=cfr(.759,.032,-.606,.319,-.936,.146,.665,.112,-.739,.675,.333,.658);es="Linear";ed="In";};["Stand Left Arm"]={tm=.0499;cf=cfr(.005,-.527,.626,.087,.863,.497,-.037,-.496,.868,.996,-.094,-.011);es="Linear";ed="In";};["Stand Head"]={tm=.0499;cf=cfr(0,0,0,.921,.276,.276,-.286,.958,-.003,-.265,-.077,.961);es="Linear";ed="In";};};{tm=.583;["Stand Torso"]={tm=.0500;cf=cfr(0,.256,-3.556,.722,.163,.673,-.442,.856,.267,-.533,-.49,.69);es="Linear";ed="In";};["Stand Right Arm"]={tm=.0500;cf=cfr(.538,-.024,-.353,.448,-.649,.616,.707,-.164,-.688,.547,.743,.385);es="Linear";ed="In";};["Stand Left Arm"]={tm=.0500;cf=cfr(.339,-.716,.753,-.267,.826,.497,.165,-.469,.868,.95,.313,-.011);es="Linear";ed="In";};["Stand Head"]={tm=.0500;cf=cfr(0,0,0,.864,.421,.276,-.437,.9,-.003,-.249,-.118,.961);es="Linear";ed="In";};};{tm=.6;["Stand Left Leg"]={tm=.0999;cf=cfr(-.937,.841,.302,.891,.173,-.419,-.278,.939,-.203,.358,.298,.885);es="Linear";ed="In";};};{tm=.633;["Stand Torso"]={tm=.0340;cf=cfr(0,.256,-4.063,.946,.102,.306,-.277,.743,.609,-.166,-.662,.731);es="Linear";ed="In";};["Stand Right Arm"]={tm=.0340;cf=cfr(1.127,.561,-.251,-.067,-.785,.616,.441,-.577,-.688,.895,.225,.385);es="Linear";ed="In";};["Stand Left Arm"]={tm=.0340;cf=cfr(.218,-.647,.707,-.267,.646,.715,.165,-.701,.694,.95,.303,.08);es="Linear";ed="In";};["Stand Head"]={tm=.0340;cf=cfr(0,0,0,.941,.241,.239,-.299,.922,.247,-.161,-.304,.939);es="Linear";ed="In";};};{tm=.667;["Stand Torso"]={tm=.0499;cf=cfr(0,.111,-4.706,.889,.32,-.327,.04,.658,.752,.456,-.682,.572);es="Linear";ed="In";};["Stand Right Leg"]={tm=.133;cf=cfr(.759,-.159,-.027,.524,.836,.162,-.831,.46,.314,.188,-.299,.936);es="Linear";ed="In";};["Stand Right Arm"]={tm=.0499;cf=cfr(.27,-.068,-.005,-.918,-.304,.255,.009,-.658,-.753,.396,-.689,.607);es="Linear";ed="In";};["Stand Left Arm"]={tm=.0499;cf=cfr(-.595,-.138,.722,.494,.592,.637,-.272,-.59,.76,.826,-.549,-.13);es="Linear";ed="In";};["Stand Head"]={tm=.0499;cf=cfr(0,0,0,.916,-.389,.102,.305,.837,.454,-.262,-.384,.885);es="Linear";ed="In";};};{tm=.7;["Stand Left Leg"]={tm=.0330;cf=cfr(-.937,.841,.302,.828,.433,-.358,-.487,.87,-.073,.28,.235,.931);es="Linear";ed="In";};};{tm=.717;["Stand Torso"]={tm=.0500;cf=cfr(0,.055,-5.156,.919,.185,-.348,.003,.879,.477,.394,-.439,.807);es="Linear";ed="In";};["Stand Right Arm"]={tm=.0500;cf=cfr(-.262,-.291,-.075,.288,-.9,-.326,.841,.076,.535,-.457,-.429,.779);es="Linear";ed="In";};["Stand Left Arm"]={tm=.0500;cf=cfr(-.595,-.138,.722,.231,.94,.251,-.224,-.2,.954,.947,-.276,.164);es="Linear";ed="In";};["Stand Head"]={tm=.0500;cf=cfr(0,0,0,.921,-.362,.142,.349,.931,.11,-.172,-.052,.984);es="Linear";ed="In";};};{tm=.733;["Stand Left Leg"]={tm=.0999;cf=cfr(-.532,.475,.158,.717,.666,.203,-.648,.745,-.156,-.255,-.019,.967);es="Linear";ed="In";};};{tm=.767;["Stand Torso"]={tm=.0330;cf=cfr(0,.055,-5.469,.939,.323,-.121,-.221,.832,.509,.265,-.451,.852);es="Linear";ed="In";};["Stand Right Arm"]={tm=.0330;cf=cfr(.073,-.436,.51,.671,-.485,-.561,.712,.21,.671,-.207,-.849,.486);es="Linear";ed="In";};["Stand Left Arm"]={tm=.0330;cf=cfr(-.131,-.384,.716,-.068,.883,.464,-.152,-.469,.87,.986,-.012,.166);es="Linear";ed="In";};["Stand Head"]={tm=.0330;cf=cfr(0,0,0,.979,-.062,.193,.04,.993,.112,-.199,-.102,.975);es="Linear";ed="In";};};{tm=.8;["Stand Torso"]={tm=.0329;cf=cfr(0,.055,-5.469,.678,.449,.582,-.536,.844,-.026,-.503,-.295,.813);es="Linear";ed="In";};["Stand Right Leg"]={tm=.1499;cf=cfr(.201,-.026,.025,.689,.707,.162,-.715,.625,.314,.12,-.332,.936);es="Linear";ed="In";};["Stand Right Arm"]={tm=.0329;cf=cfr(.549,-.322,.32,.907,-.408,-.108,.216,.229,.949,-.362,-.884,.296);es="Linear";ed="In";};["Stand Left Arm"]={tm=.0329;cf=cfr(-.131,-.384,.716,-.547,.773,.321,-.192,-.489,.851,.815,.404,.416);es="Linear";ed="In";};["Stand Head"]={tm=.0329;cf=cfr(0,0,0,.749,.513,.419,-.548,.836,-.043,-.372,-.198,.907);es="Linear";ed="In";};};{tm=.833;["Stand Torso"]={tm=.0500;cf=cfr(0,.055,-5.853,.394,.483,.782,-.349,.866,-.358,-.85,-.132,.509);es="Linear";ed="In";};["Stand Right Arm"]={tm=.0500;cf=cfr(.735,-.627,.034,.619,-.778,-.108,.297,.105,.949,-.727,-.619,.296);es="Linear";ed="In";};["Stand Left Arm"]={tm=.0500;cf=cfr(-.131,-.384,.716,-.238,.97,.058,-.353,-.142,.925,.905,.199,.376);es="Linear";ed="In";};["Stand Left Leg"]={tm=.0670;cf=cfr(-.532,.475,.158,.933,.298,.203,-.27,.95,-.156,-.239,.091,.967);es="Linear";ed="In";};["Stand Head"]={tm=.0840;cf=cfr(0,0,0,.749,.625,.22,-.548,.771,-.324,-.372,.123,.92);es="Linear";ed="In";};};{tm=.883;["Stand Torso"]={tm=.0340;cf=cfr(0,.115,-6.265,.579,.439,.687,-.32,.897,-.304,-.75,-.043,.66);es="Linear";ed="In";};["Stand Right Arm"]={tm=.0340;cf=cfr(.669,-.69,.052,-.44,-.714,-.545,.221,-.674,.705,-.87,.189,.455);es="Linear";ed="In";};["Stand Left Arm"]={tm=.0340;cf=cfr(-.131,-.384,.716,-.548,.834,-.066,-.285,-.112,.952,.786,.541,.299);es="Linear";ed="In";};};{tm=.9;["Stand Left Leg"]={tm=.0829;cf=cfr(-.532,.475,.158,.979,.03,.201,.05,.923,-.381,-.197,.383,.903);es="Linear";ed="In";};};{tm=.917;["Stand Torso"]={tm=.0329;cf=cfr(0,.115,-6.51,.876,.397,.275,-.438,.893,.106,-.203,-.213,.956);es="Linear";ed="In";};["Stand Right Arm"]={tm=.133;cf=cfr(.416,-.828,.549,-.313,-.919,-.24,.065,-.273,.96,-.947,.285,.146);es="Linear";ed="In";};["Stand Left Arm"]={tm=.0329;cf=cfr(.311,-.425,.802,-.209,.977,.026,-.306,-.091,.948,.929,.19,.318);es="Linear";ed="In";};["Stand Head"]={tm=.0329;cf=cfr(0,0,0,.902,.269,.337,-.229,.961,-.156,-.366,.063,.928);es="Linear";ed="In";};};{tm=.95;["Stand Torso"]={tm=.0500;cf=cfr(0,.115,-6.51,.408,.291,-.865,.226,.886,.405,.885,-.36,.296);es="Linear";ed="In";};["Stand Right Leg"]={tm=.1000;cf=cfr(1.624,.439,-.377,.689,.707,.162,-.715,.625,.314,.12,-.332,.936);es="Linear";ed="In";};["Stand Left Arm"]={tm=.1000;cf=cfr(-.472,-.125,.713,.883,.429,.191,-.027,-.36,.933,.469,-.829,-.306);es="Linear";ed="In";};["Stand Head"]={tm=.1000;cf=cfr(0,0,0,.733,-.673,.095,.662,.739,.127,-.155,-.031,.987);es="Linear";ed="In";};};{tm=.983;["Stand Left Leg"]={tm=.0339;cf=cfr(-.532,.475,.158,.938,.313,.149,-.253,.911,-.325,-.237,.267,.934);es="Linear";ed="In";};};{tm=1;["Stand Torso"]={tm=.0500;cf=cfr(0,.166,-6.806,.466,.25,-.848,.287,.865,.412,.837,-.435,.332);es="Linear";ed="In";};};{tm=1.017;["Stand Left Leg"]={tm=.1000;cf=cfr(-.107,.28,.038,.881,.062,.47,-.403,.62,.673,-.249,-.782,.571);es="Linear";ed="In";};};{tm=1.05;["Stand Torso"]={tm=.0329;cf=cfr(0,.217,-7.102,.817,.098,-.569,.27,.806,.527,.51,-.584,.632);es="Linear";ed="In";};["Stand Right Leg"]={tm=.0329;cf=cfr(1.128,0,-.145,.689,.707,.162,-.715,.625,.314,.12,-.332,.936);es="Linear";ed="In";};["Stand Right Arm"]={tm=.0329;cf=cfr(-.448,.78,.266,-.952,.264,.158,-.298,-.663,-.687,-.077,-.701,.709);es="Linear";ed="In";};["Stand Left Arm"]={tm=.0329;cf=cfr(-.079,-.212,.692,.391,.9,.191,.213,-.291,.933,.895,-.324,-.306);es="Linear";ed="In";};["Stand Head"]={tm=.0329;cf=cfr(0,0,0,.84,-.538,-.073,.523,.764,.378,-.148,-.355,.923);es="Linear";ed="In";};};{tm=1.083;["Stand Torso"]={tm=.0500;cf=cfr(0,.217,-7.102,.403,-.323,.856,-.469,.73,.496,-.786,-.602,.143);es="Linear";ed="In";};["Stand Right Leg"]={tm=.1000;cf=cfr(.527,-.371,-.167,.689,.72,-.088,-.715,.694,.083,.12,.006,.993);es="Linear";ed="In";};["Stand Right Arm"]={tm=.1340;cf=cfr(.766,.359,.341,-.626,-.715,-.31,.485,-.047,-.873,.61,-.697,.377);es="Linear";ed="In";};["Stand Left Arm"]={tm=.1340;cf=cfr(-.079,-.212,.692,-.506,.627,.593,.509,-.338,.792,.697,.702,-.148);es="Linear";ed="In";};["Stand Head"]={tm=0;cf=cfr(0,0,0,.465,.885,-.024,-.883,.465,.065,.069,-.009,.998);es="Linear";ed="In";};};{tm=1.117;["Stand Left Leg"]={tm=.0329;cf=cfr(-.286,.498,-.071,.871,-.144,.47,-.248,.697,.673,-.424,-.703,.571);es="Linear";ed="In";};};{tm=1.133;["Stand Torso"]={tm=.0500;cf=cfr(0,.015,-7.296,.338,-.23,.912,-.549,.739,.39,-.764,-.633,.124);es="Linear";ed="In";};};{tm=1.15;["Stand Left Leg"]={tm=.1000;cf=cfr(-.852,1.024,-.061,.774,.402,.488,-.595,.725,.347,-.214,-.56,.801);es="Linear";ed="In";};};{tm=1.183;["StandHumanoidRootPart"]={tm=0;cf=cfr(0,0,3,1,0,0,0,1,0,0,0,1);es="Linear";ed="In";};["Stand Torso"]={tm=.0169;cf=cfr(0,-.186,-7.273,.27,-.133,.954,-.538,.8,.264,-.798,-.585,.144);es="Sine";ed="In";};["Stand Right Leg"]={tm=.0169;cf=cfr(.527,-.371,-.167,.627,.772,-.103,-.683,.609,.404,.375,-.183,.909);es="Sine";ed="In";};};{tm=1.2;["Stand Torso"]={tm=.0170;cf=cfr(0,-.185,-7.261,.27,-.133,.954,-.536,.802,.264,-.8,-.583,.145);es="Linear";ed="In";};["Stand Right Leg"]={tm=.0170;cf=cfr(.529,-.369,-.166,.627,.772,-.102,-.683,.608,.405,.375,-.185,.908);es="Linear";ed="In";};};{tm=1.217;["Stand Torso"]={tm=.0160;cf=cfr(0,-.183,-7.227,.273,-.134,.953,-.53,.806,.265,-.803,-.577,.149);es="Linear";ed="In";};["Stand Right Leg"]={tm=.0160;cf=cfr(.536,-.361,-.163,.627,.773,-.098,-.683,.606,.408,.375,-.189,.907);es="Linear";ed="In";};["Stand Right Arm"]={tm=.0160;cf=cfr(.753,.248,.072,.149,-.989,-.019,.664,.114,-.739,.733,.097,.673);es="Sine";ed="In";};["Stand Left Arm"]={tm=.0160;cf=cfr(-.079,-.212,.692,-.278,.849,.449,.132,-.429,.893,.951,.308,.007);es="Sine";ed="In";};};{tm=1.233;["Stand Torso"]={tm=.0169;cf=cfr(0,-.179,-7.171,.276,-.135,.951,-.52,.812,.266,-.808,-.568,.154);es="Linear";ed="In";};["Stand Right Leg"]={tm=.0169;cf=cfr(.547,-.348,-.158,.627,.773,-.092,-.683,.603,.413,.375,-.196,.906);es="Linear";ed="In";};["Stand Right Arm"]={tm=.0169;cf=cfr(.75,.247,.073,.149,-.989,-.016,.664,.112,-.74,.733,.099,.673);es="Linear";ed="In";};["Stand Left Arm"]={tm=.0169;cf=cfr(-.079,-.212,.692,-.279,.851,.446,.127,-.428,.895,.952,.306,.012);es="Linear";ed="In";};};{tm=1.25;["Stand Torso"]={tm=.0169;cf=cfr(0,-.173,-7.095,.282,-.137,.95,-.505,.82,.268,-.816,-.555,.162);es="Linear";ed="In";};["Stand Right Leg"]={tm=.0169;cf=cfr(.563,-.33,-.151,.627,.774,-.084,-.683,.598,.42,.375,-.206,.904);es="Linear";ed="In";};["Stand Right Arm"]={tm=.0169;cf=cfr(.739,.245,.077,.149,-.989,-.007,.664,.105,-.741,.733,.106,.672);es="Linear";ed="In";};["Stand Left Arm"]={tm=.0169;cf=cfr(-.079,-.212,.692,-.279,.856,.436,.109,-.423,.9,.954,.299,.024);es="Linear";ed="In";};["Stand Left Leg"]={tm=.1169;cf=cfr(-.852,1.024,-.061,.857,.162,.488,-.361,.866,.347,-.367,-.474,.801);es="Linear";ed="In";};};{tm=1.267;["Stand Torso"]={tm=.0160;cf=cfr(0,-.166,-6.999,.288,-.14,.947,-.487,.83,.271,-.825,-.539,.171);es="Linear";ed="In";};["Stand Right Leg"]={tm=.0160;cf=cfr(.582,-.308,-.143,.627,.775,-.073,-.683,.592,.428,.375,-.219,.901);es="Linear";ed="In";};["Stand Right Arm"]={tm=.0160;cf=cfr(.721,.243,.083,.149,-.989,.009,.664,.093,-.742,.733,.116,.67);es="Linear";ed="In";};["Stand Left Arm"]={tm=.0160;cf=cfr(-.079,-.212,.692,-.28,.864,.419,.081,-.414,.907,.957,.287,.046);es="Linear";ed="In";};};{tm=1.283;["Stand Torso"]={tm=.0170;cf=cfr(0,-.157,-6.885,.295,-.143,.945,-.465,.842,.273,-.834,-.52,.182);es="Linear";ed="In";};["Stand Right Leg"]={tm=.0170;cf=cfr(.605,-.282,-.133,.627,.777,-.06,-.683,.585,.438,.375,-.234,.897);es="Linear";ed="In";};["Stand Right Arm"]={tm=.0170;cf=cfr(.696,.239,.091,.149,-.988,.031,.664,.077,-.744,.733,.131,.667);es="Linear";ed="In";};["Stand Left Arm"]={tm=.0170;cf=cfr(-.079,-.212,.692,-.279,.874,.397,.043,-.402,.915,.959,.272,.075);es="Linear";ed="In";};};{tm=1.3;["Stand Torso"]={tm=.0169;cf=cfr(0,-.148,-6.757,.304,-.147,.941,-.44,.855,.276,-.845,-.498,.195);es="Linear";ed="In";};["Stand Right Leg"]={tm=.0169;cf=cfr(.63,-.252,-.121,.627,.777,-.046,-.683,.577,.449,.375,-.25,.893);es="Linear";ed="In";};["Stand Right Arm"]={tm=.0169;cf=cfr(.666,.234,.101,.149,-.987,.057,.664,.057,-.746,.733,.149,.664);es="Linear";ed="In";};["Stand Left Arm"]={tm=.0169;cf=cfr(-.079,-.212,.692,-.278,.887,.37,-.005,-.386,.923,.961,.254,.111);es="Linear";ed="In";};};{tm=1.317;["Stand Torso"]={tm=.0160;cf=cfr(0,-.137,-6.617,.313,-.152,.938,-.412,.868,.278,-.856,-.474,.209);es="Linear";ed="In";};["Stand Right Leg"]={tm=.0160;cf=cfr(.658,-.219,-.109,.627,.778,-.03,-.683,.568,.46,.375,-.268,.887);es="Linear";ed="In";};["Stand Right Arm"]={tm=.0160;cf=cfr(.631,.229,.113,.149,-.985,.088,.664,.034,-.747,.733,.169,.659);es="Linear";ed="In";};["Stand Left Arm"]={tm=.0160;cf=cfr(-.079,-.212,.692,-.274,.901,.337,-.059,-.366,.929,.96,.234,.154);es="Linear";ed="In";};};{tm=1.333;["Stand Torso"]={tm=.0170;cf=cfr(0,-.126,-6.467,.322,-.157,.934,-.382,.881,.28,-.866,-.447,.223);es="Linear";ed="In";};["Stand Right Leg"]={tm=.0170;cf=cfr(.688,-.184,-.095,.627,.779,-.013,-.683,.558,.472,.375,-.287,.881);es="Linear";ed="In";};["Stand Right Arm"]={tm=.0170;cf=cfr(.593,.223,.126,.149,-.981,.121,.664,.008,-.748,.733,.192,.653);es="Linear";ed="In";};["Stand Left Arm"]={tm=.0170;cf=cfr(-.079,-.212,.692,-.268,.915,.302,-.12,-.342,.932,.956,.213,.201);es="Linear";ed="In";};};{tm=1.35;["Stand Torso"]={tm=.0169;cf=cfr(0,-.115,-6.31,.331,-.163,.929,-.35,.893,.281,-.876,-.419,.239);es="Linear";ed="In";};["Stand Right Leg"]={tm=.0169;cf=cfr(.719,-.148,-.082,.627,.779,.005,-.683,.547,.485,.375,-.307,.875);es="Linear";ed="In";};["Stand Right Arm"]={tm=.0169;cf=cfr(.551,.217,.14,.149,-.976,.157,.664,-.019,-.748,.733,.215,.645);es="Linear";ed="In";};["Stand Left Arm"]={tm=.0169;cf=cfr(-.079,-.212,.692,-.258,.929,.264,-.183,-.315,.931,.948,.192,.252);es="Linear";ed="In";};};{tm=1.367;["Stand Torso"]={tm=0;cf=cfr(0,-.103,-6.151,.341,-.169,.925,-.318,.905,.282,-.885,-.39,.255);es="Sine";ed="Out";};["Stand Right Leg"]={tm=0;cf=cfr(.751,-.111,-.068,.627,.779,.022,-.683,.536,.497,.375,-.327,.867);es="Sine";ed="Out";};["Stand Right Arm"]={tm=0;cf=cfr(.509,.211,.154,.149,-.97,.194,.664,-.047,-.747,.733,.239,.637);es="Sine";ed="Out";};["Stand Left Arm"]={tm=0;cf=cfr(-.079,-.212,.692,-.246,.943,.225,-.248,-.286,.926,.937,.172,.304);es="Sine";ed="Out";};["Stand Left Leg"]={tm=0;cf=cfr(-.852,1.024,-.061,.857,.295,.422,-.361,.929,.085,-.367,-.225,.903);es="Linear";ed="In";};};}