-- // converted using mech's animoduler
local cfr = CFrame.new

return {{tm=0;["Torso"]={tm=.133;cf=cfr(0,0,-.308,.188,.912,-.364,-.965,.102,-.243,-.185,.397,.899);es="Linear";ed="In";};["Left Leg"]={tm=.133;cf=cfr(-.466,.533,.161,.882,.468,.06,-.464,.839,.285,.083,-.279,.957);es="Linear";ed="In";};["Head"]={tm=.133;cf=cfr(0,0,0,.256,-.955,.15,.943,.281,.177,-.212,.096,.973);es="Linear";ed="In";};["Left Arm"]={tm=.2;cf=cfr(.842,-.514,-.232,.586,.639,-.497,-.661,.733,.163,.469,.233,.852);es="Linear";ed="In";};["Right Arm"]={tm=.183;cf=cfr(.135,-.38,.038,.906,-.39,.166,.39,.92,.032,-.165,.036,.986);es="Linear";ed="In";};["Right Leg"]={tm=.133;cf=cfr(.311,.146,.062,.859,-.145,-.491,.071,.984,-.166,.507,.108,.855);es="Linear";ed="In";};["Stand Torso"]={tm=.133;cf=cfr(2.049,.992,-.565,-.222,-.294,.93,-.13,.954,.271,-.966,-.061,-.25);es="Linear";ed="In";};["Stand Left Arm"]={tm=.133;cf=cfr(-.151,-.497,-.117,.908,.164,-.385,-.18,.984,-.005,.378,.073,.923);es="Linear";ed="In";};["Stand Left Leg"]={tm=.133;cf=cfr(.048,-.067,.008,.921,.275,.277,-.256,.961,-.101,-.294,.022,.955);es="Linear";ed="In";};["Stand Right Leg"]={tm=.133;cf=cfr(.531,.168,.127,.96,.263,.097,-.264,.964,0,-.093,-.026,.995);es="Linear";ed="In";};["Stand Head"]={tm=.15;cf=cfr(0,0,0,.537,.835,-.116,-.838,.512,-.188,-.098,.199,.975);es="Linear";ed="In";};["Stand Right Arm"]={tm=.133;cf=cfr(.023,-.293,-.065,.883,.049,-.467,.024,.989,.149,.469,-.143,.872);es="Linear";ed="In";};};{tm=.133;["Torso"]={tm=.1169;cf=cfr(.255,.038,-.247,.188,.963,-.193,-.965,.144,-.221,-.185,.228,.956);es="Linear";ed="In";};["Left Leg"]={tm=.1169;cf=cfr(-.498,.398,.187,.921,.386,.058,-.386,.879,.28,.057,-.281,.958);es="Linear";ed="In";};["Head"]={tm=.2;cf=cfr(0,0,0,.293,-.898,.328,.943,.214,-.256,.16,.384,.909);es="Linear";ed="In";};["Right Leg"]={tm=.2;cf=cfr(.312,.117,.06,.868,-.04,-.495,-.011,.995,-.099,.496,.092,.863);es="Linear";ed="In";};["Stand Torso"]={tm=.134;cf=cfr(2.602,.39,.235,-.099,-.146,.984,.173,.972,.162,-.98,.186,-.071);es="Linear";ed="In";};["Stand Left Arm"]={tm=.184;cf=cfr(-.139,-.149,-.11,.996,.033,-.086,-.035,.999,-.016,.085,.019,.996);es="Linear";ed="In";};["Stand Left Leg"]={tm=.184;cf=cfr(.017,.329,.059,.948,.244,.202,-.131,.882,-.452,-.289,.402,.869);es="Linear";ed="In";};["Stand Right Leg"]={tm=.134;cf=cfr(.531,.168,.127,.994,-.05,.097,.051,.999,0,-.097,.005,.995);es="Linear";ed="In";};["Stand Right Arm"]={tm=.2339;cf=cfr(-.067,.057,.21,.668,-.726,-.162,.735,.678,-.008,.116,-.114,.987);es="Linear";ed="In";};};{tm=.15;["Stand Head"]={tm=.1830;cf=cfr(0,0,0,.537,.735,-.413,-.838,.408,-.362,-.098,.541,.835);es="Linear";ed="In";};};{tm=.183;["Right Arm"]={tm=.2;cf=cfr(.135,-.38,.038,.725,-.416,.549,.05,.827,.561,-.687,-.379,.62);es="Linear";ed="In";};};{tm=.2;["Left Arm"]={tm=.317;cf=cfr(.611,-.593,-.328,.075,.88,-.469,-.852,.301,.428,.518,.368,.772);es="Linear";ed="In";};};{tm=.25;["Torso"]={tm=.1169;cf=cfr(.36,.079,-.358,.343,.932,-.116,-.935,.351,.053,.09,.09,.992);es="Linear";ed="In";};["Left Leg"]={tm=.1169;cf=cfr(-.615,.07,.121,.936,.33,-.124,-.347,.926,-.152,.065,.185,.981);es="Linear";ed="In";};};{tm=.267;["Stand Torso"]={tm=.1499;cf=cfr(3.049,-.006,.483,.182,-.036,.983,-.024,.999,.041,-.983,-.031,.181);es="Linear";ed="In";};["Stand Right Leg"]={tm=.1499;cf=cfr(.372,.797,.142,.965,-.263,.009,.246,.914,.323,-.094,-.309,.946);es="Linear";ed="In";};};{tm=.317;["Stand Left Arm"]={tm=.2330;cf=cfr(-.139,-.149,-.11,.884,.435,-.171,-.137,.592,.794,.447,-.679,.583);es="Linear";ed="In";};["Stand Left Leg"]={tm=.2160;cf=cfr(-.204,.562,.088,.844,.446,.297,-.506,.847,.165,-.178,-.29,.94);es="Linear";ed="In";};};{tm=.333;["Head"]={tm=.184;cf=cfr(0,0,0,.669,-.652,.357,.597,.758,.263,-.442,.037,.896);es="Linear";ed="In";};["Right Leg"]={tm=.184;cf=cfr(.574,1.219,-.375,.876,-.02,-.481,.146,.963,.225,.459,-.268,.847);es="Linear";ed="In";};["Stand Head"]={tm=.2;cf=cfr(0,0,0,.877,.473,.079,-.319,.698,-.641,-.358,.537,.764);es="Linear";ed="In";};};{tm=.367;["Torso"]={tm=.1500;cf=cfr(.073,.053,-.763,.345,.936,-.061,-.926,.351,.14,.152,.008,.988);es="Linear";ed="In";};["Left Leg"]={tm=.1500;cf=cfr(-.599,.424,.199,.991,.043,-.127,-.069,.976,-.207,.115,.214,.97);es="Linear";ed="In";};["Stand Right Arm"]={tm=.2329;cf=cfr(-.268,-.639,.006,-.804,-.592,-.045,.539,-.759,.365,-.25,.269,.93);es="Linear";ed="In";};};{tm=.383;["Right Arm"]={tm=.134;cf=cfr(-.03,.111,-.362,.622,-.579,.527,.163,.754,.636,-.766,-.309,.563);es="Linear";ed="In";};};{tm=.417;["Stand Torso"]={tm=.1330;cf=cfr(3.954,-.333,-.169,-.116,-.421,.9,-.471,.821,.323,-.874,-.387,-.293);es="Linear";ed="In";};["Stand Right Leg"]={tm=.2160;cf=cfr(.673,1.722,-.524,.956,-.181,-.231,.201,.977,.068,.213,-.111,.971);es="Linear";ed="In";};};{tm=.517;["Torso"]={tm=.1500;cf=cfr(-.419,.03,-1.195,.388,.727,-.567,-.88,.475,.007,.275,.496,.824);es="Linear";ed="In";};["Left Leg"]={tm=.1500;cf=cfr(-.362,.819,.33,.887,.444,-.127,-.462,.863,-.207,.017,.242,.97);es="Linear";ed="In";};["Head"]={tm=.1660;cf=cfr(0,0,0,.892,-.294,.345,.117,.885,.451,-.437,-.362,.823);es="Linear";ed="In";};["Left Arm"]={tm=.2329;cf=cfr(.605,-.301,-.304,.018,.861,.509,-.996,.058,-.063,-.084,-.506,.859);es="Linear";ed="In";};["Right Arm"]={tm=.1500;cf=cfr(.091,.65,-.363,.036,-.891,.454,.436,.422,.795,-.899,.169,.403);es="Linear";ed="In";};["Right Leg"]={tm=.1500;cf=cfr(.719,1.829,-.616,.82,-.357,-.447,.545,.727,.418,.175,-.586,.791);es="Linear";ed="In";};};{tm=.533;["Stand Left Leg"]={tm=.134;cf=cfr(-.281,.614,-.164,.629,-.718,.297,.707,.688,.165,-.323,.106,.94);es="Linear";ed="In";};["Stand Head"]={tm=.1839;cf=cfr(0,0,0,.951,-.203,.231,.304,.507,-.806,.046,.837,.545);es="Linear";ed="In";};};{tm=.55;["Stand Torso"]={tm=.133;cf=cfr(3.744,-.624,-.675,.311,-.036,.95,-.494,.848,.194,-.812,-.529,.246);es="Linear";ed="In";};["Stand Left Arm"]={tm=.1669;cf=cfr(-.737,.114,-.644,.72,-.669,-.186,.657,.743,-.128,.224,-.031,.974);es="Linear";ed="In";};};{tm=.6;["Stand Right Arm"]={tm=.133;cf=cfr(-.609,.058,-.398,.952,-.297,.075,.25,.894,.372,-.178,-.336,.925);es="Linear";ed="In";};};{tm=.633;["Stand Right Leg"]={tm=.1839;cf=cfr(.305,1.23,.426,.729,.548,-.41,-.444,.835,.325,.52,-.055,.852);es="Linear";ed="In";};};{tm=.667;["Torso"]={tm=.1659;cf=cfr(-.592,.04,-1.608,.789,.363,-.496,-.498,.851,-.169,.361,.38,.852);es="Linear";ed="In";};["Left Leg"]={tm=.1659;cf=cfr(-.253,1.063,.434,.845,.526,.093,-.465,.81,-.358,-.264,.26,.929);es="Linear";ed="In";};["Right Arm"]={tm=.1659;cf=cfr(.367,-.353,.11,.71,-.667,.225,.294,.572,.766,-.64,-.477,.602);es="Linear";ed="In";};["Right Leg"]={tm=.1659;cf=cfr(.89,1.938,-.677,.87,.352,-.346,.085,.583,.808,.487,-.732,.477);es="Linear";ed="In";};["Stand Left Leg"]={tm=.266;cf=cfr(-.601,.602,-.303,.627,-.43,.65,.72,.638,-.272,-.298,.639,.709);es="Linear";ed="In";};};{tm=.683;["Stand Torso"]={tm=.2169;cf=cfr(2.929,-.917,-1.57,.561,.321,.763,-.337,.93,-.143,-.756,-.177,.63);es="Linear";ed="In";};["Head"]={tm=.1499;cf=cfr(0,0,0,.916,-.087,.391,.166,.971,-.174,-.364,.225,.904);es="Linear";ed="In";};};{tm=.717;["Stand Left Arm"]={tm=.2329;cf=cfr(-.737,.114,-.644,.482,.512,-.711,-.742,.67,-.022,.465,.538,.703);es="Linear";ed="In";};["Stand Head"]={tm=.1830;cf=cfr(0,0,0,.949,.148,-.278,-.311,.583,-.751,.05,.799,.599);es="Linear";ed="In";};};{tm=.733;["Stand Right Arm"]={tm=.2000;cf=cfr(-.81,.109,-.275,.75,.661,-.032,-.608,.706,.363,.262,-.253,.931);es="Linear";ed="In";};};{tm=.75;["Left Arm"]={tm=.1670;cf=cfr(.486,-.163,-.125,.738,.649,.188,-.664,.747,.026,-.123,-.144,.982);es="Linear";ed="In";};};{tm=.817;["Stand Right Leg"]={tm=.1160;cf=cfr(.067,1.384,.606,.836,-.016,-.548,-.012,.999,-.047,.548,.046,.835);es="Linear";ed="In";};};{tm=.833;["Torso"]={tm=.0840;cf=cfr(-.675,-.029,-1.34,.957,-.282,-.072,.233,.891,-.389,.174,.355,.918);es="Linear";ed="In";};["Left Leg"]={tm=.0840;cf=cfr(-.367,.768,.378,.722,.692,-.026,-.605,.612,-.509,-.336,.383,.86);es="Linear";ed="In";};["Head"]={tm=.134;cf=cfr(0,0,0,.982,.019,-.189,-.123,.821,-.558,.144,.571,.808);es="Linear";ed="In";};["Right Arm"]={tm=.0840;cf=cfr(-.173,-.79,.22,.993,-.107,.052,.081,.93,.359,-.087,-.352,.932);es="Linear";ed="In";};["Right Leg"]={tm=.0840;cf=cfr(.749,1.116,.234,.339,.716,-.61,-.35,.698,.624,.873,.002,.488);es="Linear";ed="In";};};{tm=.9;["Stand Torso"]={tm=.1500;cf=cfr(2.39,-.902,-1.602,.639,.006,.769,-.147,.983,.114,-.755,-.185,.629);es="Linear";ed="In";};["Stand Head"]={tm=.1329;cf=cfr(0,0,0,.774,.56,-.296,-.628,.737,-.249,.079,.379,.922);es="Linear";ed="In";};};{tm=.917;["Torso"]={tm=.133;cf=cfr(-.7,-.029,-1.34,.915,-.398,-.07,.339,.852,-.399,.219,.341,.914);es="Linear";ed="In";};["Left Leg"]={tm=.0499;cf=cfr(-.202,1.054,.411,.742,.646,.179,-.58,.753,-.309,-.335,.126,.934);es="Linear";ed="In";};["Left Arm"]={tm=.1999;cf=cfr(.191,-.68,-.002,.896,.132,.425,-.133,.991,-.027,-.424,-.033,.905);es="Linear";ed="In";};["Right Arm"]={tm=.133;cf=cfr(-.437,-1.018,.099,.95,-.237,-.202,.304,.846,.438,.067,-.478,.876);es="Linear";ed="In";};["Right Leg"]={tm=.133;cf=cfr(.686,1.044,.234,.305,.734,-.607,-.387,.678,.625,.87,.044,.491);es="Linear";ed="In";};};{tm=.933;["Stand Left Leg"]={tm=.1169;cf=cfr(-1.24,.578,-.581,.619,-.762,.192,.746,.646,.162,-.248,.043,.968);es="Linear";ed="In";};["Stand Right Leg"]={tm=.1169;cf=cfr(-.073,.774,.687,.766,-.386,-.513,.263,.918,-.298,.586,.093,.805);es="Linear";ed="In";};["Stand Right Arm"]={tm=.1169;cf=cfr(-.117,-.013,.175,.888,.192,.417,-.282,.945,.165,-.363,-.264,.894);es="Linear";ed="In";};};{tm=.95;["Stand Left Arm"]={tm=.133;cf=cfr(-.417,-.37,-.58,.625,.276,-.73,-.312,.946,.09,.715,.171,.678);es="Linear";ed="In";};};{tm=.967;["Left Leg"]={tm=.0830;cf=cfr(-.239,1.123,.42,.753,.589,.293,-.565,.807,-.173,-.338,-.035,.94);es="Linear";ed="In";};["Head"]={tm=.0999;cf=cfr(0,0,0,.976,.189,-.112,-.218,.9,-.377,.03,.393,.919);es="Linear";ed="In";};};{tm=1.033;["Stand Head"]={tm=.1840;cf=cfr(0,0,0,.787,.617,-.012,-.617,.786,-.037,-.013,.036,.999);es="Linear";ed="In";};};{tm=1.05;["Torso"]={tm=.2329;cf=cfr(-.74,-.029,-1.34,.819,-.57,-.065,.497,.762,-.415,.285,.308,.908);es="Linear";ed="In";};["Left Leg"]={tm=.2329;cf=cfr(-.315,.923,.42,.887,.357,.293,-.339,.934,-.11,-.313,-.002,.95);es="Linear";ed="In";};["Right Arm"]={tm=.2329;cf=cfr(-.204,-.726,.071,.938,.109,-.328,.019,.932,.363,.345,-.347,.872);es="Linear";ed="In";};["Right Leg"]={tm=.2329;cf=cfr(.606,.961,.201,.276,.752,-.598,-.435,.653,.62,.857,.089,.508);es="Linear";ed="In";};["Stand Torso"]={tm=.0999;cf=cfr(2.533,-.895,-1.551,.558,-.335,.76,-.063,.896,.44,-.828,-.293,.479);es="Linear";ed="In";};["Stand Left Leg"]={tm=.0999;cf=cfr(-1.454,.823,-.607,.742,-.651,.162,.622,.758,.198,-.251,-.046,.967);es="Linear";ed="In";};["Stand Right Leg"]={tm=.0999;cf=cfr(-.106,.62,.357,.469,-.62,-.629,.353,.784,-.51,.809,.017,.587);es="Linear";ed="In";};["Stand Right Arm"]={tm=.1169;cf=cfr(-.172,-.442,.243,.52,-.723,.455,.363,.669,.649,-.773,-.172,.61);es="Linear";ed="In";};};{tm=1.067;["Head"]={tm=.2159;cf=cfr(0,0,0,.939,.34,-.058,-.343,.938,-.053,.036,.069,.997);es="Linear";ed="In";};};{tm=1.083;["Stand Left Arm"]={tm=.1000;cf=cfr(-.417,-.37,-.58,.452,.276,-.848,-.285,.946,.156,.845,.171,.506);es="Linear";ed="In";};};{tm=1.117;["Left Arm"]={tm=.1830;cf=cfr(.191,-.68,-.002,.905,.014,.425,-.003,1,-.027,-.425,.023,.905);es="Linear";ed="In";};};{tm=1.15;["Stand Torso"]={tm=.1830;cf=cfr(2.533,-.895,-1.551,.511,-.368,.777,-.057,.887,.458,-.858,-.278,.433);es="Linear";ed="In";};["Stand Left Leg"]={tm=.1830;cf=cfr(-1.441,.835,-.611,.742,-.651,.162,.622,.758,.198,-.251,-.046,.967);es="Linear";ed="In";};["Stand Right Leg"]={tm=.1830;cf=cfr(-.106,.62,.357,.472,-.606,-.641,.35,.796,-.495,.809,.009,.587);es="Linear";ed="In";};};{tm=1.167;["Stand Right Arm"]={tm=.1659;cf=cfr(-.172,-.442,.243,.557,-.657,.507,.327,.735,.594,-.763,-.165,.625);es="Linear";ed="In";};};{tm=1.183;["Stand Left Arm"]={tm=.1499;cf=cfr(-.417,-.37,-.58,.431,.307,-.848,-.35,.924,.156,.831,.23,.506);es="Linear";ed="In";};};{tm=1.217;["Stand Head"]={tm=.1829;cf=cfr(0,0,0,.901,.431,-.057,-.432,.875,-.219,-.045,.222,.974);es="Linear";ed="In";};};{tm=1.283;["Torso"]={tm=.2840;cf=cfr(-.695,-.029,-1.34,.817,-.572,-.076,.511,.778,-.366,.268,.26,.928);es="Linear";ed="In";};["Left Leg"]={tm=.2840;cf=cfr(-.299,.923,.417,.893,.285,.349,-.261,.958,-.116,-.367,.013,.93);es="Linear";ed="In";};["Head"]={tm=.2840;cf=cfr(0,0,0,.943,.276,-.189,-.276,.961,.029,.189,.025,.982);es="Linear";ed="In";};["Right Arm"]={tm=.2840;cf=cfr(-.123,-.897,.084,.916,.298,-.267,-.143,.867,.477,.374,-.399,.837);es="Linear";ed="In";};["Right Leg"]={tm=.2840;cf=cfr(.553,.923,.193,.254,.791,-.556,-.449,.606,.657,.857,.083,.509);es="Linear";ed="In";};};{tm=1.3;["Left Arm"]={tm=.2669;cf=cfr(.243,-.683,-.026,.903,.065,.425,-.059,.998,-.027,-.426,-.001,.905);es="Linear";ed="In";};};{tm=1.333;["Stand Torso"]={tm=.2339;cf=cfr(2.533,-.895,-1.551,.535,-.328,.779,-.079,.898,.432,-.841,-.292,.455);es="Linear";ed="In";};["Stand Left Arm"]={tm=.2339;cf=cfr(-.417,-.37,-.58,.441,.293,-.848,-.321,.934,.156,.838,.203,.506);es="Linear";ed="In";};["Stand Left Leg"]={tm=.2339;cf=cfr(-1.421,.795,-.607,.742,-.651,.162,.622,.758,.198,-.251,-.046,.967);es="Linear";ed="In";};["Stand Right Leg"]={tm=.2339;cf=cfr(-.134,.661,.357,.47,-.599,-.648,.361,.801,-.478,.805,-.009,.593);es="Linear";ed="In";};["Stand Right Arm"]={tm=.2339;cf=cfr(-.172,-.442,.243,.555,-.672,.49,.33,.719,.612,-.764,-.178,.62);es="Linear";ed="In";};};{tm=1.4;["Stand Head"]={tm=.1670;cf=cfr(0,0,0,.832,.549,-.084,-.55,.794,-.259,-.075,.262,.962);es="Linear";ed="In";};};{tm=1.567;["Torso"]={tm=0;cf=cfr(-.695,-.029,-1.34,.817,-.572,-.076,.511,.778,-.366,.268,.26,.928);es="Sine";ed="InOut";};["Left Leg"]={tm=0;cf=cfr(-.299,.923,.417,.893,.285,.349,-.261,.958,-.116,-.367,.013,.93);es="Sine";ed="InOut";};["Head"]={tm=0;cf=cfr(0,0,0,.94,.276,-.202,-.275,.961,.033,.204,.025,.979);es="Linear";ed="In";};["Left Arm"]={tm=0;cf=cfr(.243,-.683,-.026,.904,.045,.425,-.037,.999,-.027,-.426,.009,.905);es="Linear";ed="In";};["Right Arm"]={tm=0;cf=cfr(-.123,-.897,.084,.907,.325,-.267,-.169,.862,.477,.386,-.388,.837);es="Linear";ed="In";};["Right Leg"]={tm=0;cf=cfr(.553,.923,.193,.254,.791,-.556,-.449,.606,.657,.857,.083,.509);es="Sine";ed="InOut";};["Stand Torso"]={tm=0;cf=cfr(2.533,-.895,-1.551,.535,-.328,.779,-.079,.898,.432,-.841,-.292,.455);es="Sine";ed="InOut";};["Stand Left Arm"]={tm=0;cf=cfr(-.417,-.37,-.58,.418,.3,-.857,-.335,.928,.162,.844,.219,.489);es="Linear";ed="In";};["Stand Left Leg"]={tm=0;cf=cfr(-1.421,.795,-.607,.742,-.651,.162,.622,.758,.198,-.251,-.046,.967);es="Sine";ed="InOut";};["Stand Right Leg"]={tm=0;cf=cfr(-.134,.661,.357,.47,-.599,-.648,.361,.801,-.478,.805,-.009,.593);es="Sine";ed="InOut";};["Stand Head"]={tm=0;cf=cfr(0,0,0,.833,.549,-.07,-.546,.794,-.268,-.091,.262,.961);es="Linear";ed="In";};["Stand Right Arm"]={tm=0;cf=cfr(-.172,-.442,.243,.545,-.68,.49,.34,.714,.612,-.766,-.167,.62);es="Linear";ed="In";};};}