-- // converted using mech's animoduler
local cfr = CFrame.new

return {{tm=0;["Torso"]={tm=.017;cf=cfr(-.695,-.029,-1.34,.817,-.572,-.076,.511,.778,-.366,.268,.26,.928);es="Sine";ed="InOut";};["Left Leg"]={tm=.017;cf=cfr(-.299,.923,.417,.893,.285,.349,-.261,.958,-.116,-.367,.013,.93);es="Sine";ed="InOut";};["Head"]={tm=.317;cf=cfr(0,0,0,.94,.276,-.202,-.275,.961,.033,.204,.025,.979);es="Linear";ed="In";};["Left Arm"]={tm=.317;cf=cfr(.243,-.683,-.026,.904,.045,.425,-.037,.999,-.027,-.426,.009,.905);es="Linear";ed="In";};["Right Arm"]={tm=.317;cf=cfr(-.123,-.897,.084,.907,.325,-.267,-.169,.862,.477,.386,-.388,.837);es="Linear";ed="In";};["Right Leg"]={tm=.017;cf=cfr(.553,.923,.193,.254,.791,-.556,-.449,.606,.657,.857,.083,.509);es="Sine";ed="InOut";};["Stand Torso"]={tm=.017;cf=cfr(2.533,-.895,-1.551,.535,-.328,.779,-.079,.898,.432,-.841,-.292,.455);es="Sine";ed="InOut";};["Stand Left Arm"]={tm=.317;cf=cfr(-.417,-.37,-.58,.418,.3,-.857,-.335,.928,.162,.844,.219,.489);es="Linear";ed="In";};["Stand Left Leg"]={tm=.017;cf=cfr(-1.421,.795,-.607,.742,-.651,.162,.622,.758,.198,-.251,-.046,.967);es="Sine";ed="InOut";};["Stand Right Leg"]={tm=.017;cf=cfr(-.134,.661,.357,.47,-.599,-.648,.361,.801,-.478,.805,-.009,.593);es="Sine";ed="InOut";};["Stand Head"]={tm=.317;cf=cfr(0,0,0,.833,.549,-.07,-.546,.794,-.268,-.091,.262,.961);es="Linear";ed="In";};["Stand Right Arm"]={tm=.317;cf=cfr(-.172,-.442,.243,.545,-.68,.49,.34,.714,.612,-.766,-.167,.62);es="Linear";ed="In";};};{tm=.017;["Torso"]={tm=.016;cf=cfr(-.695,-.028,-1.34,.817,-.572,-.076,.511,.778,-.366,.268,.26,.928);es="Linear";ed="In";};["Left Leg"]={tm=.016;cf=cfr(-.299,.922,.417,.893,.285,.349,-.261,.958,-.116,-.367,.013,.93);es="Linear";ed="In";};["Right Leg"]={tm=.016;cf=cfr(.553,.923,.193,.254,.791,-.556,-.449,.606,.657,.857,.083,.509);es="Linear";ed="In";};["Stand Torso"]={tm=.016;cf=cfr(2.533,-.895,-1.551,.535,-.328,.779,-.079,.898,.432,-.841,-.292,.454);es="Linear";ed="In";};["Stand Left Leg"]={tm=.016;cf=cfr(-1.421,.795,-.607,.742,-.651,.162,.622,.758,.198,-.251,-.046,.967);es="Linear";ed="In";};["Stand Right Leg"]={tm=.016;cf=cfr(-.134,.661,.357,.47,-.599,-.648,.361,.801,-.478,.805,-.009,.593);es="Linear";ed="In";};};{tm=.033;["Torso"]={tm=.017;cf=cfr(-.695,-.028,-1.34,.817,-.572,-.076,.511,.778,-.366,.268,.26,.928);es="Linear";ed="In";};["Left Leg"]={tm=.017;cf=cfr(-.299,.922,.417,.893,.285,.349,-.261,.958,-.116,-.367,.013,.93);es="Linear";ed="In";};["Right Leg"]={tm=.017;cf=cfr(.553,.923,.193,.254,.791,-.556,-.449,.606,.657,.857,.083,.509);es="Linear";ed="In";};["Stand Torso"]={tm=.017;cf=cfr(2.533,-.895,-1.551,.534,-.328,.779,-.079,.898,.432,-.842,-.292,.454);es="Linear";ed="In";};["Stand Left Leg"]={tm=.017;cf=cfr(-1.421,.795,-.607,.742,-.651,.162,.622,.758,.198,-.251,-.046,.967);es="Linear";ed="In";};["Stand Right Leg"]={tm=.017;cf=cfr(-.134,.661,.357,.47,-.599,-.648,.361,.801,-.478,.805,-.009,.593);es="Linear";ed="In";};};{tm=.05;["Torso"]={tm=.017;cf=cfr(-.695,-.028,-1.34,.816,-.573,-.076,.511,.778,-.365,.269,.259,.928);es="Linear";ed="In";};["Left Leg"]={tm=.017;cf=cfr(-.299,.921,.417,.893,.286,.348,-.261,.958,-.116,-.367,.013,.93);es="Linear";ed="In";};["Right Leg"]={tm=.017;cf=cfr(.553,.922,.193,.254,.791,-.556,-.449,.606,.657,.857,.083,.509);es="Linear";ed="In";};["Stand Torso"]={tm=.017;cf=cfr(2.533,-.895,-1.551,.534,-.328,.779,-.079,.898,.432,-.842,-.292,.454);es="Linear";ed="In";};["Stand Left Leg"]={tm=.017;cf=cfr(-1.421,.795,-.607,.742,-.651,.162,.622,.758,.198,-.251,-.046,.967);es="Linear";ed="In";};["Stand Right Leg"]={tm=.017;cf=cfr(-.135,.661,.357,.47,-.599,-.648,.361,.801,-.478,.805,-.009,.593);es="Linear";ed="In";};};{tm=.067;["Torso"]={tm=.016;cf=cfr(-.696,-.028,-1.339,.816,-.573,-.077,.512,.778,-.365,.269,.259,.928);es="Linear";ed="In";};["Left Leg"]={tm=.016;cf=cfr(-.299,.921,.417,.893,.286,.348,-.261,.958,-.117,-.367,.013,.93);es="Linear";ed="In";};["Right Leg"]={tm=.016;cf=cfr(.552,.922,.193,.254,.791,-.556,-.45,.606,.657,.856,.084,.509);es="Linear";ed="In";};["Stand Torso"]={tm=.016;cf=cfr(2.533,-.895,-1.551,.534,-.328,.779,-.079,.898,.432,-.842,-.292,.454);es="Linear";ed="In";};["Stand Left Leg"]={tm=.016;cf=cfr(-1.421,.795,-.607,.742,-.651,.162,.622,.758,.198,-.251,-.046,.967);es="Linear";ed="In";};["Stand Right Leg"]={tm=.016;cf=cfr(-.135,.662,.357,.47,-.599,-.648,.361,.801,-.478,.805,-.01,.593);es="Linear";ed="In";};};{tm=.083;["Torso"]={tm=.017;cf=cfr(-.696,-.027,-1.339,.815,-.574,-.077,.513,.777,-.365,.269,.258,.928);es="Linear";ed="In";};["Left Leg"]={tm=.017;cf=cfr(-.3,.919,.417,.893,.286,.348,-.261,.958,-.117,-.367,.014,.93);es="Linear";ed="In";};["Right Leg"]={tm=.017;cf=cfr(.552,.922,.193,.253,.792,-.556,-.45,.605,.657,.856,.084,.509);es="Linear";ed="In";};["Stand Torso"]={tm=.017;cf=cfr(2.532,-.895,-1.551,.534,-.328,.779,-.079,.898,.432,-.842,-.292,.454);es="Linear";ed="In";};["Stand Left Leg"]={tm=.017;cf=cfr(-1.421,.795,-.607,.742,-.651,.162,.622,.758,.198,-.251,-.046,.967);es="Linear";ed="In";};["Stand Right Leg"]={tm=.017;cf=cfr(-.135,.662,.357,.47,-.599,-.648,.361,.801,-.478,.805,-.01,.593);es="Linear";ed="In";};};{tm=.1;["Torso"]={tm=.017;cf=cfr(-.697,-.027,-1.339,.815,-.575,-.077,.513,.777,-.364,.269,.257,.928);es="Linear";ed="In";};["Left Leg"]={tm=.017;cf=cfr(-.3,.918,.417,.893,.287,.348,-.262,.958,-.118,-.367,.014,.93);es="Linear";ed="In";};["Right Leg"]={tm=.017;cf=cfr(.551,.921,.193,.253,.792,-.556,-.45,.605,.657,.856,.084,.509);es="Linear";ed="In";};["Stand Torso"]={tm=.017;cf=cfr(2.532,-.895,-1.551,.534,-.328,.779,-.079,.898,.433,-.842,-.293,.453);es="Linear";ed="In";};["Stand Left Leg"]={tm=.017;cf=cfr(-1.421,.795,-.607,.742,-.651,.162,.622,.758,.197,-.251,-.046,.967);es="Linear";ed="In";};["Stand Right Leg"]={tm=.017;cf=cfr(-.136,.663,.357,.47,-.599,-.648,.361,.801,-.477,.805,-.01,.593);es="Linear";ed="In";};};{tm=.117;["Torso"]={tm=.016;cf=cfr(-.697,-.026,-1.339,.814,-.575,-.078,.514,.777,-.364,.27,.256,.928);es="Linear";ed="In";};["Left Leg"]={tm=.016;cf=cfr(-.301,.916,.417,.893,.287,.348,-.262,.958,-.119,-.367,.015,.93);es="Linear";ed="In";};["Right Leg"]={tm=.016;cf=cfr(.55,.921,.193,.252,.792,-.556,-.45,.605,.657,.856,.085,.509);es="Linear";ed="In";};["Stand Torso"]={tm=.016;cf=cfr(2.532,-.895,-1.552,.533,-.329,.779,-.079,.898,.433,-.842,-.293,.453);es="Linear";ed="In";};["Stand Left Leg"]={tm=.016;cf=cfr(-1.421,.795,-.607,.742,-.651,.162,.622,.758,.197,-.251,-.046,.967);es="Linear";ed="In";};["Stand Right Leg"]={tm=.016;cf=cfr(-.136,.664,.356,.47,-.599,-.649,.361,.801,-.477,.805,-.01,.593);es="Linear";ed="In";};};{tm=.133;["Torso"]={tm=.0169;cf=cfr(-.698,-.025,-1.339,.813,-.577,-.078,.515,.776,-.363,.27,.255,.928);es="Linear";ed="In";};["Left Leg"]={tm=.0169;cf=cfr(-.301,.914,.417,.892,.288,.348,-.262,.958,-.119,-.367,.015,.93);es="Linear";ed="In";};["Right Leg"]={tm=.0169;cf=cfr(.549,.92,.193,.252,.792,-.556,-.451,.605,.657,.856,.085,.509);es="Linear";ed="In";};["Stand Torso"]={tm=.0169;cf=cfr(2.532,-.895,-1.552,.533,-.329,.78,-.079,.898,.433,-.842,-.293,.452);es="Linear";ed="In";};["Stand Left Leg"]={tm=.0169;cf=cfr(-1.421,.795,-.607,.742,-.651,.162,.622,.758,.197,-.251,-.046,.967);es="Linear";ed="In";};["Stand Right Leg"]={tm=.0169;cf=cfr(-.137,.665,.356,.47,-.598,-.649,.362,.801,-.477,.805,-.01,.593);es="Linear";ed="In";};};{tm=.15;["Torso"]={tm=.0170;cf=cfr(-.699,-.024,-1.339,.812,-.578,-.079,.517,.776,-.363,.27,.254,.929);es="Linear";ed="In";};["Left Leg"]={tm=.0170;cf=cfr(-.302,.912,.417,.892,.288,.347,-.262,.957,-.12,-.367,.016,.93);es="Linear";ed="In";};["Right Leg"]={tm=.0170;cf=cfr(.548,.919,.193,.251,.792,-.556,-.451,.604,.657,.856,.086,.509);es="Linear";ed="In";};["Stand Torso"]={tm=.0170;cf=cfr(2.531,-.896,-1.552,.533,-.329,.78,-.08,.898,.433,-.843,-.293,.452);es="Linear";ed="In";};["Stand Left Leg"]={tm=.0170;cf=cfr(-1.421,.795,-.607,.742,-.651,.162,.622,.758,.197,-.251,-.045,.967);es="Linear";ed="In";};["Stand Right Leg"]={tm=.0170;cf=cfr(-.137,.665,.356,.47,-.598,-.649,.362,.801,-.477,.805,-.011,.593);es="Linear";ed="In";};};{tm=.167;["Torso"]={tm=.0159;cf=cfr(-.699,-.023,-1.338,.811,-.579,-.079,.518,.775,-.362,.271,.253,.929);es="Linear";ed="In";};["Left Leg"]={tm=.0159;cf=cfr(-.303,.91,.417,.892,.289,.347,-.263,.957,-.121,-.367,.017,.93);es="Linear";ed="In";};["Right Leg"]={tm=.0159;cf=cfr(.547,.918,.192,.251,.792,-.556,-.452,.604,.657,.856,.087,.509);es="Linear";ed="In";};["Stand Torso"]={tm=.0159;cf=cfr(2.531,-.896,-1.552,.532,-.33,.78,-.08,.897,.434,-.843,-.293,.451);es="Linear";ed="In";};["Stand Left Leg"]={tm=.0159;cf=cfr(-1.421,.795,-.607,.742,-.651,.162,.622,.758,.197,-.251,-.045,.967);es="Linear";ed="In";};["Stand Right Leg"]={tm=.0159;cf=cfr(-.138,.666,.356,.47,-.598,-.649,.362,.801,-.476,.805,-.011,.593);es="Linear";ed="In";};};{tm=.183;["Torso"]={tm=.0170;cf=cfr(-.7,-.022,-1.338,.81,-.58,-.08,.519,.775,-.361,.271,.251,.929);es="Linear";ed="In";};["Left Leg"]={tm=.0170;cf=cfr(-.304,.907,.417,.892,.29,.347,-.263,.957,-.122,-.367,.018,.93);es="Linear";ed="In";};["Right Leg"]={tm=.0170;cf=cfr(.546,.918,.192,.25,.793,-.556,-.452,.603,.657,.856,.087,.509);es="Linear";ed="In";};["Stand Torso"]={tm=.0170;cf=cfr(2.531,-.896,-1.552,.532,-.33,.78,-.08,.897,.434,-.843,-.293,.451);es="Linear";ed="In";};["Stand Left Leg"]={tm=.0170;cf=cfr(-1.421,.795,-.607,.742,-.65,.163,.622,.758,.197,-.251,-.045,.967);es="Linear";ed="In";};["Stand Right Leg"]={tm=.0170;cf=cfr(-.139,.667,.356,.47,-.598,-.649,.362,.801,-.476,.805,-.011,.593);es="Linear";ed="In";};};{tm=.2;["Torso"]={tm=.0169;cf=cfr(-.701,-.021,-1.338,.809,-.582,-.08,.521,.774,-.36,.272,.25,.929);es="Linear";ed="In";};["Left Leg"]={tm=.0169;cf=cfr(-.305,.905,.416,.892,.29,.346,-.264,.957,-.123,-.367,.019,.93);es="Linear";ed="In";};["Right Leg"]={tm=.0169;cf=cfr(.544,.917,.192,.249,.793,-.556,-.453,.603,.657,.856,.088,.509);es="Linear";ed="In";};["Stand Torso"]={tm=.0169;cf=cfr(2.53,-.896,-1.553,.531,-.33,.78,-.081,.897,.434,-.843,-.294,.45);es="Linear";ed="In";};["Stand Left Leg"]={tm=.0169;cf=cfr(-1.421,.795,-.607,.742,-.65,.163,.622,.758,.197,-.251,-.045,.967);es="Linear";ed="In";};["Stand Right Leg"]={tm=.0169;cf=cfr(-.14,.669,.356,.47,-.598,-.65,.362,.802,-.476,.805,-.012,.593);es="Linear";ed="In";};};{tm=.217;["Torso"]={tm=.0160;cf=cfr(-.702,-.02,-1.337,.808,-.584,-.081,.522,.773,-.359,.272,.248,.93);es="Linear";ed="In";};["Left Leg"]={tm=.0160;cf=cfr(-.305,.902,.416,.892,.291,.346,-.264,.956,-.124,-.367,.02,.93);es="Linear";ed="In";};["Right Leg"]={tm=.0160;cf=cfr(.543,.916,.192,.249,.793,-.556,-.453,.603,.657,.856,.089,.509);es="Linear";ed="In";};["Stand Torso"]={tm=.0160;cf=cfr(2.53,-.897,-1.553,.531,-.331,.781,-.081,.897,.435,-.844,-.294,.449);es="Linear";ed="In";};["Stand Left Leg"]={tm=.0160;cf=cfr(-1.421,.795,-.607,.742,-.65,.163,.622,.758,.196,-.251,-.044,.967);es="Linear";ed="In";};["Stand Right Leg"]={tm=.0160;cf=cfr(-.141,.67,.356,.47,-.598,-.65,.362,.802,-.476,.805,-.012,.593);es="Linear";ed="In";};};{tm=.233;["Torso"]={tm=.0169;cf=cfr(-.703,-.018,-1.337,.807,-.585,-.082,.524,.773,-.358,.273,.246,.93);es="Linear";ed="In";};["Left Leg"]={tm=.0169;cf=cfr(-.306,.899,.416,.892,.292,.346,-.264,.956,-.126,-.367,.021,.93);es="Linear";ed="In";};["Right Leg"]={tm=.0169;cf=cfr(.542,.915,.192,.248,.793,-.556,-.454,.602,.657,.856,.09,.509);es="Linear";ed="In";};["Stand Torso"]={tm=.0169;cf=cfr(2.529,-.897,-1.553,.53,-.331,.781,-.081,.897,.435,-.844,-.294,.448);es="Linear";ed="In";};["Stand Left Leg"]={tm=.0169;cf=cfr(-1.421,.795,-.607,.742,-.65,.163,.622,.758,.196,-.251,-.044,.967);es="Linear";ed="In";};["Stand Right Leg"]={tm=.0169;cf=cfr(-.142,.671,.356,.47,-.597,-.65,.362,.802,-.475,.805,-.012,.593);es="Linear";ed="In";};};{tm=.25;["Torso"]={tm=.0170;cf=cfr(-.704,-.017,-1.337,.805,-.587,-.083,.526,.772,-.357,.274,.244,.93);es="Linear";ed="In";};["Left Leg"]={tm=.0170;cf=cfr(-.307,.896,.416,.892,.293,.345,-.265,.956,-.127,-.367,.022,.93);es="Linear";ed="In";};["Right Leg"]={tm=.0170;cf=cfr(.54,.913,.192,.247,.794,-.556,-.454,.602,.657,.856,.091,.509);es="Linear";ed="In";};["Stand Torso"]={tm=.0170;cf=cfr(2.529,-.897,-1.553,.529,-.331,.781,-.082,.896,.436,-.844,-.294,.447);es="Linear";ed="In";};["Stand Left Leg"]={tm=.0170;cf=cfr(-1.421,.795,-.607,.742,-.65,.163,.622,.758,.196,-.251,-.044,.967);es="Linear";ed="In";};["Stand Right Leg"]={tm=.0170;cf=cfr(-.142,.672,.356,.469,-.597,-.65,.362,.802,-.475,.805,-.013,.593);es="Linear";ed="In";};};{tm=.267;["Torso"]={tm=.0159;cf=cfr(-.705,-.016,-1.336,.804,-.589,-.084,.528,.771,-.356,.274,.242,.931);es="Linear";ed="In";};["Left Leg"]={tm=.0159;cf=cfr(-.308,.893,.416,.891,.294,.345,-.265,.956,-.128,-.367,.023,.93);es="Linear";ed="In";};["Right Leg"]={tm=.0159;cf=cfr(.539,.912,.191,.246,.794,-.556,-.455,.601,.657,.856,.091,.509);es="Linear";ed="In";};["Stand Torso"]={tm=.0159;cf=cfr(2.528,-.897,-1.554,.529,-.332,.781,-.082,.896,.436,-.845,-.295,.447);es="Linear";ed="In";};["Stand Left Leg"]={tm=.0159;cf=cfr(-1.421,.795,-.607,.742,-.65,.164,.622,.758,.196,-.251,-.043,.967);es="Linear";ed="In";};["Stand Right Leg"]={tm=.0159;cf=cfr(-.143,.674,.356,.469,-.597,-.651,.362,.802,-.474,.805,-.013,.593);es="Linear";ed="In";};};{tm=.283;["Torso"]={tm=.0170;cf=cfr(-.706,-.014,-1.336,.803,-.591,-.084,.529,.77,-.355,.275,.241,.931);es="Linear";ed="In";};["Left Leg"]={tm=.0170;cf=cfr(-.31,.89,.416,.891,.295,.344,-.266,.955,-.129,-.367,.024,.93);es="Linear";ed="In";};["Right Leg"]={tm=.0170;cf=cfr(.537,.911,.191,.245,.794,-.556,-.456,.601,.657,.856,.092,.509);es="Linear";ed="In";};["Stand Torso"]={tm=.0170;cf=cfr(2.528,-.898,-1.554,.528,-.332,.781,-.082,.896,.437,-.845,-.295,.446);es="Linear";ed="In";};["Stand Left Leg"]={tm=.0170;cf=cfr(-1.421,.795,-.607,.742,-.65,.164,.622,.759,.195,-.251,-.043,.967);es="Linear";ed="In";};["Stand Right Leg"]={tm=.0170;cf=cfr(-.144,.675,.356,.469,-.597,-.651,.363,.802,-.474,.805,-.014,.593);es="Linear";ed="In";};};{tm=.3;["Torso"]={tm=.0170;cf=cfr(-.708,-.013,-1.335,.801,-.592,-.085,.531,.769,-.354,.276,.239,.931);es="Linear";ed="In";};["Left Leg"]={tm=.0170;cf=cfr(-.311,.886,.416,.891,.296,.344,-.266,.955,-.131,-.367,.025,.93);es="Linear";ed="In";};["Right Leg"]={tm=.0170;cf=cfr(.535,.91,.191,.244,.795,-.556,-.456,.6,.657,.856,.093,.509);es="Linear";ed="In";};["Stand Torso"]={tm=.0170;cf=cfr(2.527,-.898,-1.554,.527,-.333,.782,-.083,.896,.437,-.846,-.295,.445);es="Linear";ed="In";};["Stand Left Leg"]={tm=.0170;cf=cfr(-1.421,.795,-.607,.742,-.65,.164,.622,.759,.195,-.251,-.043,.967);es="Linear";ed="In";};["Stand Right Leg"]={tm=.0170;cf=cfr(-.145,.677,.356,.469,-.596,-.651,.363,.803,-.474,.805,-.014,.593);es="Linear";ed="In";};};{tm=.317;["Torso"]={tm=.0160;cf=cfr(-.709,-.012,-1.335,.8,-.594,-.086,.533,.769,-.353,.276,.237,.932);es="Linear";ed="In";};["Left Leg"]={tm=.0160;cf=cfr(-.312,.883,.416,.891,.297,.344,-.267,.955,-.132,-.367,.026,.93);es="Linear";ed="In";};["Head"]={tm=.0160;cf=cfr(0,0,0,.943,.276,-.189,-.276,.961,.029,.189,.025,.982);es="Sine";ed="InOut";};["Left Arm"]={tm=.0160;cf=cfr(.243,-.683,-.026,.903,.065,.425,-.059,.998,-.027,-.426,-.001,.905);es="Sine";ed="InOut";};["Right Arm"]={tm=.0160;cf=cfr(-.123,-.897,.084,.916,.298,-.267,-.143,.867,.477,.374,-.399,.837);es="Sine";ed="InOut";};["Right Leg"]={tm=.0160;cf=cfr(.534,.909,.191,.243,.795,-.556,-.457,.599,.657,.855,.094,.509);es="Linear";ed="In";};["Stand Torso"]={tm=.0160;cf=cfr(2.527,-.898,-1.554,.527,-.333,.782,-.083,.895,.438,-.846,-.295,.444);es="Linear";ed="In";};["Stand Left Arm"]={tm=.0160;cf=cfr(-.417,-.37,-.58,.441,.293,-.848,-.321,.934,.156,.838,.203,.506);es="Sine";ed="InOut";};["Stand Left Leg"]={tm=.0160;cf=cfr(-1.421,.795,-.607,.742,-.65,.164,.622,.759,.195,-.251,-.043,.967);es="Linear";ed="In";};["Stand Right Leg"]={tm=.0160;cf=cfr(-.147,.678,.356,.469,-.596,-.652,.363,.803,-.473,.805,-.014,.593);es="Linear";ed="In";};["Stand Head"]={tm=.0160;cf=cfr(0,0,0,.832,.549,-.084,-.55,.794,-.259,-.075,.262,.962);es="Sine";ed="InOut";};["Stand Right Arm"]={tm=.0160;cf=cfr(-.172,-.442,.243,.555,-.672,.49,.33,.719,.612,-.764,-.178,.62);es="Sine";ed="InOut";};};{tm=.333;["Torso"]={tm=.0169;cf=cfr(-.71,-.01,-1.335,.798,-.596,-.087,.535,.768,-.352,.277,.235,.932);es="Linear";ed="In";};["Left Leg"]={tm=.0169;cf=cfr(-.313,.879,.415,.891,.298,.343,-.267,.954,-.133,-.367,.027,.93);es="Linear";ed="In";};["Head"]={tm=.0169;cf=cfr(0,0,0,.942,.276,-.189,-.276,.961,.029,.189,.025,.982);es="Linear";ed="In";};["Left Arm"]={tm=.0169;cf=cfr(.243,-.683,-.026,.903,.065,.425,-.059,.998,-.027,-.426,-.001,.905);es="Linear";ed="In";};["Right Arm"]={tm=.0169;cf=cfr(-.123,-.897,.084,.916,.298,-.267,-.143,.867,.477,.374,-.399,.837);es="Linear";ed="In";};["Right Leg"]={tm=.0169;cf=cfr(.532,.908,.191,.242,.795,-.556,-.458,.599,.657,.855,.095,.509);es="Linear";ed="In";};["Stand Torso"]={tm=.0169;cf=cfr(2.526,-.898,-1.555,.526,-.334,.782,-.083,.895,.438,-.846,-.296,.443);es="Linear";ed="In";};["Stand Left Arm"]={tm=.0169;cf=cfr(-.417,-.37,-.58,.441,.293,-.848,-.321,.934,.156,.838,.204,.506);es="Linear";ed="In";};["Stand Left Leg"]={tm=.0169;cf=cfr(-1.421,.795,-.607,.742,-.65,.164,.622,.759,.195,-.251,-.042,.967);es="Linear";ed="In";};["Stand Right Leg"]={tm=.0169;cf=cfr(-.148,.68,.356,.469,-.596,-.652,.363,.803,-.473,.805,-.015,.593);es="Linear";ed="In";};["Stand Head"]={tm=.0169;cf=cfr(0,0,0,.832,.549,-.084,-.55,.794,-.259,-.076,.262,.962);es="Linear";ed="In";};["Stand Right Arm"]={tm=.0169;cf=cfr(-.172,-.442,.243,.555,-.672,.49,.33,.719,.612,-.764,-.178,.62);es="Linear";ed="In";};};{tm=.35;["Torso"]={tm=.0170;cf=cfr(-.711,-.009,-1.334,.797,-.598,-.088,.537,.767,-.351,.277,.233,.932);es="Linear";ed="In";};["Left Leg"]={tm=.0170;cf=cfr(-.314,.876,.415,.891,.299,.343,-.268,.954,-.135,-.367,.028,.93);es="Linear";ed="In";};["Head"]={tm=.0170;cf=cfr(0,0,0,.942,.276,-.189,-.275,.961,.029,.189,.025,.982);es="Linear";ed="In";};["Left Arm"]={tm=.0170;cf=cfr(.243,-.683,-.026,.903,.065,.425,-.059,.998,-.027,-.426,-.001,.905);es="Linear";ed="In";};["Right Arm"]={tm=.0170;cf=cfr(-.123,-.897,.084,.916,.299,-.267,-.144,.867,.477,.374,-.399,.837);es="Linear";ed="In";};["Right Leg"]={tm=.0170;cf=cfr(.53,.906,.19,.241,.795,-.556,-.458,.598,.657,.855,.096,.509);es="Linear";ed="In";};["Stand Torso"]={tm=.0170;cf=cfr(2.526,-.899,-1.555,.525,-.334,.782,-.084,.895,.438,-.847,-.296,.442);es="Linear";ed="In";};["Stand Left Arm"]={tm=.0170;cf=cfr(-.417,-.37,-.58,.44,.293,-.849,-.321,.934,.156,.838,.204,.506);es="Linear";ed="In";};["Stand Left Leg"]={tm=.0170;cf=cfr(-1.421,.795,-.607,.742,-.65,.165,.622,.759,.194,-.251,-.042,.967);es="Linear";ed="In";};["Stand Right Leg"]={tm=.0170;cf=cfr(-.149,.681,.356,.469,-.596,-.652,.363,.803,-.472,.805,-.015,.593);es="Linear";ed="In";};["Stand Head"]={tm=.0170;cf=cfr(0,0,0,.832,.549,-.084,-.55,.794,-.259,-.076,.262,.962);es="Linear";ed="In";};["Stand Right Arm"]={tm=.0170;cf=cfr(-.172,-.442,.243,.555,-.672,.49,.33,.719,.612,-.764,-.178,.62);es="Linear";ed="In";};};{tm=.367;["Torso"]={tm=.0160;cf=cfr(-.712,-.007,-1.334,.795,-.6,-.089,.539,.766,-.35,.278,.231,.933);es="Linear";ed="In";};["Left Leg"]={tm=.0160;cf=cfr(-.315,.873,.415,.891,.3,.342,-.269,.954,-.136,-.367,.029,.93);es="Linear";ed="In";};["Head"]={tm=.0160;cf=cfr(0,0,0,.942,.276,-.189,-.275,.961,.029,.19,.025,.982);es="Linear";ed="In";};["Left Arm"]={tm=.0160;cf=cfr(.243,-.683,-.026,.903,.064,.425,-.058,.998,-.027,-.426,-.001,.905);es="Linear";ed="In";};["Right Arm"]={tm=.0160;cf=cfr(-.123,-.897,.084,.916,.3,-.267,-.144,.867,.477,.375,-.399,.837);es="Linear";ed="In";};["Right Leg"]={tm=.0160;cf=cfr(.529,.905,.19,.241,.796,-.556,-.459,.598,.657,.855,.097,.509);es="Linear";ed="In";};["Stand Torso"]={tm=.0160;cf=cfr(2.525,-.899,-1.555,.525,-.335,.783,-.084,.895,.439,-.847,-.296,.441);es="Linear";ed="In";};["Stand Left Arm"]={tm=.0160;cf=cfr(-.417,-.37,-.58,.44,.293,-.849,-.321,.934,.156,.839,.204,.505);es="Linear";ed="In";};["Stand Left Leg"]={tm=.0160;cf=cfr(-1.421,.795,-.607,.742,-.65,.165,.622,.759,.194,-.251,-.042,.967);es="Linear";ed="In";};["Stand Right Leg"]={tm=.0160;cf=cfr(-.15,.682,.356,.469,-.595,-.652,.363,.803,-.472,.805,-.016,.593);es="Linear";ed="In";};["Stand Head"]={tm=.0160;cf=cfr(0,0,0,.832,.549,-.084,-.55,.794,-.259,-.076,.262,.962);es="Linear";ed="In";};["Stand Right Arm"]={tm=.0160;cf=cfr(-.172,-.442,.243,.555,-.672,.49,.33,.719,.612,-.764,-.178,.62);es="Linear";ed="In";};};{tm=.383;["Torso"]={tm=.0170;cf=cfr(-.714,-.006,-1.333,.794,-.602,-.09,.541,.765,-.349,.279,.229,.933);es="Linear";ed="In";};["Left Leg"]={tm=.0170;cf=cfr(-.316,.869,.415,.89,.301,.342,-.269,.953,-.137,-.367,.03,.93);es="Linear";ed="In";};["Head"]={tm=.0170;cf=cfr(0,0,0,.942,.276,-.19,-.275,.961,.029,.19,.025,.981);es="Linear";ed="In";};["Left Arm"]={tm=.0170;cf=cfr(.243,-.683,-.026,.903,.064,.425,-.058,.998,-.027,-.426,0,.905);es="Linear";ed="In";};["Right Arm"]={tm=.0170;cf=cfr(-.123,-.897,.084,.916,.3,-.267,-.145,.867,.477,.375,-.398,.837);es="Linear";ed="In";};["Right Leg"]={tm=.0170;cf=cfr(.527,.904,.19,.24,.796,-.556,-.46,.597,.657,.855,.098,.509);es="Linear";ed="In";};["Stand Torso"]={tm=.0170;cf=cfr(2.525,-.899,-1.556,.524,-.335,.783,-.085,.894,.439,-.847,-.296,.44);es="Linear";ed="In";};["Stand Left Arm"]={tm=.0170;cf=cfr(-.417,-.37,-.58,.439,.294,-.849,-.322,.934,.156,.839,.205,.505);es="Linear";ed="In";};["Stand Left Leg"]={tm=.0170;cf=cfr(-1.421,.795,-.607,.742,-.65,.165,.622,.759,.194,-.251,-.041,.967);es="Linear";ed="In";};["Stand Right Leg"]={tm=.0170;cf=cfr(-.151,.684,.356,.469,-.595,-.653,.364,.803,-.472,.805,-.016,.593);es="Linear";ed="In";};["Stand Head"]={tm=.0170;cf=cfr(0,0,0,.832,.549,-.083,-.55,.794,-.26,-.077,.262,.962);es="Linear";ed="In";};["Stand Right Arm"]={tm=.0170;cf=cfr(-.172,-.442,.243,.554,-.673,.49,.33,.719,.612,-.764,-.177,.62);es="Linear";ed="In";};};{tm=.4;["Torso"]={tm=.0169;cf=cfr(-.715,-.004,-1.333,.792,-.604,-.09,.543,.764,-.348,.279,.227,.933);es="Linear";ed="In";};["Left Leg"]={tm=.0169;cf=cfr(-.317,.866,.415,.89,.302,.341,-.27,.953,-.139,-.367,.032,.93);es="Linear";ed="In";};["Head"]={tm=.0169;cf=cfr(0,0,0,.942,.276,-.19,-.275,.961,.029,.191,.025,.981);es="Linear";ed="In";};["Left Arm"]={tm=.0169;cf=cfr(.243,-.683,-.026,.903,.063,.425,-.057,.998,-.027,-.426,0,.905);es="Linear";ed="In";};["Right Arm"]={tm=.0169;cf=cfr(-.123,-.897,.084,.915,.302,-.267,-.146,.866,.477,.375,-.398,.837);es="Linear";ed="In";};["Right Leg"]={tm=.0169;cf=cfr(.526,.903,.19,.239,.796,-.556,-.46,.597,.657,.855,.099,.509);es="Linear";ed="In";};["Stand Torso"]={tm=.0169;cf=cfr(2.524,-.9,-1.556,.523,-.336,.783,-.085,.894,.44,-.848,-.297,.439);es="Linear";ed="In";};["Stand Left Arm"]={tm=.0169;cf=cfr(-.417,-.37,-.58,.438,.294,-.849,-.323,.933,.157,.839,.205,.504);es="Linear";ed="In";};["Stand Left Leg"]={tm=.0169;cf=cfr(-1.421,.795,-.607,.742,-.65,.165,.622,.759,.194,-.251,-.041,.967);es="Linear";ed="In";};["Stand Right Leg"]={tm=.0169;cf=cfr(-.152,.685,.356,.469,-.595,-.653,.364,.804,-.471,.805,-.017,.593);es="Linear";ed="In";};["Stand Head"]={tm=.0169;cf=cfr(0,0,0,.832,.549,-.082,-.55,.794,-.26,-.077,.262,.962);es="Linear";ed="In";};["Stand Right Arm"]={tm=.0169;cf=cfr(-.172,-.442,.243,.554,-.673,.49,.331,.718,.612,-.764,-.177,.62);es="Linear";ed="In";};};{tm=.417;["Torso"]={tm=.0160;cf=cfr(-.716,-.003,-1.333,.791,-.605,-.091,.544,.764,-.347,.28,.225,.933);es="Linear";ed="In";};["Left Leg"]={tm=.0160;cf=cfr(-.318,.863,.415,.89,.302,.341,-.27,.953,-.14,-.367,.033,.93);es="Linear";ed="In";};["Head"]={tm=.0160;cf=cfr(0,0,0,.942,.276,-.191,-.275,.961,.03,.192,.025,.981);es="Linear";ed="In";};["Left Arm"]={tm=.0160;cf=cfr(.243,-.683,-.026,.903,.062,.425,-.055,.998,-.027,-.426,.001,.905);es="Linear";ed="In";};["Right Arm"]={tm=.0160;cf=cfr(-.123,-.897,.084,.915,.303,-.267,-.148,.866,.477,.376,-.397,.837);es="Linear";ed="In";};["Right Leg"]={tm=.0160;cf=cfr(.524,.902,.19,.238,.797,-.556,-.461,.596,.657,.855,.1,.509);es="Linear";ed="In";};["Stand Torso"]={tm=.0160;cf=cfr(2.524,-.9,-1.556,.523,-.336,.783,-.085,.894,.44,-.848,-.297,.439);es="Linear";ed="In";};["Stand Left Arm"]={tm=.0160;cf=cfr(-.417,-.37,-.58,.437,.294,-.85,-.323,.933,.157,.839,.206,.503);es="Linear";ed="In";};["Stand Left Leg"]={tm=.0160;cf=cfr(-1.421,.795,-.607,.742,-.65,.165,.622,.759,.193,-.251,-.041,.967);es="Linear";ed="In";};["Stand Right Leg"]={tm=.0160;cf=cfr(-.153,.687,.356,.468,-.595,-.653,.364,.804,-.471,.805,-.017,.593);es="Linear";ed="In";};["Stand Head"]={tm=.0160;cf=cfr(0,0,0,.832,.549,-.082,-.55,.794,-.261,-.078,.262,.962);es="Linear";ed="In";};["Stand Right Arm"]={tm=.0160;cf=cfr(-.172,-.442,.243,.553,-.673,.49,.331,.718,.612,-.764,-.176,.62);es="Linear";ed="In";};};{tm=.433;["Torso"]={tm=.0170;cf=cfr(-.717,-.002,-1.332,.789,-.607,-.092,.546,.763,-.346,.28,.223,.934);es="Linear";ed="In";};["Left Leg"]={tm=.0170;cf=cfr(-.319,.86,.415,.89,.303,.341,-.27,.952,-.141,-.367,.034,.93);es="Linear";ed="In";};["Head"]={tm=.0170;cf=cfr(0,0,0,.942,.276,-.192,-.275,.961,.03,.193,.025,.981);es="Linear";ed="In";};["Left Arm"]={tm=.0170;cf=cfr(.243,-.683,-.026,.903,.06,.425,-.054,.998,-.027,-.426,.001,.905);es="Linear";ed="In";};["Right Arm"]={tm=.0170;cf=cfr(-.123,-.897,.084,.914,.305,-.267,-.149,.866,.477,.377,-.397,.837);es="Linear";ed="In";};["Right Leg"]={tm=.0170;cf=cfr(.523,.901,.189,.237,.797,-.556,-.462,.596,.657,.855,.101,.509);es="Linear";ed="In";};["Stand Torso"]={tm=.0170;cf=cfr(2.523,-.9,-1.556,.522,-.336,.784,-.086,.894,.441,-.849,-.297,.438);es="Linear";ed="In";};["Stand Left Arm"]={tm=.0170;cf=cfr(-.417,-.37,-.58,.436,.295,-.85,-.324,.933,.157,.84,.207,.502);es="Linear";ed="In";};["Stand Left Leg"]={tm=.0170;cf=cfr(-1.421,.795,-.607,.742,-.65,.166,.622,.759,.193,-.251,-.04,.967);es="Linear";ed="In";};["Stand Right Leg"]={tm=.0170;cf=cfr(-.154,.688,.356,.468,-.595,-.654,.364,.804,-.471,.805,-.018,.593);es="Linear";ed="In";};["Stand Head"]={tm=.0170;cf=cfr(0,0,0,.832,.549,-.081,-.549,.794,-.261,-.079,.262,.962);es="Linear";ed="In";};["Stand Right Arm"]={tm=.0170;cf=cfr(-.172,-.442,.243,.553,-.674,.49,.332,.718,.612,-.764,-.175,.62);es="Linear";ed="In";};};{tm=.45;["Torso"]={tm=.0170;cf=cfr(-.718,0,-1.332,.788,-.609,-.093,.548,.762,-.345,.281,.221,.934);es="Linear";ed="In";};["Left Leg"]={tm=.0170;cf=cfr(-.32,.857,.414,.89,.304,.34,-.271,.952,-.143,-.367,.035,.929);es="Linear";ed="In";};["Head"]={tm=.0170;cf=cfr(0,0,0,.942,.276,-.193,-.275,.961,.03,.194,.025,.981);es="Linear";ed="In";};["Left Arm"]={tm=.0170;cf=cfr(.243,-.683,-.026,.903,.059,.425,-.053,.998,-.027,-.426,.002,.905);es="Linear";ed="In";};["Right Arm"]={tm=.0170;cf=cfr(-.123,-.897,.084,.914,.307,-.267,-.151,.866,.477,.378,-.396,.837);es="Linear";ed="In";};["Right Leg"]={tm=.0170;cf=cfr(.521,.9,.189,.236,.797,-.556,-.462,.595,.657,.855,.102,.509);es="Linear";ed="In";};["Stand Torso"]={tm=.0170;cf=cfr(2.523,-.9,-1.557,.522,-.337,.784,-.086,.893,.441,-.849,-.297,.437);es="Linear";ed="In";};["Stand Left Arm"]={tm=.0170;cf=cfr(-.417,-.37,-.58,.434,.295,-.851,-.325,.932,.158,.84,.208,.501);es="Linear";ed="In";};["Stand Left Leg"]={tm=.0170;cf=cfr(-1.421,.795,-.607,.742,-.65,.166,.622,.759,.193,-.251,-.04,.967);es="Linear";ed="In";};["Stand Right Leg"]={tm=.0170;cf=cfr(-.155,.689,.356,.468,-.594,-.654,.364,.804,-.47,.805,-.018,.593);es="Linear";ed="In";};["Stand Head"]={tm=.0170;cf=cfr(0,0,0,.832,.549,-.08,-.549,.794,-.262,-.08,.262,.962);es="Linear";ed="In";};["Stand Right Arm"]={tm=.0170;cf=cfr(-.172,-.442,.243,.552,-.674,.49,.333,.717,.612,-.765,-.175,.62);es="Linear";ed="In";};};{tm=.467;["Torso"]={tm=.0159;cf=cfr(-.719,.001,-1.332,.787,-.61,-.094,.549,.761,-.344,.281,.219,.934);es="Linear";ed="In";};["Left Leg"]={tm=.0159;cf=cfr(-.321,.854,.414,.89,.305,.34,-.271,.952,-.144,-.367,.036,.929);es="Linear";ed="In";};["Head"]={tm=.0159;cf=cfr(0,0,0,.941,.276,-.194,-.275,.961,.03,.195,.025,.981);es="Linear";ed="In";};["Left Arm"]={tm=.0159;cf=cfr(.243,-.683,-.026,.903,.057,.425,-.051,.998,-.027,-.426,.003,.905);es="Linear";ed="In";};["Right Arm"]={tm=.0159;cf=cfr(-.123,-.897,.084,.913,.309,-.267,-.153,.865,.477,.378,-.395,.837);es="Linear";ed="In";};["Right Leg"]={tm=.0159;cf=cfr(.52,.899,.189,.235,.797,-.556,-.463,.595,.657,.855,.102,.509);es="Linear";ed="In";};["Stand Torso"]={tm=.0159;cf=cfr(2.522,-.901,-1.557,.521,-.337,.784,-.086,.893,.441,-.849,-.298,.436);es="Linear";ed="In";};["Stand Left Arm"]={tm=.0159;cf=cfr(-.417,-.37,-.58,.432,.296,-.852,-.326,.932,.158,.841,.209,.499);es="Linear";ed="In";};["Stand Left Leg"]={tm=.0159;cf=cfr(-1.421,.795,-.607,.742,-.65,.166,.622,.759,.193,-.251,-.04,.967);es="Linear";ed="In";};["Stand Right Leg"]={tm=.0159;cf=cfr(-.155,.69,.356,.468,-.594,-.654,.364,.804,-.47,.805,-.018,.593);es="Linear";ed="In";};["Stand Head"]={tm=.0159;cf=cfr(0,0,0,.832,.549,-.079,-.549,.794,-.263,-.082,.262,.962);es="Linear";ed="In";};["Stand Right Arm"]={tm=.0159;cf=cfr(-.172,-.442,.243,.551,-.675,.49,.333,.717,.612,-.765,-.174,.62);es="Linear";ed="In";};};{tm=.483;["Torso"]={tm=.0170;cf=cfr(-.72,.002,-1.331,.786,-.612,-.094,.551,.761,-.343,.282,.218,.934);es="Linear";ed="In";};["Left Leg"]={tm=.0170;cf=cfr(-.322,.851,.414,.89,.306,.339,-.272,.951,-.145,-.367,.036,.929);es="Linear";ed="In";};["Head"]={tm=.0170;cf=cfr(0,0,0,.941,.276,-.195,-.275,.961,.031,.196,.025,.98);es="Linear";ed="In";};["Left Arm"]={tm=.0170;cf=cfr(.243,-.683,-.026,.904,.056,.425,-.049,.998,-.027,-.426,.004,.905);es="Linear";ed="In";};["Right Arm"]={tm=.0170;cf=cfr(-.123,-.897,.084,.912,.311,-.267,-.155,.865,.477,.379,-.394,.837);es="Linear";ed="In";};["Right Leg"]={tm=.0170;cf=cfr(.518,.898,.189,.235,.798,-.556,-.463,.594,.657,.855,.103,.509);es="Linear";ed="In";};["Stand Torso"]={tm=.0170;cf=cfr(2.522,-.901,-1.557,.52,-.338,.784,-.087,.893,.442,-.849,-.298,.436);es="Linear";ed="In";};["Stand Left Arm"]={tm=.0170;cf=cfr(-.417,-.37,-.58,.43,.297,-.853,-.327,.931,.159,.841,.211,.498);es="Linear";ed="In";};["Stand Left Leg"]={tm=.0170;cf=cfr(-1.421,.795,-.607,.742,-.65,.166,.622,.759,.193,-.251,-.04,.967);es="Linear";ed="In";};["Stand Right Leg"]={tm=.0170;cf=cfr(-.156,.692,.356,.468,-.594,-.654,.364,.804,-.47,.805,-.019,.593);es="Linear";ed="In";};["Stand Head"]={tm=.0170;cf=cfr(0,0,0,.832,.549,-.078,-.548,.794,-.263,-.083,.262,.962);es="Linear";ed="In";};["Stand Right Arm"]={tm=.0170;cf=cfr(-.172,-.442,.243,.55,-.676,.49,.334,.717,.612,-.765,-.173,.62);es="Linear";ed="In";};};{tm=.5;["Torso"]={tm=.0170;cf=cfr(-.721,.003,-1.331,.784,-.613,-.095,.552,.76,-.343,.282,.216,.935);es="Linear";ed="In";};["Left Leg"]={tm=.0170;cf=cfr(-.323,.849,.414,.889,.306,.339,-.272,.951,-.146,-.367,.037,.929);es="Linear";ed="In";};["Head"]={tm=.0170;cf=cfr(0,0,0,.941,.276,-.196,-.275,.961,.031,.197,.025,.98);es="Linear";ed="In";};["Left Arm"]={tm=.0170;cf=cfr(.243,-.683,-.026,.904,.054,.425,-.047,.999,-.027,-.426,.004,.905);es="Linear";ed="In";};["Right Arm"]={tm=.0170;cf=cfr(-.123,-.897,.084,.911,.313,-.267,-.157,.865,.477,.381,-.393,.837);es="Linear";ed="In";};["Right Leg"]={tm=.0170;cf=cfr(.517,.897,.189,.234,.798,-.556,-.464,.594,.657,.854,.104,.509);es="Linear";ed="In";};["Stand Torso"]={tm=.0170;cf=cfr(2.521,-.901,-1.557,.52,-.338,.784,-.087,.893,.442,-.85,-.298,.435);es="Linear";ed="In";};["Stand Left Arm"]={tm=.0170;cf=cfr(-.417,-.37,-.58,.428,.297,-.853,-.329,.931,.159,.842,.212,.496);es="Linear";ed="In";};["Stand Left Leg"]={tm=.0170;cf=cfr(-1.421,.795,-.607,.742,-.65,.166,.622,.759,.192,-.251,-.039,.967);es="Linear";ed="In";};["Stand Right Leg"]={tm=.0170;cf=cfr(-.157,.693,.356,.468,-.594,-.655,.364,.804,-.469,.805,-.019,.593);es="Linear";ed="In";};["Stand Head"]={tm=.0170;cf=cfr(0,0,0,.832,.549,-.076,-.548,.794,-.264,-.084,.262,.961);es="Linear";ed="In";};["Stand Right Arm"]={tm=.0170;cf=cfr(-.172,-.442,.243,.55,-.676,.49,.335,.716,.612,-.765,-.172,.62);es="Linear";ed="In";};};{tm=.517;["Torso"]={tm=.0160;cf=cfr(-.721,.004,-1.331,.783,-.614,-.096,.554,.759,-.342,.283,.215,.935);es="Linear";ed="In";};["Left Leg"]={tm=.0160;cf=cfr(-.324,.847,.414,.889,.307,.339,-.272,.951,-.147,-.367,.038,.929);es="Linear";ed="In";};["Head"]={tm=.0160;cf=cfr(0,0,0,.941,.276,-.198,-.275,.961,.032,.199,.025,.98);es="Linear";ed="In";};["Left Arm"]={tm=.0160;cf=cfr(.243,-.683,-.026,.904,.052,.425,-.045,.999,-.027,-.426,.005,.905);es="Linear";ed="In";};["Right Arm"]={tm=.0160;cf=cfr(-.123,-.897,.084,.91,.316,-.267,-.16,.864,.477,.382,-.392,.837);es="Linear";ed="In";};["Right Leg"]={tm=.0160;cf=cfr(.516,.896,.189,.233,.798,-.556,-.464,.594,.657,.854,.105,.509);es="Linear";ed="In";};["Stand Torso"]={tm=.0160;cf=cfr(2.521,-.901,-1.558,.52,-.338,.785,-.087,.893,.442,-.85,-.298,.434);es="Linear";ed="In";};["Stand Left Arm"]={tm=.0160;cf=cfr(-.417,-.37,-.58,.426,.298,-.854,-.33,.93,.16,.842,.214,.495);es="Linear";ed="In";};["Stand Left Leg"]={tm=.0160;cf=cfr(-1.421,.795,-.607,.742,-.65,.166,.622,.759,.192,-.251,-.039,.967);es="Linear";ed="In";};["Stand Right Leg"]={tm=.0160;cf=cfr(-.158,.694,.356,.468,-.594,-.655,.365,.804,-.469,.805,-.019,.593);es="Linear";ed="In";};["Stand Head"]={tm=.0160;cf=cfr(0,0,0,.832,.549,-.075,-.548,.794,-.265,-.086,.262,.961);es="Linear";ed="In";};["Stand Right Arm"]={tm=.0160;cf=cfr(-.172,-.442,.243,.549,-.677,.49,.336,.716,.612,-.765,-.171,.62);es="Linear";ed="In";};};{tm=.533;["Torso"]={tm=.0170;cf=cfr(-.722,.005,-1.331,.782,-.615,-.096,.555,.759,-.341,.283,.214,.935);es="Linear";ed="In";};["Left Leg"]={tm=.0170;cf=cfr(-.324,.844,.414,.889,.308,.339,-.273,.951,-.147,-.367,.039,.929);es="Linear";ed="In";};["Head"]={tm=.0170;cf=cfr(0,0,0,.94,.276,-.199,-.275,.961,.032,.2,.025,.979);es="Linear";ed="In";};["Left Arm"]={tm=.0170;cf=cfr(.243,-.683,-.026,.904,.05,.425,-.042,.999,-.027,-.426,.006,.905);es="Linear";ed="In";};["Right Arm"]={tm=.0170;cf=cfr(-.123,-.897,.084,.909,.319,-.267,-.163,.864,.477,.383,-.391,.837);es="Linear";ed="In";};["Right Leg"]={tm=.0170;cf=cfr(.515,.895,.188,.233,.798,-.556,-.465,.593,.657,.854,.105,.509);es="Linear";ed="In";};["Stand Torso"]={tm=.0170;cf=cfr(2.521,-.902,-1.558,.519,-.339,.785,-.087,.892,.443,-.85,-.298,.434);es="Linear";ed="In";};["Stand Left Arm"]={tm=.0170;cf=cfr(-.417,-.37,-.58,.424,.299,-.855,-.332,.93,.16,.843,.215,.493);es="Linear";ed="In";};["Stand Left Leg"]={tm=.0170;cf=cfr(-1.421,.795,-.607,.742,-.649,.167,.622,.759,.192,-.251,-.039,.967);es="Linear";ed="In";};["Stand Right Leg"]={tm=.0170;cf=cfr(-.158,.695,.356,.468,-.593,-.655,.365,.805,-.469,.805,-.02,.593);es="Linear";ed="In";};["Stand Head"]={tm=.0170;cf=cfr(0,0,0,.833,.549,-.074,-.547,.794,-.266,-.088,.262,.961);es="Linear";ed="In";};["Stand Right Arm"]={tm=.0170;cf=cfr(-.172,-.442,.243,.548,-.678,.49,.337,.715,.612,-.766,-.17,.62);es="Linear";ed="In";};};{tm=.55;["Torso"]={tm=.0169;cf=cfr(-.723,.006,-1.33,.782,-.616,-.097,.556,.758,-.341,.283,.213,.935);es="Linear";ed="In";};["Left Leg"]={tm=.0169;cf=cfr(-.325,.843,.414,.889,.308,.338,-.273,.951,-.148,-.367,.039,.929);es="Linear";ed="In";};["Head"]={tm=.0169;cf=cfr(0,0,0,.94,.276,-.201,-.275,.961,.032,.202,.025,.979);es="Linear";ed="In";};["Left Arm"]={tm=.0169;cf=cfr(.243,-.683,-.026,.904,.047,.425,-.04,.999,-.027,-.426,.007,.905);es="Linear";ed="In";};["Right Arm"]={tm=.0169;cf=cfr(-.123,-.897,.084,.908,.322,-.267,-.165,.863,.477,.384,-.389,.837);es="Linear";ed="In";};["Right Leg"]={tm=.0169;cf=cfr(.514,.895,.188,.232,.798,-.556,-.465,.593,.657,.854,.106,.509);es="Linear";ed="In";};["Stand Torso"]={tm=.0169;cf=cfr(2.52,-.902,-1.558,.519,-.339,.785,-.088,.892,.443,-.85,-.299,.433);es="Linear";ed="In";};["Stand Left Arm"]={tm=.0169;cf=cfr(-.417,-.37,-.58,.421,.299,-.856,-.333,.929,.161,.844,.217,.491);es="Linear";ed="In";};["Stand Left Leg"]={tm=.0169;cf=cfr(-1.421,.795,-.607,.742,-.649,.167,.622,.759,.192,-.251,-.039,.967);es="Linear";ed="In";};["Stand Right Leg"]={tm=.0169;cf=cfr(-.159,.695,.356,.468,-.593,-.655,.365,.805,-.468,.805,-.02,.593);es="Linear";ed="In";};["Stand Head"]={tm=.0169;cf=cfr(0,0,0,.833,.549,-.072,-.547,.794,-.267,-.089,.262,.961);es="Linear";ed="In";};["Stand Right Arm"]={tm=.0169;cf=cfr(-.172,-.442,.243,.546,-.679,.49,.339,.715,.612,-.766,-.168,.62);es="Linear";ed="In";};};{tm=.567;["Torso"]={tm=.0160;cf=cfr(-.723,.006,-1.33,.781,-.617,-.097,.557,.758,-.34,.284,.212,.935);es="Linear";ed="In";};["Left Leg"]={tm=.0160;cf=cfr(-.325,.841,.414,.889,.309,.338,-.273,.95,-.149,-.367,.04,.929);es="Linear";ed="In";};["Head"]={tm=.0160;cf=cfr(0,0,0,.94,.276,-.202,-.275,.961,.033,.203,.025,.979);es="Linear";ed="In";};["Left Arm"]={tm=.0160;cf=cfr(.243,-.683,-.026,.904,.045,.425,-.037,.999,-.027,-.426,.009,.905);es="Linear";ed="In";};["Right Arm"]={tm=.0160;cf=cfr(-.123,-.897,.084,.907,.325,-.267,-.168,.862,.477,.385,-.388,.837);es="Linear";ed="In";};["Right Leg"]={tm=.0160;cf=cfr(.513,.894,.188,.232,.798,-.556,-.465,.593,.657,.854,.106,.509);es="Linear";ed="In";};["Stand Torso"]={tm=.0160;cf=cfr(2.52,-.902,-1.558,.518,-.339,.785,-.088,.892,.443,-.851,-.299,.433);es="Linear";ed="In";};["Stand Left Arm"]={tm=.0160;cf=cfr(-.417,-.37,-.58,.419,.3,-.857,-.335,.928,.162,.844,.219,.489);es="Linear";ed="In";};["Stand Left Leg"]={tm=.0160;cf=cfr(-1.421,.795,-.607,.742,-.649,.167,.622,.759,.192,-.251,-.039,.967);es="Linear";ed="In";};["Stand Right Leg"]={tm=.0160;cf=cfr(-.159,.696,.356,.468,-.593,-.655,.365,.805,-.468,.805,-.02,.593);es="Linear";ed="In";};["Stand Head"]={tm=.0160;cf=cfr(0,0,0,.833,.549,-.071,-.546,.794,-.268,-.091,.262,.961);es="Linear";ed="In";};["Stand Right Arm"]={tm=.0160;cf=cfr(-.172,-.442,.243,.545,-.68,.49,.34,.714,.612,-.766,-.167,.62);es="Linear";ed="In";};};{tm=.583;["Torso"]={tm=.0170;cf=cfr(-.724,.007,-1.33,.78,-.618,-.098,.558,.757,-.34,.284,.211,.935);es="Linear";ed="In";};["Left Leg"]={tm=.0170;cf=cfr(-.326,.84,.414,.889,.309,.338,-.274,.95,-.149,-.367,.04,.929);es="Linear";ed="In";};["Head"]={tm=.0170;cf=cfr(0,0,0,.939,.276,-.204,-.275,.961,.033,.205,.025,.978);es="Linear";ed="In";};["Left Arm"]={tm=.0170;cf=cfr(.243,-.683,-.026,.904,.043,.425,-.035,.999,-.027,-.426,.01,.905);es="Linear";ed="In";};["Right Arm"]={tm=.0170;cf=cfr(-.123,-.897,.084,.906,.328,-.267,-.171,.862,.477,.387,-.387,.837);es="Linear";ed="In";};["Right Leg"]={tm=.0170;cf=cfr(.513,.893,.188,.231,.799,-.556,-.466,.592,.657,.854,.107,.509);es="Linear";ed="In";};["Stand Torso"]={tm=.0170;cf=cfr(2.52,-.902,-1.558,.518,-.339,.785,-.088,.892,.443,-.851,-.299,.432);es="Linear";ed="In";};["Stand Left Arm"]={tm=.0170;cf=cfr(-.417,-.37,-.58,.416,.301,-.858,-.336,.928,.163,.845,.221,.487);es="Linear";ed="In";};["Stand Left Leg"]={tm=.0170;cf=cfr(-1.421,.795,-.607,.742,-.649,.167,.622,.759,.192,-.251,-.038,.967);es="Linear";ed="In";};["Stand Right Leg"]={tm=.0170;cf=cfr(-.16,.697,.356,.468,-.593,-.655,.365,.805,-.468,.805,-.02,.593);es="Linear";ed="In";};["Stand Head"]={tm=.0170;cf=cfr(0,0,0,.833,.549,-.069,-.546,.794,-.269,-.093,.262,.961);es="Linear";ed="In";};["Stand Right Arm"]={tm=.0170;cf=cfr(-.172,-.442,.243,.544,-.681,.49,.341,.714,.612,-.767,-.166,.62);es="Linear";ed="In";};};{tm=.6;["Torso"]={tm=.0170;cf=cfr(-.724,.007,-1.33,.78,-.619,-.098,.558,.757,-.339,.284,.21,.936);es="Linear";ed="In";};["Left Leg"]={tm=.0170;cf=cfr(-.326,.838,.414,.889,.309,.338,-.274,.95,-.15,-.367,.041,.929);es="Linear";ed="In";};["Head"]={tm=.0170;cf=cfr(0,0,0,.939,.276,-.205,-.275,.961,.034,.207,.025,.978);es="Linear";ed="In";};["Left Arm"]={tm=.0170;cf=cfr(.243,-.683,-.026,.904,.04,.425,-.032,.999,-.027,-.426,.011,.905);es="Linear";ed="In";};["Right Arm"]={tm=.0170;cf=cfr(-.123,-.897,.084,.905,.331,-.267,-.174,.861,.477,.388,-.385,.837);es="Linear";ed="In";};["Right Leg"]={tm=.0170;cf=cfr(.512,.893,.188,.231,.799,-.556,-.466,.592,.657,.854,.107,.509);es="Linear";ed="In";};["Stand Torso"]={tm=.0170;cf=cfr(2.52,-.902,-1.558,.518,-.339,.785,-.088,.892,.444,-.851,-.299,.432);es="Linear";ed="In";};["Stand Left Arm"]={tm=.0170;cf=cfr(-.417,-.37,-.58,.413,.302,-.859,-.338,.927,.163,.846,.223,.485);es="Linear";ed="In";};["Stand Left Leg"]={tm=.0170;cf=cfr(-1.421,.795,-.607,.742,-.649,.167,.622,.76,.192,-.251,-.038,.967);es="Linear";ed="In";};["Stand Right Leg"]={tm=.0170;cf=cfr(-.16,.697,.355,.468,-.593,-.655,.365,.805,-.468,.805,-.02,.593);es="Linear";ed="In";};["Stand Head"]={tm=.0170;cf=cfr(0,0,0,.833,.549,-.067,-.545,.794,-.27,-.095,.262,.96);es="Linear";ed="In";};["Stand Right Arm"]={tm=.0170;cf=cfr(-.172,-.442,.243,