-- // converted using mech's animoduler
local cfr = CFrame.new

return {{tm=0;["Torso"]={tm=.067;cf=cfr(0,-.081,0,.989,-.113,.093,.114,.994,-.003,-.092,.014,.996);es="Linear";ed="In";};["Head"]={tm=.067;cf=cfr(0,0,0,.998,.036,-.049,-.049,.95,-.309,.036,.311,.95);es="Linear";ed="In";};["Right Arm"]={tm=.067;cf=cfr(.268,-.663,.02,-.904,-.425,-.046,.396,-.873,.284,-.161,.238,.958);es="Linear";ed="In";};["Left Arm"]={tm=.067;cf=cfr(-.203,-.075,-.037,.943,-.306,-.131,.332,.901,.281,.032,-.308,.951);es="Linear";ed="In";};};{tm=.067;["Torso"]={tm=.1;cf=cfr(-.034,-.492,.017,.98,.001,.199,.027,.99,-.135,-.197,.138,.971);es="Linear";ed="In";};["Head"]={tm=.1;cf=cfr(0,0,0,.97,.128,-.208,-.108,.989,.105,.219,-.08,.972);es="Linear";ed="In";};["Right Arm"]={tm=.1;cf=cfr(-.286,-.594,.034,-.712,-.518,-.474,.664,-.718,-.211,-.231,-.465,.855);es="Linear";ed="In";};["Left Arm"]={tm=.1;cf=cfr(-.303,-.111,-.06,.92,-.256,-.297,.329,.917,.227,.215,-.306,.927);es="Linear";ed="In";};};{tm=.167;["Torso"]={tm=.1;cf=cfr(-.034,-.614,.017,.909,-.311,.276,.339,.939,-.06,-.24,.148,.959);es="Linear";ed="In";};["Head"]={tm=.1;cf=cfr(0,0,0,.864,.362,-.35,-.376,.926,.032,.336,.104,.936);es="Linear";ed="In";};["Right Arm"]={tm=.1;cf=cfr(-.081,-.581,.108,.352,-.88,-.32,.842,.148,.519,-.409,-.452,.793);es="Linear";ed="In";};["Left Arm"]={tm=.1;cf=cfr(-.429,-.076,-.109,.903,.31,-.297,-.248,.942,.227,.35,-.131,.927);es="Linear";ed="In";};};{tm=.267;["Torso"]={tm=.0829;cf=cfr(-.034,-.614,.017,.162,-.958,.236,.98,.184,.074,-.115,.219,.969);es="Linear";ed="In";};["Head"]={tm=.0829;cf=cfr(0,0,0,.767,.467,-.44,-.601,.764,-.237,.225,.446,.866);es="Linear";ed="In";};["Right Arm"]={tm=.0829;cf=cfr(.29,-.49,.045,.674,-.451,-.585,.706,.627,.33,.218,-.635,.741);es="Linear";ed="In";};["Left Arm"]={tm=.0829;cf=cfr(-.429,-.076,-.109,.771,.252,-.584,-.223,.967,.122,.596,.036,.802);es="Linear";ed="In";};};{tm=.35;["Torso"]={tm=.067;cf=cfr(-.034,-.635,.017,.003,-.992,.129,1,.006,.025,-.026,.129,.991);es="Linear";ed="In";};["Head"]={tm=.067;cf=cfr(0,0,0,.601,.764,-.234,-.78,.497,-.38,-.174,.41,.895);es="Linear";ed="In";};["Right Arm"]={tm=.067;cf=cfr(.235,-.073,.056,.093,-.298,-.95,.935,-.302,.186,-.343,-.905,.251);es="Linear";ed="In";};["Left Arm"]={tm=.067;cf=cfr(-.079,-.105,.113,.843,.321,-.432,-.07,.861,.504,.534,-.395,.748);es="Linear";ed="In";};};{tm=.417;["Torso"]={tm=.0830;cf=cfr(-.034,-.635,.017,-.023,-.997,.078,.999,-.027,-.045,.047,.077,.996);es="Linear";ed="In";};["Head"]={tm=.0830;cf=cfr(0,0,0,.448,.879,-.161,-.853,.367,-.371,-.267,.303,.915);es="Linear";ed="In";};["Right Arm"]={tm=.0830;cf=cfr(.345,-.026,.248,.086,.036,-.996,.996,.006,.086,.009,-.999,-.035);es="Linear";ed="In";};["Left Arm"]={tm=.0830;cf=cfr(-.096,-.327,.102,.946,.115,-.304,.08,.825,.56,.316,-.554,.771);es="Linear";ed="In";};};{tm=.5;["Torso"]={tm=.0669;cf=cfr(-.034,-.635,.017,-.07,-.993,.096,.994,-.078,-.079,.086,.089,.992);es="Linear";ed="In";};["Head"]={tm=.0669;cf=cfr(0,0,0,.269,.956,-.115,-.928,.225,-.297,-.258,.187,.948);es="Linear";ed="In";};["Right Arm"]={tm=.0669;cf=cfr(.345,-.026,.248,-.021,.057,-.998,1,.006,-.02,.005,-.998,-.057);es="Linear";ed="In";};["Left Arm"]={tm=.0669;cf=cfr(.017,-.293,-.001,.981,-.062,.185,-.045,.849,.527,-.19,-.525,.829);es="Linear";ed="In";};};{tm=.567;["Torso"]={tm=.0330;cf=cfr(-.034,-.635,.017,-.087,-.988,.129,.995,-.093,-.043,.055,.124,.991);es="Linear";ed="In";};["Head"]={tm=.0330;cf=cfr(0,0,0,.257,.956,-.139,-.951,.225,-.212,-.171,.187,.967);es="Linear";ed="In";};["Right Arm"]={tm=.0330;cf=cfr(.345,-.026,.248,-.073,.046,-.996,.995,.067,-.07,.064,-.997,-.05);es="Linear";ed="In";};["Left Arm"]={tm=.0660;cf=cfr(.096,-.224,.044,.886,-.354,.3,.274,.921,.279,-.375,-.165,.912);es="Linear";ed="In";};};{tm=.6;["Torso"]={tm=.0330;cf=cfr(-.034,-.415,.017,.381,-.921,.082,.898,.389,.207,-.222,-.006,.975);es="Linear";ed="In";};["Head"]={tm=.0330;cf=cfr(0,0,0,.476,.829,-.293,-.871,.398,-.289,-.122,.393,.911);es="Linear";ed="In";};["Right Arm"]={tm=.0330;cf=cfr(.345,-.026,.248,.447,-.599,-.664,.855,.505,.12,.264,-.622,.738);es="Linear";ed="In";};};{tm=.633;["Torso"]={tm=.0340;cf=cfr(-.03,-.242,.033,.9,-.371,.23,.317,.918,.239,-.299,-.142,.943);es="Linear";ed="In";};["Head"]={tm=.0340;cf=cfr(0,0,0,.889,.261,-.376,-.433,.748,-.504,.149,.611,.778);es="Linear";ed="In";};["Right Arm"]={tm=.0340;cf=cfr(.397,-.179,-.088,.392,-.919,-.047,.88,.39,-.272,.268,.065,.961);es="Linear";ed="In";};["Left Arm"]={tm=.0500;cf=cfr(.115,-.073,.053,.705,-.57,.423,.487,.822,.295,-.515,-.002,.857);es="Linear";ed="In";};};{tm=.667;["Torso"]={tm=.0499;cf=cfr(-.03,-.281,-.006,.906,.31,.288,-.378,.898,.225,-.189,-.312,.931);es="Linear";ed="In";};["Head"]={tm=.0499;cf=cfr(0,0,0,.976,-.208,-.06,.173,.916,-.361,.13,.342,.931);es="Linear";ed="In";};["Right Arm"]={tm=.0499;cf=cfr(-.514,.197,-.001,-.989,-.137,-.047,.145,-.951,-.272,-.008,-.276,.961);es="Linear";ed="In";};};{tm=.683;["Left Arm"]={tm=.0499;cf=cfr(.115,-.073,.053,.954,-.289,.085,.288,.957,.017,-.086,.008,.996);es="Linear";ed="In";};};{tm=.717;["Torso"]={tm=.1159;cf=cfr(-.03,-.281,-.006,.804,.505,.314,-.568,.808,.156,-.175,-.304,.937);es="Linear";ed="In";};["Head"]={tm=.1159;cf=cfr(0,0,0,.91,-.396,-.119,.404,.914,.047,.091,-.091,.992);es="Linear";ed="In";};["Right Arm"]={tm=.1159;cf=cfr(-1.061,.12,-.05,-.987,.162,-.02,-.138,-.893,-.428,-.088,-.42,.903);es="Linear";ed="In";};};{tm=.733;["Left Arm"]={tm=.1169;cf=cfr(.115,-.073,.053,.96,.199,-.195,-.188,.979,.073,.206,-.034,.978);es="Linear";ed="In";};};{tm=.833;["Torso"]={tm=.0670;cf=cfr(-.03,-.281,-.006,.864,.475,.166,-.503,.827,.25,-.019,-.299,.954);es="Linear";ed="In";};["Head"]={tm=.0670;cf=cfr(0,0,0,.933,-.36,.003,.354,.918,.176,-.066,-.163,.984);es="Linear";ed="In";};["Right Arm"]={tm=.0670;cf=cfr(-.298,.049,-.263,-.818,.162,.552,-.36,-.893,-.27,.449,-.42,.789);es="Linear";ed="In";};};{tm=.85;["Left Arm"]={tm=.1169;cf=cfr(.115,-.073,.053,.852,.378,-.362,-.308,.921,.238,.423,-.091,.902);es="Linear";ed="In";};};{tm=.9;["Torso"]={tm=.0669;cf=cfr(-.03,-.281,-.006,.96,.276,.053,-.28,.924,.261,.023,-.266,.964);es="Linear";ed="In";};["Head"]={tm=.0669;cf=cfr(0,0,0,.954,-.299,-.028,.301,.946,.124,-.011,-.127,.992);es="Linear";ed="In";};["Right Arm"]={tm=.0669;cf=cfr(-.175,-.084,-.276,-.678,-.617,-.399,.731,-.514,-.449,.072,-.596,.8);es="Linear";ed="In";};};{tm=.967;["Torso"]={tm=0;cf=cfr(-.03,-.281,-.006,.988,.153,.035,-.157,.952,.262,.007,-.264,.965);es="Linear";ed="In";};["Head"]={tm=0;cf=cfr(0,0,0,.994,-.111,.002,.11,.988,-.11,.01,.11,.994);es="Linear";ed="In";};["Right Arm"]={tm=0;cf=cfr(-.175,-.084,-.276,-.335,-.854,-.399,.883,-.137,-.449,.329,-.502,.8);es="Linear";ed="In";};["Left Arm"]={tm=0;cf=cfr(.351,-.105,.147,.704,.455,-.545,-.341,.89,.302,.623,-.026,.782);es="Linear";ed="In";};};}