-- // converted using mech's animoduler
local cfr = CFrame.new

return {{tm=0;["StandHumanoidRootPart"]={tm=.05;cf=cfr(0,0,-3.045,1,0,0,0,1,0,0,0,1);es="Linear";ed="In";};["Stand Torso"]={tm=.05;cf=cfr(0,0,0,.711,-.204,.673,-.365,.71,.602,-.6,-.674,.43);es="Linear";ed="In";};["Stand Left Arm"]={tm=.083;cf=cfr(0,0,0,.974,.054,-.221,.044,.908,.416,.223,-.415,.882);es="Linear";ed="In";};["Stand Left Leg"]={tm=.083;cf=cfr(-.238,.603,-.119,.964,-.154,.218,.092,.958,.27,-.25,-.241,.938);es="Linear";ed="In";};["Stand Right Leg"]={tm=.083;cf=cfr(.684,.736,.124,.975,.214,.051,-.192,.941,-.278,-.108,.261,.959);es="Linear";ed="In";};["Stand Head"]={tm=.083;cf=cfr(0,0,0,.773,.611,.168,-.611,.647,.457,.17,-.456,.874);es="Linear";ed="In";};["Stand Right Arm"]={tm=.05;cf=cfr(.356,.558,.497,.504,-.541,-.673,.557,-.392,.732,-.66,-.744,.104);es="Linear";ed="In";};["Torso"]={tm=.083;cf=cfr(0,.585,-.44,.944,.331,0,-.299,.854,-.426,-.141,.402,.905);es="Linear";ed="In";};["Left Leg"]={tm=.083;cf=cfr(-.535,.736,.094,.928,-.371,.014,.37,.922,-.116,.03,.113,.993);es="Linear";ed="In";};["Head"]={tm=.083;cf=cfr(0,0,0,.959,-.283,0,.283,.959,-.031,.009,.03,1);es="Linear";ed="In";};["Left Arm"]={tm=.1;cf=cfr(.22,-.286,.384,.2,.584,-.787,-.826,.532,.185,.527,.613,.589);es="Linear";ed="In";};["Right Arm"]={tm=.1;cf=cfr(.317,.097,-.046,-.313,-.947,-.064,.753,-.289,.591,-.579,.137,.804);es="Linear";ed="In";};["Right Leg"]={tm=.083;cf=cfr(.79,.582,0,.974,-.217,.058,.222,.97,-.101,-.035,.111,.993);es="Linear";ed="In";};};{tm=.05;["StandHumanoidRootPart"]={tm=.033;cf=cfr(0,0,-3.162,1,0,0,0,1,0,0,0,1);es="Linear";ed="In";};["Stand Torso"]={tm=.033;cf=cfr(0,0,0,.746,-.331,.578,-.167,.747,.643,-.645,-.576,.502);es="Linear";ed="In";};["Stand Right Arm"]={tm=.033;cf=cfr(.356,.558,.497,-.325,-.738,-.592,.549,-.657,.518,-.77,-.156,.618);es="Linear";ed="In";};};{tm=.083;["StandHumanoidRootPart"]={tm=.034;cf=cfr(0,.022,-3.323,1,0,0,0,1,0,0,0,1);es="Linear";ed="In";};["Stand Torso"]={tm=.034;cf=cfr(0,0,0,.169,-.34,.925,-.169,.915,.367,-.971,-.219,.097);es="Linear";ed="In";};["Stand Left Arm"]={tm=.05;cf=cfr(0,0,0,.867,.496,.037,-.465,.783,.413,.176,-.376,.91);es="Linear";ed="In";};["Stand Left Leg"]={tm=.0669;cf=cfr(-.238,.603,-.119,.964,-.21,.165,.092,.841,.534,-.25,-.499,.83);es="Linear";ed="In";};["Stand Right Leg"]={tm=.05;cf=cfr(.684,.736,.124,.994,.086,.067,-.071,.976,-.208,-.083,.202,.976);es="Linear";ed="In";};["Stand Head"]={tm=.034;cf=cfr(0,0,0,.574,.818,-.022,-.791,.561,.243,.211,-.123,.97);es="Linear";ed="In";};["Stand Right Arm"]={tm=.05;cf=cfr(.779,.336,.504,-.545,-.594,-.592,.309,-.798,.518,-.78,.099,.618);es="Linear";ed="In";};["Torso"]={tm=.0669;cf=cfr(0,1.265,-1.4,.984,-.175,-.036,.138,.87,-.473,.114,.461,.88);es="Linear";ed="In";};["Left Leg"]={tm=.0669;cf=cfr(-1.148,1.143,0,.895,-.44,.074,.445,.865,-.234,.039,.242,.969);es="Linear";ed="In";};["Head"]={tm=.0669;cf=cfr(0,0,0,.992,-.075,-.098,.101,.948,.301,.07,-.309,.949);es="Linear";ed="In";};["Right Leg"]={tm=.0669;cf=cfr(1.153,1.792,.134,1,-.008,.01,.006,.986,.164,-.011,-.164,.986);es="Linear";ed="In";};};{tm=.1;["Left Arm"]={tm=.067;cf=cfr(.336,-.446,.411,.289,.586,-.757,-.846,.527,.085,.449,.616,.647);es="Linear";ed="In";};["Right Arm"]={tm=.0499;cf=cfr(-.109,.123,-.572,.592,-.803,-.064,.671,.447,.591,-.446,-.393,.804);es="Linear";ed="In";};};{tm=.117;["StandHumanoidRootPart"]={tm=.05;cf=cfr(0,.044,-3.329,1,0,0,0,1,0,0,0,1);es="Linear";ed="In";};["Stand Torso"]={tm=.05;cf=cfr(0,0,0,-.067,-.315,.947,-.07,.948,.31,-.995,-.046,-.086);es="Linear";ed="In";};["Stand Head"]={tm=.0659;cf=cfr(0,0,0,.248,.919,-.307,-.967,.254,-.02,.059,.302,.951);es="Linear";ed="In";};};{tm=.133;["Stand Left Arm"]={tm=.067;cf=cfr(.216,.125,-.065,.546,.837,.037,-.771,.485,.413,.328,-.254,.91);es="Linear";ed="In";};["Stand Right Leg"]={tm=.0499;cf=cfr(.684,.736,.124,.994,.056,.094,-.071,.984,.164,-.083,-.169,.982);es="Linear";ed="In";};["Stand Right Arm"]={tm=.0499;cf=cfr(.969,.229,.147,-.721,-.36,-.592,.002,-.856,.518,-.693,.372,.618);es="Linear";ed="In";};};{tm=.15;["Torso"]={tm=.0500;cf=cfr(0,1.388,-1.4,.955,-.267,.126,.29,.929,-.23,-.056,.256,.965);es="Linear";ed="In";};["Left Leg"]={tm=.0500;cf=cfr(-1.177,1.198,.007,.868,-.497,.021,.495,.859,-.129,.046,.122,.991);es="Linear";ed="In";};["Head"]={tm=.067;cf=cfr(0,0,0,.989,.128,-.073,-.126,.992,.031,.077,-.021,.997);es="Linear";ed="In";};["Right Arm"]={tm=.0830;cf=cfr(-.058,-.484,-.37,.674,-.534,-.511,.706,.669,.231,.219,-.517,.828);es="Linear";ed="In";};["Right Leg"]={tm=.0500;cf=cfr(1.113,1.428,.173,.995,.096,.002,-.096,.992,.086,.006,-.086,.996);es="Linear";ed="In";};["Stand Left Leg"]={tm=.067;cf=cfr(-.238,.603,-.119,.964,-.156,.216,.092,.956,.279,-.25,-.249,.936);es="Linear";ed="In";};};{tm=.167;["StandHumanoidRootPart"]={tm=.033;cf=cfr(0,.088,-3.302,1,0,0,0,1,0,0,0,1);es="Linear";ed="In";};["Stand Torso"]={tm=.033;cf=cfr(0,0,0,-.328,-.183,.927,.159,.956,.245,-.931,.227,-.284);es="Linear";ed="In";};["Left Arm"]={tm=.066;cf=cfr(.373,-.512,.443,.45,.55,-.704,-.801,.596,-.047,.394,.585,.709);es="Linear";ed="In";};};{tm=.183;["Stand Right Leg"]={tm=.067;cf=cfr(.684,.736,.124,.958,.256,.132,-.284,.911,.298,-.044,-.323,.945);es="Linear";ed="In";};["Stand Head"]={tm=.067;cf=cfr(0,0,0,.248,.885,-.395,-.967,.251,-.045,.059,.393,.918);es="Linear";ed="In";};["Stand Right Arm"]={tm=.067;cf=cfr(1.184,-.15,-.185,-.721,-.625,-.299,.002,-.433,.901,-.693,.649,.314);es="Linear";ed="In";};};{tm=.2;["StandHumanoidRootPart"]={tm=.0499;cf=cfr(0,.088,-3.365,1,0,0,0,1,0,0,0,1);es="Linear";ed="In";};["Stand Torso"]={tm=.0499;cf=cfr(0,0,0,-.398,-.062,.915,.191,.97,.148,-.897,.233,-.375);es="Linear";ed="In";};["Stand Left Arm"]={tm=.0499;cf=cfr(.783,.277,-.157,.297,.954,.037,-.874,.256,.413,.385,-.155,.91);es="Linear";ed="In";};["Torso"]={tm=.0499;cf=cfr(0,1.388,-1.4,.909,-.352,.224,.384,.916,-.115,-.165,.19,.968);es="Linear";ed="In";};["Left Leg"]={tm=.0499;cf=cfr(-1.173,1.192,.007,.868,-.497,-.002,.495,.864,-.089,.046,.076,.996);es="Linear";ed="In";};["Right Leg"]={tm=.0499;cf=cfr(1.097,1.322,.178,.989,.149,-.002,-.149,.988,.041,.009,-.04,.999);es="Linear";ed="In";};};{tm=.217;["Stand Left Leg"]={tm=.0829;cf=cfr(-.238,.603,-.119,.963,-.043,.266,.123,.949,-.291,-.24,.313,.919);es="Linear";ed="In";};["Head"]={tm=.0829;cf=cfr(0,0,0,.953,.283,-.105,-.301,.923,-.24,.029,.26,.965);es="Linear";ed="In";};};{tm=.233;["Left Arm"]={tm=.0669;cf=cfr(.436,-.599,.486,.542,.515,-.665,-.753,.648,-.112,.373,.561,.739);es="Linear";ed="In";};["Right Arm"]={tm=.0669;cf=cfr(-.309,-.571,-.501,.848,-.059,-.527,.295,.878,.376,.441,-.474,.762);es="Linear";ed="In";};};{tm=.25;["StandHumanoidRootPart"]={tm=.0499;cf=cfr(0,.088,-3.734,1,0,0,0,1,0,0,0,1);es="Linear";ed="In";};["Stand Torso"]={tm=.0499;cf=cfr(0,0,0,-.542,.146,.828,.304,.952,.031,-.783,.269,-.56);es="Linear";ed="In";};["Stand Left Arm"]={tm=.0830;cf=cfr(.861,.181,-.435,.297,.804,.516,-.874,.011,.486,.385,-.595,.706);es="Linear";ed="In";};["Stand Right Leg"]={tm=.067;cf=cfr(.667,.698,.013,.887,.439,.144,-.461,.827,.321,.022,-.351,.936);es="Linear";ed="In";};["Stand Head"]={tm=.0499;cf=cfr(0,0,0,.269,.855,-.444,-.963,.247,-.107,.018,.457,.889);es="Linear";ed="In";};["Stand Right Arm"]={tm=.0999;cf=cfr(1.082,-.577,.025,-.826,-.479,-.299,-.079,-.426,.901,-.559,.768,.314);es="Linear";ed="In";};["Torso"]={tm=.0499;cf=cfr(0,1.24,-1.4,.871,-.419,.255,.437,.899,-.016,-.223,.125,.967);es="Linear";ed="In";};["Left Leg"]={tm=.0499;cf=cfr(-1.173,1.192,.007,.789,-.613,-.035,.613,.79,-.032,.047,.004,.999);es="Linear";ed="In";};["Right Leg"]={tm=.0499;cf=cfr(1.092,1.306,.177,.955,.297,-.016,-.297,.955,-.002,.015,.007,1);es="Linear";ed="In";};};{tm=.3;["Torso"]={tm=.0330;cf=cfr(0,1.118,-1.131,.836,-.47,.284,.489,.873,.005,-.25,.134,.959);es="Linear";ed="In";};["Left Leg"]={tm=.0330;cf=cfr(-1.186,1.006,0,.789,-.61,-.077,.613,.79,.022,.047,-.065,.997);es="Linear";ed="In";};["Head"]={tm=.0330;cf=cfr(0,0,0,.953,.25,-.17,-.301,.839,-.454,.029,.484,.875);es="Linear";ed="In";};["Left Arm"]={tm=.0499;cf=cfr(.174,-.308,.357,.636,.487,-.599,-.706,.681,-.196,.313,.548,.776);es="Linear";ed="In";};["Right Arm"]={tm=.0499;cf=cfr(-.565,-.475,-.371,.823,.2,-.531,.003,.934,.357,.568,-.296,.768);es="Linear";ed="In";};["Right Leg"]={tm=.0330;cf=cfr(.953,.876,.162,.942,.332,-.043,-.334,.939,-.08,.014,.09,.996);es="Linear";ed="In";};["StandHumanoidRootPart"]={tm=.0330;cf=cfr(0,.088,-4.053,1,0,0,0,1,0,0,0,1);es="Linear";ed="In";};["Stand Torso"]={tm=.0330;cf=cfr(0,0,0,.146,.128,.981,.317,.933,-.169,-.937,.335,.096);es="Linear";ed="In";};["Stand Left Leg"]={tm=.067;cf=cfr(-.272,.981,.068,.957,-.08,.279,.193,.893,-.406,-.216,.443,.87);es="Linear";ed="In";};["Stand Head"]={tm=.0499;cf=cfr(0,0,0,.618,.757,-.215,-.751,.487,-.446,-.233,.437,.869);es="Linear";ed="In";};};{tm=.317;["Stand Right Leg"]={tm=.066;cf=cfr(.667,.698,.013,.978,-.197,.064,.195,.98,.032,-.069,-.019,.997);es="Linear";ed="In";};};{tm=.333;["StandHumanoidRootPart"]={tm=.0499;cf=cfr(0,.088,-4.274,1,0,0,0,1,0,0,0,1);es="Linear";ed="In";};["Stand Torso"]={tm=.0499;cf=cfr(0,0,0,.854,.145,.501,-.008,.964,-.266,-.521,.223,.824);es="Linear";ed="In";};["Stand Left Arm"]={tm=.0499;cf=cfr(.901,.194,-.48,.508,.835,.212,-.837,.419,.352,.205,-.356,.912);es="Linear";ed="In";};["Torso"]={tm=.0339;cf=cfr(0,.9,-.963,.997,0,.076,-.001,1,.025,-.076,-.025,.997);es="Linear";ed="In";};["Left Leg"]={tm=.0339;cf=cfr(-.798,.589,.04,.73,-.681,.059,.682,.721,-.123,.041,.131,.991);es="Linear";ed="In";};["Head"]={tm=.0839;cf=cfr(0,0,0,.991,-.133,.026,.131,.89,-.437,.035,.436,.899);es="Linear";ed="In";};["Right Leg"]={tm=.0339;cf=cfr(.938,.835,.158,.942,.332,-.043,-.334,.939,-.08,.014,.09,.996);es="Linear";ed="In";};};{tm=.35;["Left Arm"]={tm=.067;cf=cfr(.209,-.226,.425,.951,.308,.028,-.22,.737,-.639,-.217,.601,.769);es="Linear";ed="In";};["Right Arm"]={tm=.0500;cf=cfr(-.098,-.311,-.301,.913,-.319,-.255,.407,.756,.513,.029,-.572,.82);es="Linear";ed="In";};["Stand Head"]={tm=.0330;cf=cfr(0,0,0,.908,-.408,.096,.416,.849,-.325,.051,.335,.941);es="Linear";ed="In";};["Stand Right Arm"]={tm=.1000;cf=cfr(.135,-.766,.288,-.301,-.906,-.299,.223,-.371,.901,-.927,.205,.314);es="Linear";ed="In";};};{tm=.367;["Torso"]={tm=.0499;cf=cfr(0,.713,-.527,.808,.584,-.073,-.569,.807,.159,.152,-.087,.984);es="Linear";ed="In";};["Left Leg"]={tm=.0499;cf=cfr(-.395,.162,-.038,.73,-.631,.262,.682,.65,-.335,.041,.423,.905);es="Linear";ed="In";};["Right Leg"]={tm=.0499;cf=cfr(.812,.374,.115,.964,.266,-.01,-.265,.963,.041,.021,-.037,.999);es="Linear";ed="In";};["Stand Left Leg"]={tm=.0830;cf=cfr(-.48,1.379,-.499,.957,-.288,-.032,.193,.551,.812,-.216,-.783,.583);es="Linear";ed="In";};};{tm=.383;["StandHumanoidRootPart"]={tm=.067;cf=cfr(.041,.088,-4.495,1,0,0,0,1,0,0,0,1);es="Linear";ed="In";};["Stand Torso"]={tm=.067;cf=cfr(0,0,0,.284,.214,-.935,.668,.655,.353,.688,-.724,.044);es="Linear";ed="In";};["Stand Left Arm"]={tm=.067;cf=cfr(.141,-.122,-.131,.882,-.026,.471,-.405,-.555,.727,.243,-.832,-.499);es="Linear";ed="In";};["Stand Right Leg"]={tm=.067;cf=cfr(.667,.698,.013,.978,-.1,.181,.195,.735,-.649,-.069,.67,.739);es="Linear";ed="In";};["Stand Head"]={tm=.067;cf=cfr(0,0,0,.387,-.845,-.37,.919,.321,.228,-.073,-.428,.901);es="Linear";ed="In";};};{tm=.4;["Right Arm"]={tm=.133;cf=cfr(-.444,-.076,-.283,.897,.412,-.161,-.206,.711,.673,.392,-.57,.722);es="Linear";ed="In";};};{tm=.417;["Torso"]={tm=.1160;cf=cfr(0,.547,-.125,.34,.937,-.078,-.876,.346,.337,.343,-.046,.938);es="Linear";ed="In";};["Left Leg"]={tm=.1160;cf=cfr(-.795,.751,.207,.915,-.361,.178,.383,.917,-.112,-.123,.171,.978);es="Linear";ed="In";};["Head"]={tm=.1160;cf=cfr(0,0,0,.663,-.717,.217,.681,.456,-.573,.312,.527,.79);es="Linear";ed="In";};["Left Arm"]={tm=.1000;cf=cfr(.419,-.273,.236,.304,.629,-.716,-.838,.534,.113,.453,.565,.689);es="Linear";ed="In";};["Right Leg"]={tm=.1330;cf=cfr(1.026,1.127,-.22,.964,.251,.086,-.265,.884,.384,.021,-.393,.919);es="Linear";ed="In";};};{tm=.45;["StandHumanoidRootPart"]={tm=.0499;cf=cfr(.024,.088,-4.495,1,0,0,0,1,0,0,0,1);es="Linear";ed="In";};["Stand Torso"]={tm=.0499;cf=cfr(0,0,0,-.071,.295,-.953,.846,.523,.099,.528,-.799,-.287);es="Linear";ed="In";};["Stand Left Arm"]={tm=.067;cf=cfr(.521,.3,.575,.938,-.337,.073,-.303,-.702,.645,-.166,-.628,-.761);es="Linear";ed="In";};["Stand Left Leg"]={tm=.067;cf=cfr(-.628,.522,.065,.874,-.458,.162,.437,.887,.149,-.212,-.059,.976);es="Linear";ed="In";};["Stand Right Leg"]={tm=.067;cf=cfr(1.157,.928,.229,.923,.355,-.151,-.385,.863,-.327,.014,.36,.933);es="Linear";ed="In";};["Stand Head"]={tm=.0830;cf=cfr(0,0,0,.003,-.959,-.284,1,.008,-.018,.02,-.284,.959);es="Linear";ed="In";};["Stand Right Arm"]={tm=.0499;cf=cfr(-.806,-.267,-.344,.73,-.597,-.334,.681,.592,.432,-.06,-.542,.838);es="Linear";ed="In";};};{tm=.5;["StandHumanoidRootPart"]={tm=.0999;cf=cfr(.019,.088,-4.495,1,0,0,0,1,0,0,0,1);es="Linear";ed="In";};["Stand Torso"]={tm=.0999;cf=cfr(0,0,0,-.098,.192,-.977,.835,.549,.024,.541,-.813,-.214);es="Linear";ed="In";};["Stand Right Arm"]={tm=.133;cf=cfr(-.806,-.267,-.344,.985,.025,-.173,.056,.893,.447,.166,-.45,.878);es="Linear";ed="In";};};{tm=.517;["Stand Left Arm"]={tm=.0999;cf=cfr(.435,.3,.579,.999,-.037,-.021,-.011,-.71,.705,-.041,-.704,-.709);es="Linear";ed="In";};["Stand Left Leg"]={tm=.0999;cf=cfr(-.646,.575,.109,.829,-.476,.294,.522,.847,-.101,-.201,.237,.95);es="Linear";ed="In";};["Stand Right Leg"]={tm=.1159;cf=cfr(1.157,.928,.229,.899,.435,-.056,-.438,.889,-.133,-.008,.144,.99);es="Linear";ed="In";};["Left Arm"]={tm=.1500;cf=cfr(.419,-.273,.236,.195,.648,-.736,-.869,.462,.176,.454,.606,.653);es="Linear";ed="In";};};{tm=.533;["Torso"]={tm=.134;cf=cfr(0,.48,.065,.071,.997,.03,-.913,.052,.405,.402,-.056,.914);es="Linear";ed="In";};["Left Leg"]={tm=.134;cf=cfr(-.881,.97,.248,.915,-.361,.178,.383,.917,-.112,-.123,.171,.978);es="Linear";ed="In";};["Head"]={tm=.1669;cf=cfr(0,0,0,.671,-.717,.187,.703,.537,-.466,.234,.444,.865);es="Linear";ed="In";};["Right Arm"]={tm=.1669;cf=cfr(-.166,-.1,-.155,.825,.535,-.18,-.274,.658,.701,.494,-.529,.69);es="Linear";ed="In";};["Stand Head"]={tm=.0839;cf=cfr(0,0,0,-.045,-.975,-.217,.971,.008,-.237,.233,-.222,.947);es="Linear";ed="In";};};{tm=.55;["Right Leg"]={tm=.1499;cf=cfr(1.088,1.369,-.285,.969,.24,.051,-.245,.937,.249,.012,-.253,.967);es="Linear";ed="In";};};{tm=.6;["StandHumanoidRootPart"]={tm=.0999;cf=cfr(.018,.088,-4.495,1,0,0,0,1,0,0,0,1);es="Linear";ed="In";};["Stand Torso"]={tm=.0999;cf=cfr(0,0,0,.067,.03,-.997,.779,.623,.071,.623,-.782,.019);es="Linear";ed="In";};};{tm=.617;["Stand Left Arm"]={tm=.0829;cf=cfr(.384,.28,.557,.973,.202,-.115,.205,-.511,.835,.11,-.835,-.539);es="Linear";ed="In";};["Stand Left Leg"]={tm=.0829;cf=cfr(-.683,.602,.029,.814,-.477,.331,.547,.821,-.163,-.194,.314,.93);es="Linear";ed="In";};["Stand Head"]={tm=.0829;cf=cfr(0,0,0,-.01,-.963,-.27,.963,.064,-.262,.27,-.262,.927);es="Linear";ed="In";};};{tm=.633;["Stand Right Leg"]={tm=.0999;cf=cfr(1.157,.928,.229,.845,.532,.058,-.535,.839,.1,.005,-.116,.993);es="Linear";ed="In";};["Stand Right Arm"]={tm=.0669;cf=cfr(-.695,-.29,-.31,.939,.297,-.173,-.194,.873,.447,.284,-.386,.878);es="Linear";ed="In";};};{tm=.667;["Torso"]={tm=.0659;cf=cfr(0,.374,-.112,.09,.99,.111,-.888,.03,.458,.45,-.14,.882);es="Linear";ed="In";};["Left Leg"]={tm=.1159;cf=cfr(-.959,1.184,.267,.928,-.339,.15,.348,.937,-.034,-.129,.084,.988);es="Linear";ed="In";};["Left Arm"]={tm=.0999;cf=cfr(.419,-.273,.236,.118,.666,-.736,-.917,.357,.176,.38,.655,.653);es="Linear";ed="In";};};{tm=.7;["StandHumanoidRootPart"]={tm=.1000;cf=cfr(.024,.088,-4.495,1,0,0,0,1,0,0,0,1);es="Linear";ed="In";};["Stand Torso"]={tm=.1000;cf=cfr(0,0,0,.278,-.021,-.96,.725,.661,.196,.63,-.75,.199);es="Linear";ed="In";};["Stand Left Arm"]={tm=.1000;cf=cfr(.197,.121,.594,.959,.259,-.115,.235,-.498,.835,.159,-.827,-.539);es="Linear";ed="In";};["Stand Left Leg"]={tm=.1670;cf=cfr(-.743,.632,-.1,.789,-.507,.347,.588,.786,-.188,-.178,.353,.919);es="Linear";ed="In";};["Stand Head"]={tm=.1000;cf=cfr(0,0,0,.157,-.95,-.27,.955,.216,-.205,.253,-.226,.941);es="Linear";ed="In";};["Stand Right Arm"]={tm=.1000;cf=cfr(-.679,-.297,-.303,.896,.403,-.187,-.297,.857,.421,.33,-.322,.887);es="Linear";ed="In";};["Head"]={tm=.0830;cf=cfr(0,0,0,.671,-.732,.119,.703,.578,-.414,.234,.362,.902);es="Linear";ed="In";};["Right Arm"]={tm=.0500;cf=cfr(-.489,-.122,-.389,.635,.702,-.322,-.144,.517,.844,.759,-.49,.429);es="Linear";ed="In";};["Right Leg"]={tm=.0830;cf=cfr(1.122,1.501,-.308,.969,.244,.029,-.245,.956,.163,.012,-.166,.986);es="Linear";ed="In";};};{tm=.733;["Torso"]={tm=.134;cf=cfr(0,.291,-.72,.265,.955,.135,-.845,.162,.509,.464,-.249,.85);es="Linear";ed="In";};["Stand Right Leg"]={tm=.134;cf=cfr(1.15,.917,.159,.818,.567,.101,-.575,.802,.161,.01,-.19,.982);es="Linear";ed="In";};};{tm=.75;["Right Arm"]={tm=.0829;cf=cfr(-.248,-.19,-.263,.693,.592,-.411,-.058,.615,.786,.718,-.521,.461);es="Linear";ed="In";};};{tm=.767;["Left Arm"]={tm=.0999;cf=cfr(.423,-.341,.259,.057,.674,-.736,-.946,.273,.176,.319,.687,.653);es="Linear";ed="In";};};{tm=.783;["Left Leg"]={tm=.0839;cf=cfr(-1.071,1.474,.241,.928,-.36,.091,.348,.929,.124,-.129,-.084,.988);es="Linear";ed="In";};["Head"]={tm=.0839;cf=cfr(0,0,0,.742,-.656,-.135,.629,.752,-.194,.229,.059,.972);es="Linear";ed="In";};["Right Leg"]={tm=.0839;cf=cfr(.906,.856,-.253,.939,.345,.014,-.344,.934,.096,.02,-.095,.995);es="Linear";ed="In";};};{tm=.8;["StandHumanoidRootPart"]={tm=.0669;cf=cfr(.029,.088,-4.495,1,0,0,0,1,0,0,0,1);es="Linear";ed="In";};["Stand Torso"]={tm=.0669;cf=cfr(0,0,0,.341,-.057,-.938,.72,.657,.222,.604,-.752,.265);es="Linear";ed="In";};["Stand Left Arm"]={tm=.0669;cf=cfr(.066,.151,.644,.972,.235,-.019,.147,-.54,.829,.185,-.808,-.559);es="Linear";ed="In";};["Stand Head"]={tm=.0669;cf=cfr(0,0,0,.315,-.914,-.256,.929,.352,-.115,.195,-.201,.96);es="Linear";ed="In";};["Stand Right Arm"]={tm=.0669;cf=cfr(-.667,-.302,-.298,.879,.433,-.2,-.33,.854,.402,.345,-.288,.893);es="Linear";ed="In";};};{tm=.833;["Right Arm"]={tm=.0340;cf=cfr(.174,-.262,-.143,.897,-.186,-.4,.375,.799,.469,.232,-.571,.787);es="Linear";ed="In";};};{tm=.867;["StandHumanoidRootPart"]={tm=0;cf=cfr(.029,.088,-4.495,1,0,0,0,1,0,0,0,1);es="Linear";ed="In";};["Stand Torso"]={tm=0;cf=cfr(0,0,0,.318,-.047,-.947,.73,.65,.213,.605,-.759,.241);es="Linear";ed="In";};["Stand Left Arm"]={tm=0;cf=cfr(.066,.151,.644,.978,.21,-.019,.133,-.544,.829,.163,-.813,-.559);es="Linear";ed="In";};["Stand Left Leg"]={tm=0;cf=cfr(-.743,.617,-.139,.813,-.487,.32,.549,.824,-.141,-.195,.29,.937);es="Linear";ed="In";};["Stand Right Leg"]={tm=0;cf=cfr(1.105,.947,.159,.832,.548,.086,-.555,.82,.139,.006,-.163,.987);es="Linear";ed="In";};["Stand Head"]={tm=0;cf=cfr(0,0,0,.345,-.905,-.249,.927,.371,-.061,.148,-.21,.967);es="Linear";ed="In";};["Stand Right Arm"]={tm=0;cf=cfr(-.667,-.302,-.298,.906,.373,-.2,-.271,.874,.402,.325,-.31,.893);es="Linear";ed="In";};["Torso"]={tm=0;cf=cfr(0,.15,-1.508,.882,.427,.201,-.418,.904,-.084,-.218,-.01,.976);es="Linear";ed="In";};["Left Leg"]={tm=0;cf=cfr(-1.026,1.48,.236,.985,-.144,.091,.133,.983,.124,-.107,-.11,.988);es="Linear";ed="In";};["Head"]={tm=0;cf=cfr(0,0,0,.841,-.486,-.239,.496,.868,-.019,.216,-.103,.971);es="Linear";ed="In";};["Left Arm"]={tm=0;cf=cfr(.423,-.341,.259,.116,.78,-.615,-.947,.273,.167,.298,.563,.771);es="Linear";ed="In";};["Right Arm"]={tm=0;cf=cfr(.355,-.266,-.149,.911,.402,-.088,-.361,.883,.298,.198,-.24,.95);es="Linear";ed="In";};["Right Leg"]={tm=0;cf=cfr(1.015,1.226,-.301,.933,.361,-.005,-.361,.932,.029,.015,-.025,1);es="Linear";ed="In";};};}