-- // converted using mech's animoduler
local cfr = CFrame.new

return {{tm=0;["Stand Torso"]={tm=.067;cf=cfr(.09,.161,-3.148,.266,-.087,-.96,.172,.984,-.042,.949,-.154,.277);es="Linear";ed="In";};["Stand Left Arm"]={tm=.067;cf=cfr(-.249,-.284,.592,.991,.134,-.006,.001,.04,.999,.134,-.99,.039);es="Linear";ed="In";};["Stand Left Leg"]={tm=.067;cf=cfr(-.218,.273,.049,.947,-.217,.237,.153,.953,.261,-.282,-.211,.936);es="Linear";ed="In";};["Stand Right Leg"]={tm=.067;cf=cfr(.428,-.023,-.027,.989,.141,.03,-.138,.987,-.081,-.041,.076,.996);es="Linear";ed="In";};["Stand Head"]={tm=.067;cf=cfr(0,0,0,.43,-.9,.079,.901,.433,.031,-.062,.058,.996);es="Linear";ed="In";};["Stand Right Arm"]={tm=.067;cf=cfr(.012,-.086,.002,.977,-.001,.211,-.007,.999,.036,-.211,-.037,.977);es="Linear";ed="In";};};{tm=.067;["Stand Torso"]={tm=.0829;cf=cfr(-.114,.161,-3.242,.869,-.087,-.487,.151,.984,.093,.471,-.154,.869);es="Linear";ed="In";};["Stand Left Arm"]={tm=.066;cf=cfr(-.043,-.331,.413,.244,.969,.036,-.204,.015,.979,.948,-.246,.202);es="Linear";ed="In";};["Stand Left Leg"]={tm=.066;cf=cfr(-.218,.273,.049,.949,.109,.296,-.091,.993,-.072,-.301,.041,.953);es="Linear";ed="In";};["Stand Right Leg"]={tm=.05;cf=cfr(.428,-.023,-.027,.897,.439,.048,-.441,.897,.044,-.024,-.06,.998);es="Linear";ed="In";};["Stand Head"]={tm=.05;cf=cfr(0,0,0,.9,-.426,-.092,.423,.905,-.049,.104,.006,.995);es="Linear";ed="In";};["Stand Right Arm"]={tm=.0829;cf=cfr(.012,-.086,.002,.964,.251,-.084,-.237,.96,.15,.118,-.124,.985);es="Linear";ed="In";};};{tm=.117;["Stand Right Leg"]={tm=.0659;cf=cfr(.446,.015,-.038,.897,.423,.126,-.441,.874,.203,-.024,-.238,.971);es="Linear";ed="In";};["Stand Head"]={tm=.0659;cf=cfr(0,0,0,.99,-.137,.018,.137,.952,-.274,.021,.274,.962);es="Linear";ed="In";};};{tm=.133;["Stand Left Arm"]={tm=.067;cf=cfr(-.025,-.457,.399,-.2,.975,-.094,-.47,-.011,.883,.86,.221,.46);es="Linear";ed="In";};["Stand Left Leg"]={tm=.067;cf=cfr(-.218,.273,.049,.949,.167,.267,-.091,.957,-.275,-.301,.236,.924);es="Linear";ed="In";};};{tm=.15;["Stand Torso"]={tm=.067;cf=cfr(-.305,.161,-3.242,.682,.161,.713,-.183,.982,-.046,-.708,-.099,.699);es="Linear";ed="In";};["Stand Right Arm"]={tm=.0830;cf=cfr(.477,.181,-.1,.852,-.496,.167,.489,.868,.084,-.186,.01,.982);es="Linear";ed="In";};};{tm=.183;["Stand Right Leg"]={tm=.0999;cf=cfr(.446,.015,-.038,.799,.588,.126,-.601,.773,.203,.023,-.238,.971);es="Linear";ed="In";};["Stand Head"]={tm=.0999;cf=cfr(0,0,0,.897,.441,.01,-.403,.827,-.392,-.181,.348,.92);es="Linear";ed="In";};};{tm=.2;["Stand Left Arm"]={tm=.0829;cf=cfr(.085,-.551,.43,.602,.791,-.106,-.382,.402,.832,.701,-.461,.545);es="Linear";ed="In";};["Stand Left Leg"]={tm=.1169;cf=cfr(-.136,.577,.085,.924,.258,.281,-.211,.96,-.186,-.318,.113,.942);es="Linear";ed="In";};};{tm=.217;["Stand Torso"]={tm=.0500;cf=cfr(-.41,.28,-3.242,.538,.194,.821,-.019,.976,-.219,-.843,.102,.528);es="Linear";ed="In";};};{tm=.233;["Stand Right Arm"]={tm=.0499;cf=cfr(.653,.311,-.186,-.661,-.749,-.054,.578,-.554,.599,-.479,.364,.799);es="Linear";ed="In";};};{tm=.267;["Stand Torso"]={tm=.0329;cf=cfr(-.462,.34,-3.319,.356,.157,.921,.159,.961,-.226,-.921,.227,.317);es="Linear";ed="In";};};{tm=.283;["Stand Left Arm"]={tm=.067;cf=cfr(-.029,-.534,.379,.599,.796,-.084,-.423,.404,.811,.68,-.45,.579);es="Linear";ed="In";};["Stand Right Leg"]={tm=.067;cf=cfr(.446,.015,-.038,.856,.509,.095,-.518,.842,.153,-.002,-.18,.984);es="Linear";ed="In";};["Stand Head"]={tm=.0840;cf=cfr(0,0,0,.8,.545,.251,-.524,.838,-.149,-.291,-.012,.957);es="Linear";ed="In";};["Stand Right Arm"]={tm=.067;cf=cfr(.728,.539,-.327,-.925,-.268,-.268,.073,-.82,.567,-.372,.505,.779);es="Linear";ed="In";};};{tm=.3;["Stand Torso"]={tm=.0499;cf=cfr(-.462,.34,-3.473,.121,.035,.992,.301,.951,-.07,-.946,.307,.105);es="Linear";ed="In";};};{tm=.317;["Stand Left Leg"]={tm=.0830;cf=cfr(-.136,.577,.085,.847,.411,.338,-.414,.908,-.067,-.334,-.083,.939);es="Linear";ed="In";};};{tm=.35;["Stand Torso"]={tm=.0330;cf=cfr(-.462,.34,-3.473,-.208,-.004,.978,-.001,1,.004,-.978,0,-.208);es="Linear";ed="In";};["Stand Left Arm"]={tm=.1000;cf=cfr(-.004,-.618,.298,.604,.791,-.096,-.419,.418,.806,.678,-.447,.584);es="Linear";ed="In";};["Stand Right Leg"]={tm=.0500;cf=cfr(.446,.015,-.038,.904,.393,.168,-.427,.849,.31,-.021,-.352,.936);es="Linear";ed="In";};["Stand Right Arm"]={tm=.0330;cf=cfr(.558,.814,.051,-.918,.002,-.397,-.236,-.808,.54,-.32,.589,.742);es="Linear";ed="In";};};{tm=.367;["Stand Head"]={tm=.066;cf=cfr(0,0,0,.67,.587,.454,-.622,.778,-.09,-.406,-.222,.887);es="Linear";ed="In";};};{tm=.383;["Stand Torso"]={tm=.067;cf=cfr(-.462,-.097,-3.473,.762,.108,.639,-.292,.938,.189,-.578,-.331,.746);es="Linear";ed="In";};["Stand Right Arm"]={tm=.067;cf=cfr(1.683,.159,-.315,-.388,-.915,-.112,.634,-.353,.688,-.669,.195,.717);es="Linear";ed="In";};};{tm=.4;["Stand Left Leg"]={tm=.067;cf=cfr(-.739,.924,.309,.649,-.614,.45,.585,.78,.221,-.487,.12,.865);es="Linear";ed="In";};["Stand Right Leg"]={tm=.0499;cf=cfr(.65,.504,-.405,.979,-.158,.129,.06,.826,.56,-.196,-.541,.818);es="Linear";ed="In";};};{tm=.433;["Stand Head"]={tm=.0499;cf=cfr(0,0,0,.888,-.023,.46,.13,.971,-.201,-.441,.238,.865);es="Linear";ed="In";};};{tm=.45;["Stand Torso"]={tm=.0499;cf=cfr(-.462,-.196,-3.473,.897,.428,-.111,-.281,.745,.606,.342,-.512,.788);es="Linear";ed="In";};["Stand Left Arm"]={tm=.0499;cf=cfr(-.015,-.754,.052,.257,.956,-.143,-.544,.265,.796,.799,-.127,.588);es="Linear";ed="In";};["Stand Right Leg"]={tm=.0499;cf=cfr(.714,.686,-.031,.979,-.159,.129,.06,.823,.565,-.196,-.545,.815);es="Linear";ed="In";};["Stand Right Arm"]={tm=.0499;cf=cfr(.476,-.207,-.171,.8,-.306,-.517,.6,.395,.695,-.008,-.866,.5);es="Linear";ed="In";};};{tm=.467;["Stand Left Leg"]={tm=.0830;cf=cfr(-.739,.924,.309,.673,-.43,.601,.54,.842,-.002,-.505,.326,.799);es="Linear";ed="In";};};{tm=.483;["Stand Head"]={tm=.0500;cf=cfr(0,0,0,.966,-.196,.17,.258,.791,-.555,-.025,.58,.814);es="Linear";ed="In";};};{tm=.5;["Stand Torso"]={tm=.0669;cf=cfr(-.462,-.195,-3.473,.841,.477,-.255,-.248,.76,.601,.48,-.442,.758);es="Linear";ed="In";};["Stand Left Arm"]={tm=.1169;cf=cfr(-.313,-.667,-.2,-.344,.921,-.183,-.63,-.082,.772,.696,.381,.609);es="Linear";ed="In";};["Stand Right Leg"]={tm=.0999;cf=cfr(.714,.686,-.031,.985,.044,.168,-.141,.768,.625,-.102,-.639,.762);es="Linear";ed="In";};["Stand Right Arm"]={tm=.0500;cf=cfr(.451,-.214,.141,.915,.113,-.387,.294,.471,.832,.276,-.875,.398);es="Linear";ed="In";};};{tm=.533;["Stand Head"]={tm=.0839;cf=cfr(0,0,0,.956,-.293,.027,.255,.781,-.57,.146,.552,.821);es="Linear";ed="In";};};{tm=.55;["Stand Left Leg"]={tm=.0999;cf=cfr(-.724,.875,.291,.714,-.275,.643,.428,.899,-.091,-.554,.34,.76);es="Linear";ed="In";};["Stand Right Arm"]={tm=.0499;cf=cfr(.318,-.051,.237,.911,.196,-.362,.122,.711,.693,.393,-.676,.624);es="Linear";ed="In";};};{tm=.567;["Stand Torso"]={tm=.0500;cf=cfr(-.462,-.169,-3.473,.826,.455,-.333,-.241,.819,.521,.509,-.35,.786);es="Linear";ed="In";};};{tm=.6;["Stand Right Leg"]={tm=.0500;cf=cfr(.714,.686,-.031,.948,.283,.147,-.319,.85,.421,-.006,-.445,.895);es="Linear";ed="In";};["Stand Right Arm"]={tm=.0500;cf=cfr(.298,-.048,.244,.919,.201,-.34,.034,.818,.575,.393,-.54,.745);es="Linear";ed="In";};};{tm=.617;["Stand Torso"]={tm=.0829;cf=cfr(-.462,-.136,-3.473,.879,.372,-.3,-.224,.875,.429,.422,-.309,.852);es="Linear";ed="In";};["Stand Left Arm"]={tm=.0829;cf=cfr(-.654,-.616,-.456,-.777,.587,-.226,-.516,-.39,.763,.36,.71,.606);es="Linear";ed="In";};["Stand Head"]={tm=.0500;cf=cfr(0,0,0,.955,-.293,-.045,.245,.867,-.435,.166,.404,.899);es="Linear";ed="In";};};{tm=.65;["Stand Left Leg"]={tm=.133;cf=cfr(-.715,.804,.255,.72,-.119,.683,.39,.884,-.257,-.574,.451,.683);es="Linear";ed="In";};["Stand Right Leg"]={tm=.0330;cf=cfr(.714,.686,-.031,.95,.291,.112,-.311,.896,.318,-.008,-.337,.942);es="Linear";ed="In";};["Stand Right Arm"]={tm=.0499;cf=cfr(.298,-.048,.244,.937,.167,-.307,.002,.876,.482,.35,-.453,.82);es="Linear";ed="In";};};{tm=.667;["Stand Head"]={tm=.0829;cf=cfr(0,0,0,.957,-.283,-.058,.237,.885,-.402,.164,.371,.914);es="Linear";ed="In";};};{tm=.683;["Stand Right Leg"]={tm=.0499;cf=cfr(.714,.686,-.031,.952,.291,.093,-.305,.916,.26,-.009,-.276,.961);es="Linear";ed="In";};};{tm=.7;["Stand Torso"]={tm=.1000;cf=cfr(-.462,-.099,-3.473,.939,.258,-.228,-.173,.927,.333,.297,-.273,.915);es="Linear";ed="In";};["Stand Left Arm"]={tm=.1830;cf=cfr(-.654,-.745,-.34,-.84,.493,-.226,-.467,-.447,.763,.275,.747,.606);es="Linear";ed="In";};["Stand Right Arm"]={tm=.1000;cf=cfr(.27,-.055,.251,.959,.1,-.264,.016,.915,.403,.282,-.391,.876);es="Linear";ed="In";};};{tm=.733;["Stand Right Leg"]={tm=.0670;cf=cfr(.714,.686,-.031,.957,.276,.085,-.289,.928,.237,-.013,-.251,.968);es="Linear";ed="In";};};{tm=.75;["Stand Head"]={tm=.133;cf=cfr(0,0,0,.966,-.25,-.067,.211,.909,-.358,.151,.332,.931);es="Linear";ed="In";};};{tm=.783;["Stand Left Leg"]={tm=.0999;cf=cfr(-.714,.797,.252,.728,-.014,.685,.271,.924,-.27,-.629,.382,.677);es="Linear";ed="In";};};{tm=.8;["Stand Torso"]={tm=.0829;cf=cfr(-.462,-.071,-3.473,.972,.191,-.14,-.146,.949,.281,.186,-.253,.949);es="Linear";ed="In";};["Stand Right Leg"]={tm=.0829;cf=cfr(.714,.686,-.031,.968,.238,.076,-.249,.946,.206,-.022,-.219,.976);es="Linear";ed="In";};["Stand Right Arm"]={tm=.0829;cf=cfr(.22,-.067,.262,.978,.018,-.209,.059,.933,.354,.201,-.359,.911);es="Linear";ed="In";};};{tm=.883;["Stand Torso"]={tm=0;cf=cfr(-.462,-.06,-3.473,.975,.202,-.09,-.168,.942,.289,.143,-.267,.953);es="Linear";ed="In";};["Stand Left Arm"]={tm=0;cf=cfr(-.655,-.745,-.34,-.826,.507,-.247,-.48,-.402,.78,.296,.763,.575);es="Linear";ed="In";};["Stand Left Leg"]={tm=0;cf=cfr(-.714,.797,.252,.728,-.024,.685,.271,.928,-.256,-.629,.372,.682);es="Linear";ed="In";};["Stand Right Leg"]={tm=0;cf=cfr(.714,.686,-.031,.98,.181,.084,-.197,.95,.241,-.036,-.253,.967);es="Linear";ed="In";};["Stand Head"]={tm=0;cf=cfr(0,0,0,.986,-.163,.04,.167,.937,-.306,.012,.308,.951);es="Linear";ed="In";};["Stand Right Arm"]={tm=0;cf=cfr(.184,-.076,.268,.979,-.013,-.202,.096,.908,.409,.177,-.42,.89);es="Linear";ed="In";};};}