-- // converted using mech's animoduler
local cfr = CFrame.new

return {{tm=0;["Stand Torso"]={tm=.083;cf=cfr(0,0,-1.347,.965,0,-.262,.036,.99,.134,.26,-.139,.956);es="Linear";ed="In";};["Stand Left Arm"]={tm=.083;cf=cfr(0,0,0,.481,.779,-.403,-.632,.627,.456,.607,.035,.794);es="Linear";ed="In";};["Stand Head"]={tm=.083;cf=cfr(0,0,0,.983,-.164,.08,.179,.949,-.258,-.034,.268,.963);es="Linear";ed="In";};["Stand Right Leg"]={tm=.083;cf=cfr(.623,-.126,.111,.966,.192,-.175,-.195,.981,0,.172,.034,.985);es="Linear";ed="In";};["Stand Right Arm"]={tm=.083;cf=cfr(.271,-.559,.041,-.244,-.664,.707,.936,.028,.35,-.252,.747,.615);es="Linear";ed="In";};["Stand Left Leg"]={tm=.083;cf=cfr(-.585,.514,.339,.832,-.238,.501,.275,.961,0,-.482,.138,.865);es="Linear";ed="In";};};{tm=.083;["Stand Torso"]={tm=.0669;cf=cfr(.177,-.091,-2.222,-.57,.562,-.599,.311,.823,.476,.761,.085,-.644);es="Linear";ed="In";};["Stand Left Arm"]={tm=.0669;cf=cfr(-.421,-.025,-.004,-.055,.61,-.79,-.68,.556,.477,.731,.564,.384);es="Linear";ed="In";};["Stand Head"]={tm=.0669;cf=cfr(0,0,0,.493,-.87,-.011,.791,.454,-.411,.363,.194,.911);es="Linear";ed="In";};["Stand Right Leg"]={tm=.0669;cf=cfr(0,0,0,.912,.408,-.041,-.39,.895,.218,.125,-.183,.975);es="Linear";ed="In";};["Stand Right Arm"]={tm=.0669;cf=cfr(.24,-.102,.06,.213,-.629,.748,.939,.344,.022,-.272,.697,.664);es="Linear";ed="In";};["Stand Left Leg"]={tm=.0669;cf=cfr(-.159,.439,-.265,.13,.518,.845,-.672,.673,-.309,-.729,-.528,.436);es="Linear";ed="In";};};{tm=.15;["Stand Torso"]={tm=.0500;cf=cfr(.177,-.091,-2.902,-.134,-.765,.63,.094,.623,.776,-.986,.163,-.012);es="Linear";ed="In";};["Stand Left Arm"]={tm=.0500;cf=cfr(.112,-.314,.097,.036,.751,-.66,-.954,.221,.2,.296,.623,.724);es="Linear";ed="In";};["Stand Head"]={tm=.0500;cf=cfr(0,0,0,.952,.279,-.123,-.305,.872,-.383,0,.402,.916);es="Linear";ed="In";};["Stand Right Leg"]={tm=.0500;cf=cfr(0,0,0,-.329,-.156,-.931,.331,.905,-.269,.885,-.396,-.246);es="Linear";ed="In";};["Stand Right Arm"]={tm=.0500;cf=cfr(.109,-.574,.655,-.648,-.378,.661,.761,-.332,.557,.009,.864,.503);es="Linear";ed="In";};["Stand Left Leg"]={tm=.0500;cf=cfr(-.363,.551,-.108,.833,.549,-.072,-.442,.738,.51,.333,-.393,.857);es="Linear";ed="In";};};{tm=.2;["Stand Torso"]={tm=.067;cf=cfr(.177,-.091,-3.506,.529,-.31,.79,-.422,.711,.562,-.736,-.631,.245);es="Linear";ed="In";};["Stand Left Arm"]={tm=.067;cf=cfr(-.096,-.733,.12,-.443,.546,-.711,-.895,-.227,.383,.048,.806,.59);es="Linear";ed="In";};["Stand Head"]={tm=.067;cf=cfr(0,0,0,.904,.426,-.033,-.423,.884,-.2,-.056,.195,.979);es="Linear";ed="In";};["Stand Right Leg"]={tm=.067;cf=cfr(1.208,.638,.151,-.349,.879,-.325,.47,.464,.751,.811,.11,-.575);es="Linear";ed="In";};["Stand Right Arm"]={tm=.067;cf=cfr(.154,-.526,-.122,.183,-.951,-.248,.975,.144,.168,-.124,-.273,.954);es="Linear";ed="In";};["Stand Left Leg"]={tm=.067;cf=cfr(-.09,.614,.34,.83,-.183,.526,.173,.983,.068,-.53,.035,.848);es="Linear";ed="In";};};{tm=.267;["Stand Torso"]={tm=.0499;cf=cfr(.177,-.091,-3.707,.571,.609,.551,-.821,.44,.364,-.02,-.66,.751);es="Linear";ed="In";};["Stand Left Arm"]={tm=.0499;cf=cfr(-.042,-.136,-.006,-.96,.179,-.217,-.226,-.95,.214,-.168,.255,.952);es="Linear";ed="In";};["Stand Head"]={tm=.0499;cf=cfr(0,0,0,.912,.083,.401,-.221,.924,.312,-.345,-.373,.861);es="Linear";ed="In";};["Stand Right Leg"]={tm=.0499;cf=cfr(1.458,.969,.067,-.308,.846,-.435,.377,.528,.761,.873,.071,-.482);es="Linear";ed="In";};["Stand Right Arm"]={tm=.0499;cf=cfr(.154,-.526,-.122,-.453,-.806,.381,.802,-.181,.57,-.39,.563,.728);es="Linear";ed="In";};["Stand Left Leg"]={tm=.0499;cf=cfr(0,0,0,.493,-.73,.473,.527,.683,.505,-.692,0,.722);es="Linear";ed="In";};};{tm=.317;["Stand Torso"]={tm=.0499;cf=cfr(.177,-.091,-4.175,.283,.877,-.388,-.956,.292,-.035,.083,.381,.921);es="Linear";ed="In";};["Stand Left Arm"]={tm=.0499;cf=cfr(.025,-.254,.061,.461,.887,.041,-.866,.439,.238,.193,-.145,.97);es="Linear";ed="In";};["Stand Head"]={tm=.0499;cf=cfr(0,0,0,.904,-.112,.412,.325,.808,-.492,-.278,.579,.767);es="Linear";ed="In";};["Stand Right Leg"]={tm=.0499;cf=cfr(.956,.204,.067,.84,.534,.089,-.447,.591,.671,.306,-.604,.736);es="Linear";ed="In";};["Stand Right Arm"]={tm=.0499;cf=cfr(-.246,.026,.357,-.46,-.769,.443,.878,-.322,.354,-.13,.552,.823);es="Linear";ed="In";};["Stand Left Leg"]={tm=.0499;cf=cfr(-1.802,.682,-.213,-.118,-.933,.339,-.277,.359,.892,-.954,.011,-.3);es="Linear";ed="In";};};{tm=.367;["Stand Torso"]={tm=.066;cf=cfr(.177,-.091,-4.141,.343,.426,-.837,-.876,.467,-.122,.339,.775,.533);es="Linear";ed="In";};["Stand Left Arm"]={tm=.066;cf=cfr(0,0,0,.986,-.043,.16,-.04,.876,.481,-.161,-.481,.862);es="Linear";ed="In";};["Stand Head"]={tm=.066;cf=cfr(0,0,0,.862,-.191,.47,.486,.578,-.655,-.147,.793,.591);es="Linear";ed="In";};["Stand Right Leg"]={tm=.066;cf=cfr(.872,.138,.128,.73,.682,.054,-.547,.534,.645,.411,-.5,.762);es="Linear";ed="In";};["Stand Right Arm"]={tm=.066;cf=cfr(-.194,.015,.334,.009,-.955,.295,.9,.136,.415,-.437,.262,.861);es="Linear";ed="In";};["Stand Left Leg"]={tm=.066;cf=cfr(-.594,-.081,-.227,-.54,-.068,.839,-.385,.906,-.174,-.749,-.417,-.515);es="Linear";ed="In";};};{tm=.433;["Stand Torso"]={tm=.0840;cf=cfr(.177,-.091,-4.117,.222,.269,-.937,-.884,.46,-.077,.411,.846,.34);es="Linear";ed="In";};["Stand Left Arm"]={tm=.0840;cf=cfr(0,0,0,.697,-.518,.497,.369,.852,.37,-.615,-.075,.785);es="Linear";ed="In";};["Stand Head"]={tm=.0840;cf=cfr(0,0,0,.862,-.171,.478,.486,.551,-.679,-.147,.817,.558);es="Linear";ed="In";};["Stand Right Leg"]={tm=.0840;cf=cfr(.802,.079,.175,.677,.736,.012,-.588,.531,.61,.443,-.42,.792);es="Linear";ed="In";};["Stand Right Arm"]={tm=.0840;cf=cfr(-.194,.015,.334,-.033,-.955,.295,.877,.114,.467,-.479,.274,.834);es="Linear";ed="In";};["Stand Left Leg"]={tm=.0840;cf=cfr(-.594,-.081,-.227,-.54,.468,.7,-.385,.602,-.7,-.749,-.647,-.144);es="Linear";ed="In";};};{tm=.517;["Stand Torso"]={tm=.0829;cf=cfr(.177,-.091,-4.124,.421,.236,-.876,-.846,.45,-.285,.327,.862,.389);es="Linear";ed="In";};["Stand Left Arm"]={tm=.0829;cf=cfr(0,0,0,.796,-.353,.491,.215,.924,.316,-.566,-.146,.812);es="Linear";ed="In";};["Stand Head"]={tm=.0829;cf=cfr(0,0,0,.926,-.191,.326,.374,.59,-.716,-.056,.785,.617);es="Linear";ed="In";};["Stand Right Leg"]={tm=.0829;cf=cfr(.579,-.034,.27,.538,.842,-.039,-.672,.457,.583,.508,-.288,.812);es="Linear";ed="In";};["Stand Right Arm"]={tm=.0829;cf=cfr(-.194,.015,.334,-.149,-.938,.312,.848,.041,.528,-.508,.344,.79);es="Linear";ed="In";};["Stand Left Leg"]={tm=.0829;cf=cfr(-.594,-.081,-.227,-.472,.419,.776,-.249,.781,-.573,-.846,-.463,-.264);es="Linear";ed="In";};};{tm=.6;["Stand Torso"]={tm=.0830;cf=cfr(.177,-.091,-4.078,.459,.278,-.844,-.833,.465,-.3,.309,.84,.445);es="Linear";ed="In";};["Stand Left Arm"]={tm=.0830;cf=cfr(0,0,0,.883,-.235,.407,.089,.934,.346,-.461,-.269,.845);es="Linear";ed="In";};["Stand Head"]={tm=.0830;cf=cfr(0,0,0,.949,-.2,.244,.316,.616,-.722,-.006,.762,.648);es="Linear";ed="In";};["Stand Right Leg"]={tm=.0830;cf=cfr(.579,-.034,.27,.566,.821,-.07,-.656,.5,.565,.499,-.274,.822);es="Linear";ed="In";};["Stand Right Arm"]={tm=.0830;cf=cfr(-.194,.015,.334,-.148,-.932,.33,.847,.052,.529,-.51,.358,.782);es="Linear";ed="In";};["Stand Left Leg"]={tm=.0830;cf=cfr(-.594,-.081,-.227,-.449,.46,.766,-.206,.781,-.59,-.87,-.423,-.256);es="Linear";ed="In";};};{tm=.683;["Stand Torso"]={tm=0;cf=cfr(.177,-.091,-4.062,.395,.309,-.865,-.852,.476,-.219,.344,.823,.451);es="Linear";ed="In";};["Stand Left Arm"]={tm=0;cf=cfr(0,0,0,.864,-.332,.378,.196,.914,.355,-.464,-.233,.855);es="Linear";ed="In";};["Stand Head"]={tm=0;cf=cfr(0,0,0,.928,-.198,.315,.369,.604,-.707,-.05,.772,.633);es="Linear";ed="In";};["Stand Right Leg"]={tm=0;cf=cfr(.671,.022,.226,.638,.767,-.068,-.608,.557,.566,.472,-.32,.822);es="Linear";ed="In";};["Stand Right Arm"]={tm=0;cf=cfr(-.194,.015,.334,-.241,-.881,.408,.838,.023,.545,-.489,.473,.732);es="Linear";ed="In";};["Stand Left Leg"]={tm=0;cf=cfr(-.594,-.081,-.227,-.462,.493,.737,-.224,.74,-.635,-.858,-.459,-.232);es="Linear";ed="In";};};}
