-- // converted using mech's animoduler
local cfr = CFrame.new

return {{tm=0;["Stand Torso"]={tm=.05;cf=cfr(0,.11,-2.677,.844,.122,-.523,0,.974,.227,.537,-.192,.821);es="Linear";ed="In";};["Stand Left Arm"]={tm=.05;cf=cfr(0,0,0,.836,.411,-.363,-.441,.898,0,.326,.16,.932);es="Linear";ed="In";};["Stand Left Leg"]={tm=.067;cf=cfr(-.218,.273,.049,.959,-.121,.256,.117,.993,.031,-.258,0,.966);es="Linear";ed="In";};["Stand Right Leg"]={tm=.083;cf=cfr(.428,-.023,-.027,.988,.137,.071,-.147,.978,.147,-.049,-.155,.987);es="Linear";ed="In";};["Stand Head"]={tm=.05;cf=cfr(0,0,0,.937,-.349,0,.349,.937,0,0,0,1);es="Linear";ed="In";};["Stand Right Arm"]={tm=.05;cf=cfr(.02,-.086,0,.934,-.031,.355,0,.996,.088,-.356,-.082,.931);es="Linear";ed="In";};};{tm=.05;["Stand Torso"]={tm=.05;cf=cfr(.09,.11,-2.753,.637,.195,-.746,.025,.962,.273,.77,-.193,.608);es="Linear";ed="In";};["Stand Left Arm"]={tm=.067;cf=cfr(-.205,-.104,-.113,.309,.8,-.513,-.911,.405,.082,.274,.442,.854);es="Linear";ed="In";};["Stand Head"]={tm=.083;cf=cfr(0,0,0,.778,-.606,.163,.596,.795,.114,-.199,.008,.98);es="Linear";ed="In";};["Stand Right Arm"]={tm=.05;cf=cfr(.02,-.086,0,.99,-.139,.02,.137,.987,.083,-.032,-.079,.996);es="Linear";ed="In";};};{tm=.067;["Stand Left Leg"]={tm=.066;cf=cfr(-.218,.273,.049,.953,-.164,.256,.162,.986,.031,-.257,.012,.966);es="Linear";ed="In";};};{tm=.083;["Stand Right Leg"]={tm=.084;cf=cfr(.428,-.023,-.027,.995,.083,.06,-.087,.994,.068,-.054,-.073,.996);es="Linear";ed="In";};};{tm=.1;["Stand Torso"]={tm=.0499;cf=cfr(.09,.11,-2.619,.266,.225,-.937,.027,.97,.241,.964,-.09,.252);es="Linear";ed="In";};["Stand Right Arm"]={tm=.067;cf=cfr(.02,-.086,0,.994,-.045,-.103,.053,.996,.077,.099,-.082,.992);es="Linear";ed="In";};};{tm=.117;["Stand Left Arm"]={tm=.05;cf=cfr(-.291,-.02,-.122,-.353,.72,-.597,-.877,-.032,.48,.326,.693,.642);es="Linear";ed="In";};};{tm=.133;["Stand Left Leg"]={tm=.067;cf=cfr(-.218,.273,.049,.964,-.06,.258,.063,.998,-.004,-.257,.02,.966);es="Linear";ed="In";};["Stand Head"]={tm=.0499;cf=cfr(0,0,0,.544,-.833,.102,.836,.549,.019,-.072,.075,.995);es="Linear";ed="In";};};{tm=.15;["Stand Torso"]={tm=.033;cf=cfr(.09,.171,-2.747,.091,.152,-.984,.004,.988,.152,.996,-.018,.089);es="Linear";ed="In";};};{tm=.167;["Stand Left Arm"]={tm=.0499;cf=cfr(-.335,-.017,.248,-.613,.516,-.597,-.789,-.383,.48,.019,.766,.642);es="Linear";ed="In";};["Stand Right Leg"]={tm=.0499;cf=cfr(.428,-.023,-.027,.993,.096,.068,-.106,.98,.17,-.05,-.177,.983);es="Linear";ed="In";};["Stand Right Arm"]={tm=.066;cf=cfr(.02,-.086,0,.987,.124,-.103,-.116,.99,.077,.111,-.064,.992);es="Linear";ed="In";};};{tm=.183;["Stand Torso"]={tm=.034;cf=cfr(.09,.167,-2.878,.107,.041,-.993,-.001,.999,.041,.994,-.003,.107);es="Linear";ed="In";};["Stand Head"]={tm=.067;cf=cfr(0,0,0,.554,-.832,.04,.827,.543,-.144,.098,.113,.989);es="Linear";ed="In";};};{tm=.2;["Stand Left Leg"]={tm=.067;cf=cfr(-.218,.273,.049,.964,-.054,.259,.063,.998,-.029,-.257,.044,.965);es="Linear";ed="In";};};{tm=.217;["Stand Torso"]={tm=.0500;cf=cfr(.09,.164,-2.986,.131,-.04,-.991,.016,.999,-.038,.991,-.011,.132);es="Linear";ed="In";};["Stand Left Arm"]={tm=.033;cf=cfr(-.357,-.161,.403,.425,.894,.144,-.611,.166,.774,.667,-.417,.617);es="Linear";ed="In";};["Stand Right Leg"]={tm=.0500;cf=cfr(.428,-.023,-.027,.99,.121,.069,-.131,.975,.18,-.046,-.187,.981);es="Linear";ed="In";};};{tm=.233;["Stand Right Arm"]={tm=.0839;cf=cfr(.02,-.086,0,.983,.133,-.129,-.124,.989,.08,.138,-.062,.988);es="Linear";ed="In";};};{tm=.25;["Stand Left Arm"]={tm=.0499;cf=cfr(-.378,-.305,.557,.983,.175,-.046,.013,.183,.983,.181,-.967,.178);es="Linear";ed="In";};["Stand Head"]={tm=.0830;cf=cfr(0,0,0,.555,-.832,-.019,.807,.543,-.231,.202,.113,.973);es="Linear";ed="In";};};{tm=.267;["Stand Torso"]={tm=.0499;cf=cfr(.09,.162,-3.072,.195,-.066,-.979,.109,.993,-.046,.975,-.098,.201);es="Linear";ed="In";};["Stand Left Leg"]={tm=.0829;cf=cfr(-.218,.273,.049,.964,-.105,.243,.063,.983,.172,-.257,-.15,.955);es="Linear";ed="In";};["Stand Right Leg"]={tm=.0499;cf=cfr(.428,-.023,-.027,.989,.141,.046,-.141,.99,.012,-.043,-.018,.999);es="Linear";ed="In";};};{tm=.3;["Stand Left Arm"]={tm=.067;cf=cfr(-.236,-.282,.597,.957,.291,-.011,-.013,.08,.997,.291,-.953,.08);es="Linear";ed="In";};};{tm=.317;["Stand Torso"]={tm=.1159;cf=cfr(.09,.161,-3.123,.241,-.125,-.963,.188,.979,-.08,.952,-.161,.259);es="Linear";ed="In";};["Stand Right Leg"]={tm=.066;cf=cfr(.428,-.023,-.027,.988,.155,.027,-.151,.984,-.098,-.042,.092,.995);es="Linear";ed="In";};["Stand Right Arm"]={tm=.066;cf=cfr(.02,-.086,0,.999,.018,-.031,-.016,.998,.067,.032,-.066,.997);es="Linear";ed="In";};};{tm=.333;["Stand Head"]={tm=.0839;cf=cfr(0,0,0,.441,-.896,.05,.893,.432,-.129,.094,.102,.99);es="Linear";ed="In";};};{tm=.35;["Stand Left Leg"]={tm=.0830;cf=cfr(-.218,.273,.049,.96,-.161,.23,.092,.954,.285,-.265,-.252,.931);es="Linear";ed="In";};};{tm=.367;["Stand Left Arm"]={tm=.066;cf=cfr(-.236,-.282,.597,.993,.121,-.011,.001,.081,.997,.121,-.989,.08);es="Linear";ed="In";};};{tm=.383;["Stand Right Leg"]={tm=.0999;cf=cfr(.428,-.023,-.027,.985,.169,.026,-.165,.98,-.107,-.043,.101,.994);es="Linear";ed="In";};["Stand Right Arm"]={tm=.0840;cf=cfr(.02,-.086,0,.997,-.055,.048,.053,.997,.057,-.051,-.054,.997);es="Linear";ed="In";};};{tm=.417;["Stand Head"]={tm=.1160;cf=cfr(0,0,0,.433,-.899,.069,.901,.433,-.023,-.009,.072,.997);es="Linear";ed="In";};};{tm=.433;["Stand Torso"]={tm=.1000;cf=cfr(.09,.161,-3.148,.31,-.121,-.943,.207,.977,-.058,.928,-.177,.328);es="Linear";ed="In";};["Stand Left Arm"]={tm=.1000;cf=cfr(-.249,-.284,.592,.995,.103,-.006,.002,.04,.999,.103,-.994,.039);es="Linear";ed="In";};["Stand Left Leg"]={tm=.1000;cf=cfr(-.218,.273,.049,.95,-.216,.225,.14,.941,.309,-.279,-.262,.924);es="Linear";ed="In";};};{tm=.467;["Stand Right Arm"]={tm=.066;cf=cfr(.004,-.086,.004,.978,-.018,.21,.01,.999,.037,-.21,-.034,.977);es="Linear";ed="In";};};{tm=.483;["Stand Right Leg"]={tm=.0500;cf=cfr(.428,-.023,-.027,.985,.168,.03,-.165,.983,-.081,-.043,.075,.996);es="Linear";ed="In";};};{tm=.533;["Stand Torso"]={tm=0;cf=cfr(.09,.161,-3.148,.266,-.087,-.96,.172,.984,-.042,.949,-.154,.277);es="Linear";ed="In";};["Stand Left Arm"]={tm=0;cf=cfr(-.249,-.284,.592,.991,.134,-.006,.001,.04,.999,.134,-.99,.039);es="Linear";ed="In";};["Stand Left Leg"]={tm=0;cf=cfr(-.218,.273,.049,.947,-.217,.237,.153,.953,.261,-.282,-.211,.936);es="Linear";ed="In";};["Stand Right Leg"]={tm=0;cf=cfr(.428,-.023,-.027,.989,.141,.03,-.138,.987,-.081,-.041,.076,.996);es="Linear";ed="In";};["Stand Head"]={tm=0;cf=cfr(0,0,0,.43,-.9,.079,.901,.433,.031,-.062,.058,.996);es="Linear";ed="In";};["Stand Right Arm"]={tm=0;cf=cfr(.012,-.086,.002,.977,-.001,.211,-.007,.999,.036,-.211,-.037,.977);es="Linear";ed="In";};};}