-- // converted using mech's animoduler
local cfr = CFrame.new

return {{tm=0;["Stand Torso"]={tm=.05;cf=cfr(-.003,-.118,-3.299,.32,-.397,.86,-.278,.829,.486,-.906,-.394,.155);es="Linear";ed="In";};["Stand Left Arm"]={tm=.05;cf=cfr(.476,-.362,-.102,.205,.94,.272,-.906,.077,.416,.371,-.332,.867);es="Linear";ed="In";};["Stand Right Arm"]={tm=.05;cf=cfr(.019,.175,.398,-.875,-.381,-.299,.476,-.562,-.676,.09,-.734,.673);es="Linear";ed="In";};["Stand Head"]={tm=.05;cf=cfr(0,0,0,.325,.944,-.049,-.926,.328,.188,.194,-.016,.981);es="Linear";ed="In";};};{tm=.05;["Stand Torso"]={tm=.067;cf=cfr(-.003,-.043,-3.299,.356,-.238,.904,-.141,.942,.304,-.924,-.236,.302);es="Linear";ed="In";};["Stand Left Arm"]={tm=.067;cf=cfr(.398,-.342,-.003,.412,.906,.096,-.771,.291,.566,.485,-.307,.819);es="Linear";ed="In";};["Stand Right Arm"]={tm=.067;cf=cfr(.019,.175,.398,-.373,-.624,-.686,.92,-.155,-.359,.118,-.766,.632);es="Linear";ed="In";};["Stand Head"]={tm=.067;cf=cfr(0,0,0,.325,.928,-.181,-.94,.296,-.168,-.102,.224,.969);es="Linear";ed="In";};};{tm=.117;["Stand Torso"]={tm=.0659;cf=cfr(-.003,.352,-2.855,.712,-.127,.69,.127,.991,.052,-.69,.051,.722);es="Linear";ed="In";};["Stand Left Arm"]={tm=.0659;cf=cfr(.089,-.441,.102,.412,.911,-.003,-.771,.351,.531,.485,-.216,.847);es="Linear";ed="In";};["Stand Right Arm"]={tm=.0659;cf=cfr(-.053,-.151,.372,.28,-.88,-.384,.936,.162,.312,-.212,-.447,.869);es="Linear";ed="In";};["Stand Head"]={tm=.0659;cf=cfr(0,0,0,.723,.667,-.181,-.691,.703,-.168,.015,.246,.969);es="Linear";ed="In";};};{tm=.183;["Stand Torso"]={tm=.067;cf=cfr(0,.533,-2.463,.964,-.131,.231,.187,.953,-.239,-.189,.274,.943);es="Linear";ed="In";};["Stand Left Arm"]={tm=.067;cf=cfr(.089,-.441,.102,.27,.858,-.437,-.664,.495,.56,.697,.139,.704);es="Linear";ed="In";};["Stand Right Arm"]={tm=.067;cf=cfr(-.064,-.481,.189,.173,-.984,-.032,.742,.109,.661,-.647,-.139,.749);es="Linear";ed="In";};["Stand Head"]={tm=.067;cf=cfr(0,0,0,.985,.149,-.087,-.171,.916,-.362,.026,.372,.928);es="Linear";ed="In";};};{tm=.25;["Stand Torso"]={tm=.067;cf=cfr(0,.483,-2.248,.991,-.108,.081,.121,.977,-.175,-.06,.183,.981);es="Linear";ed="In";};["Stand Left Arm"]={tm=.067;cf=cfr(.089,-.441,.102,-.079,.899,-.43,-.694,.26,.671,.715,.351,.604);es="Linear";ed="In";};["Stand Right Arm"]={tm=.067;cf=cfr(-.464,-.467,.173,.201,-.979,-.026,.586,.099,.804,-.785,-.177,.594);es="Linear";ed="In";};["Stand Head"]={tm=.067;cf=cfr(0,0,0,.992,.049,.118,-.003,.932,-.361,-.128,.358,.925);es="Linear";ed="In";};};{tm=.317;["Stand Torso"]={tm=.0830;cf=cfr(0,.318,-2.129,.999,-.03,.017,.031,.994,-.104,-.014,.104,.994);es="Linear";ed="In";};["Stand Left Arm"]={tm=.0830;cf=cfr(.784,-.362,.035,.361,.909,.208,-.558,.031,.83,.748,-.416,.518);es="Linear";ed="In";};["Stand Right Arm"]={tm=.0830;cf=cfr(-.784,-.362,.035,.361,-.909,-.208,.558,.031,.83,-.748,-.416,.518);es="Linear";ed="In";};["Stand Head"]={tm=.0830;cf=cfr(0,0,0,.985,.049,.166,.014,.932,-.361,-.173,.358,.918);es="Linear";ed="In";};};{tm=.4;["Stand Torso"]={tm=.0829;cf=cfr(0,.252,-2.074,.999,.038,0,-.038,.997,-.061,-.002,.06,.998);es="Linear";ed="In";};["Stand Left Arm"]={tm=.0829;cf=cfr(.782,-.312,-.031,.534,.784,.317,-.505,-.005,.863,.678,-.621,.393);es="Linear";ed="In";};["Stand Right Arm"]={tm=.0829;cf=cfr(-.782,-.312,-.031,.534,-.784,-.317,.505,-.005,.863,-.678,-.621,.393);es="Linear";ed="In";};["Stand Head"]={tm=.0829;cf=cfr(0,0,0,.995,.049,.089,-.014,.932,-.361,-.101,.358,.928);es="Linear";ed="In";};};{tm=.483;["Stand Torso"]={tm=.0670;cf=cfr(0,.192,-2.047,.996,.084,0,-.084,.996,-.044,-.004,.044,.999);es="Linear";ed="In";};["Stand Left Arm"]={tm=.0670;cf=cfr(.798,-.295,-.054,.621,.737,.267,-.376,-.019,.926,.688,-.675,.266);es="Linear";ed="In";};["Stand Right Arm"]={tm=.0670;cf=cfr(-.798,-.295,-.054,.621,-.737,-.267,.376,-.019,.926,-.688,-.675,.266);es="Linear";ed="In";};["Stand Head"]={tm=.0670;cf=cfr(0,0,0,.998,.049,.026,-.037,.942,-.333,-.041,.332,.943);es="Linear";ed="In";};};{tm=.55;["Stand Torso"]={tm=.0669;cf=cfr(0,.193,-2.113,.996,.088,-.001,-.088,.996,.01,.002,-.01,1);es="Linear";ed="In";};["Stand Left Arm"]={tm=.0669;cf=cfr(.857,-.293,-.106,.616,.751,.237,-.379,.019,.925,.69,-.66,.296);es="Linear";ed="In";};["Stand Right Arm"]={tm=.0669;cf=cfr(-.857,-.293,-.106,.616,-.751,-.237,.379,.019,.925,-.69,-.66,.296);es="Linear";ed="In";};["Stand Head"]={tm=.0669;cf=cfr(0,0,0,.992,.124,-.03,-.128,.961,-.246,-.001,.248,.969);es="Linear";ed="In";};};{tm=.617;["Stand Torso"]={tm=.0500;cf=cfr(0,.153,-3.022,.961,.275,0,-.252,.881,.402,.11,-.386,.916);es="Linear";ed="In";};["Stand Left Arm"]={tm=.0500;cf=cfr(.712,-.31,-.085,.785,.519,.339,-.394,-.004,.919,.478,-.855,.201);es="Linear";ed="In";};["Stand Right Arm"]={tm=.0500;cf=cfr(-.712,-.31,-.085,.785,-.519,-.339,.394,-.004,.919,-.478,-.855,.201);es="Linear";ed="In";};["Stand Head"]={tm=.0500;cf=cfr(0,0,0,.965,.117,-.235,.021,.857,.515,.262,-.502,.824);es="Linear";ed="In";};};{tm=.667;["Stand Torso"]={tm=.0329;cf=cfr(0,.066,-3.73,.984,.167,.068,-.177,.819,.546,.036,-.549,.835);es="Linear";ed="In";};["Stand Left Arm"]={tm=.0329;cf=cfr(-1.128,.268,.305,.108,.78,.617,-.615,-.435,.658,.781,-.45,.433);es="Linear";ed="In";};["Stand Right Arm"]={tm=.0329;cf=cfr(1.162,.184,.347,.108,-.78,-.617,.615,-.435,.658,-.781,-.45,.433);es="Linear";ed="In";};["Stand Head"]={tm=.0329;cf=cfr(0,0,0,.91,.376,-.176,-.25,.835,.49,.331,-.402,.854);es="Linear";ed="In";};};{tm=.7;["Hit"]="";["Stand Torso"]={tm=.0500;cf=cfr(0,0,-3.817,.997,.073,.019,-.076,.964,.253,0,-.254,.967);es="Linear";ed="In";};["Stand Left Arm"]={tm=.0500;cf=cfr(-.712,-.697,.129,-.497,.827,-.262,-.625,-.132,.769,.602,.546,.583);es="Linear";ed="In";};["Stand Right Arm"]={tm=.0500;cf=cfr(.722,-.733,.129,-.507,-.827,.241,.592,-.132,.795,-.626,.546,.557);es="Linear";ed="In";};["Stand Head"]={tm=.0500;cf=cfr(0,0,0,.831,.492,.259,-.518,.854,.04,-.202,-.168,.965);es="Linear";ed="In";};};{tm=.75;["Stand Torso"]={tm=.0669;cf=cfr(0,-.089,-3.777,.998,-.065,.003,.064,.989,.133,-.011,-.132,.991);es="Linear";ed="In";};["Stand Left Arm"]={tm=.0669;cf=cfr(-.826,-.714,.334,-.871,.092,-.483,-.492,-.137,.86,.013,.986,.164);es="Linear";ed="In";};["Stand Right Arm"]={tm=.0669;cf=cfr(.826,-.714,.339,-.825,-.092,.558,.565,-.137,.814,.002,.986,.165);es="Linear";ed="In";};["Stand Head"]={tm=.0669;cf=cfr(0,0,0,.622,.701,.349,-.659,.709,-.252,-.424,-.074,.903);es="Linear";ed="In";};};{tm=.817;["Stand Torso"]={tm=.0830;cf=cfr(0,-.068,-3.6,.988,-.152,0,.152,.988,.039,-.006,-.039,.999);es="Linear";ed="In";};["Stand Left Arm"]={tm=.0830;cf=cfr(-.828,-.736,.331,-.932,.032,-.361,-.361,-.162,.918,-.029,.986,.162);es="Linear";ed="In";};["Stand Right Arm"]={tm=.0830;cf=cfr(.828,-.736,.334,-.914,-.032,.404,.403,-.162,.901,.037,.986,.16);es="Linear";ed="In";};["Stand Head"]={tm=.0830;cf=cfr(0,0,0,.463,.805,.372,-.721,.586,-.37,-.516,-.096,.851);es="Linear";ed="In";};};{tm=.9;["Stand Torso"]={tm=.0999;cf=cfr(0,.022,-3.437,.982,-.19,.005,.189,.978,-.084,.011,.084,.996);es="Linear";ed="In";};["Stand Left Arm"]={tm=.0999;cf=cfr(-.825,-.779,.407,-.907,.063,-.416,-.421,-.149,.895,-.006,.987,.161);es="Linear";ed="In";};["Stand Right Arm"]={tm=.0999;cf=cfr(.825,-.779,.401,-.938,-.063,.342,.348,-.149,.926,-.007,.987,.161);es="Linear";ed="In";};["Stand Head"]={tm=.0999;cf=cfr(0,0,0,.321,.901,.29,-.772,.427,-.471,-.549,-.073,.833);es="Linear";ed="In";};};{tm=1;["Stand Torso"]={tm=.1000;cf=cfr(0,.022,-3.238,.993,-.116,.002,.115,.984,-.133,.013,.133,.991);es="Linear";ed="In";};["Stand Left Arm"]={tm=.1000;cf=cfr(-.822,-.794,.429,-.892,.097,-.442,-.452,-.135,.882,.026,.986,.164);es="Linear";ed="In";};["Stand Right Arm"]={tm=.1000;cf=cfr(.822,-.794,.422,-.941,-.097,.324,.335,-.135,.933,-.047,.986,.159);es="Linear";ed="In";};["Stand Head"]={tm=.1000;cf=cfr(0,0,0,.361,.892,.273,-.801,.446,-.398,-.477,-.075,.876);es="Linear";ed="In";};};{tm=1.1;["Stand Torso"]={tm=.1169;cf=cfr(0,-.045,-3.138,.996,-.088,0,.087,.992,-.096,.008,.096,.995);es="Linear";ed="In";};["Stand Left Arm"]={tm=.1169;cf=cfr(-.823,-.785,.428,-.909,.112,-.402,-.415,-.128,.901,.049,.985,.163);es="Linear";ed="In";};["Stand Right Arm"]={tm=.1169;cf=cfr(.823,-.785,.423,-.928,-.112,.355,.368,-.128,.921,-.058,.985,.16);es="Linear";ed="In";};["Stand Head"]={tm=.1169;cf=cfr(0,0,0,.375,.895,.241,-.822,.441,-.36,-.429,-.063,.901);es="Linear";ed="In";};};{tm=1.217;["Stand Torso"]={tm=0;cf=cfr(0,-.065,-3.096,.997,-.078,-.002,.077,.994,-.072,.008,.072,.997);es="Linear";ed="In";};["Stand Left Arm"]={tm=0;cf=cfr(-.823,-.779,.427,-.919,.131,-.371,-.386,-.12,.915,.075,.984,.161);es="Linear";ed="In";};["Stand Right Arm"]={tm=0;cf=cfr(.823,-.779,.424,-.923,-.131,.362,.378,-.12,.918,-.077,.984,.161);es="Linear";ed="In";};["Stand Head"]={tm=0;cf=cfr(0,0,0,.383,.9,.209,-.834,.434,-.339,-.396,-.044,.917);es="Linear";ed="In";};};}
