-- // converted using mech's animoduler
local cfr = CFrame.new

return {{tm=0;["Stand Torso"]={tm=.05;cf=cfr(-.462,-.06,-3.473,.975,.202,-.09,-.168,.942,.289,.143,-.267,.953);es="Linear";ed="In";};["Stand Left Arm"]={tm=.05;cf=cfr(-.655,-.745,-.34,-.826,.507,-.247,-.48,-.402,.78,.296,.763,.575);es="Linear";ed="In";};["Stand Left Leg"]={tm=.067;cf=cfr(-.714,.797,.252,.728,-.024,.685,.271,.928,-.256,-.629,.372,.682);es="Linear";ed="In";};["Stand Right Leg"]={tm=.05;cf=cfr(.714,.686,-.031,.98,.181,.084,-.197,.95,.241,-.036,-.253,.967);es="Linear";ed="In";};["Stand Head"]={tm=.05;cf=cfr(0,0,0,.986,-.163,.04,.167,.937,-.306,.012,.308,.951);es="Linear";ed="In";};["Stand Right Arm"]={tm=.05;cf=cfr(.184,-.076,.268,.979,-.013,-.202,.096,.908,.409,.177,-.42,.89);es="Linear";ed="In";};};{tm=.05;["Stand Torso"]={tm=.067;cf=cfr(-.462,-.06,-3.622,.863,.202,-.464,-.042,.942,.332,.504,-.267,.822);es="Linear";ed="In";};["Stand Left Arm"]={tm=.0999;cf=cfr(-.655,-.745,-.34,-.89,.384,-.247,-.418,-.466,.78,.184,.797,.575);es="Linear";ed="In";};["Stand Right Leg"]={tm=.083;cf=cfr(.714,.686,-.031,.98,.186,.074,-.197,.962,.19,-.036,-.201,.979);es="Linear";ed="In";};["Stand Head"]={tm=.0999;cf=cfr(0,0,0,.879,-.477,.011,.474,.872,-.124,.05,.114,.992);es="Linear";ed="In";};["Stand Right Arm"]={tm=.0999;cf=cfr(.003,-.227,.297,.764,-.614,-.202,.635,.656,.409,-.119,-.44,.89);es="Linear";ed="In";};};{tm=.067;["Stand Left Leg"]={tm=.0829;cf=cfr(-.714,.797,.252,.728,-.169,.664,.271,.961,-.053,-.629,.219,.746);es="Linear";ed="In";};};{tm=.117;["Stand Torso"]={tm=.0659;cf=cfr(-.462,-.06,-3.699,.54,.16,-.827,.075,.969,.236,.838,-.189,.511);es="Linear";ed="In";};};{tm=.133;["Stand Right Leg"]={tm=.1;cf=cfr(.714,.686,-.031,.98,.198,.029,-.197,.98,-.042,-.036,.036,.999);es="Linear";ed="In";};};{tm=.15;["Stand Left Arm"]={tm=.1;cf=cfr(-.58,-.763,-.477,-.89,.183,-.418,-.418,.043,.908,.184,.982,.038);es="Linear";ed="In";};["Stand Left Leg"]={tm=.1170;cf=cfr(-.757,.855,.239,.702,-.546,.457,.313,.813,.491,-.64,-.202,.741);es="Linear";ed="In";};["Stand Head"]={tm=.1;cf=cfr(0,0,0,.825,-.555,.106,.559,.775,-.295,.082,.303,.949);es="Linear";ed="In";};["Stand Right Arm"]={tm=.0830;cf=cfr(-.387,.122,-.006,.721,-.644,-.254,.677,.578,.456,-.147,-.501,.853);es="Linear";ed="In";};};{tm=.183;["Stand Torso"]={tm=.0500;cf=cfr(-.462,-.06,-3.482,.438,.074,-.896,.001,.997,.083,.899,-.037,.436);es="Linear";ed="In";};};{tm=.233;["Stand Torso"]={tm=.0499;cf=cfr(-.462,-.06,-3.371,.322,-.057,-.945,.003,.998,-.059,.947,.016,.322);es="Linear";ed="In";};["Stand Right Leg"]={tm=.0839;cf=cfr(.714,.667,.066,.98,.2,-.002,-.197,.962,-.191,-.036,.188,.982);es="Linear";ed="In";};["Stand Right Arm"]={tm=.0669;cf=cfr(-.589,.26,-.169,.655,-.688,-.313,.73,.469,.497,-.196,-.554,.809);es="Linear";ed="In";};};{tm=.25;["Stand Left Arm"]={tm=.0999;cf=cfr(-.634,-.851,-.266,-.87,.205,-.448,-.383,.289,.877,.31,.935,-.173);es="Linear";ed="In";};["Stand Head"]={tm=.0999;cf=cfr(0,0,0,.668,-.713,.212,.717,.54,-.442,.2,.447,.872);es="Linear";ed="In";};};{tm=.267;["Stand Left Leg"]={tm=.1159;cf=cfr(-.8,.914,.227,.673,-.581,.457,.353,.796,.491,-.65,-.169,.741);es="Linear";ed="In";};};{tm=.283;["Stand Torso"]={tm=.0500;cf=cfr(-.462,-.06,-3.295,.225,-.194,-.955,.018,.981,-.195,.974,.027,.224);es="Linear";ed="In";};};{tm=.3;["Stand Right Arm"]={tm=.067;cf=cfr(-.84,.402,-.481,.655,-.591,-.471,.73,.333,.597,-.196,-.735,.65);es="Linear";ed="In";};};{tm=.317;["Stand Right Leg"]={tm=.066;cf=cfr(.714,.667,.066,.999,.046,-.006,-.047,.976,-.211,-.004,.211,.978);es="Linear";ed="In";};};{tm=.333;["Stand Torso"]={tm=.0339;cf=cfr(-.462,-.06,-3.416,.278,-.379,-.883,.151,.925,-.349,.949,-.036,.314);es="Linear";ed="In";};};{tm=.35;["Stand Left Arm"]={tm=.067;cf=cfr(-.713,-.84,-.084,-.85,.23,-.473,-.358,.408,.84,.386,.884,-.264);es="Linear";ed="In";};["Stand Head"]={tm=.067;cf=cfr(0,0,0,.701,-.709,-.075,.544,.599,-.587,.462,.371,.806);es="Linear";ed="In";};};{tm=.367;["Stand Torso"]={tm=.0499;cf=cfr(-.462,-.06,-3.595,.406,-.434,-.804,.267,.898,-.35,.874,-.073,.48);es="Linear";ed="In";};["Stand Right Arm"]={tm=.0499;cf=cfr(-.954,.246,-.42,.56,-.681,-.471,.771,.222,.597,-.302,-.698,.65);es="Linear";ed="In";};};{tm=.383;["Stand Left Leg"]={tm=.067;cf=cfr(-.8,.914,.227,.835,-.306,.457,.049,.87,.491,-.548,-.388,.741);es="Linear";ed="In";};["Stand Right Leg"]={tm=.0499;cf=cfr(.714,.667,.066,.904,.429,.003,-.428,.903,-.03,-.015,.026,1);es="Linear";ed="In";};};{tm=.417;["Stand Torso"]={tm=.0330;cf=cfr(-.462,-.06,-3.911,.899,-.386,-.208,.387,.921,-.034,.205,-.05,.977);es="Linear";ed="In";};["Stand Left Arm"]={tm=.0330;cf=cfr(-.507,-.34,.583,-.751,.267,-.605,-.363,.599,.714,.552,.755,-.353);es="Linear";ed="In";};["Stand Head"]={tm=.0330;cf=cfr(0,0,0,.927,-.282,-.245,.153,.885,-.439,.341,.369,.864);es="Linear";ed="In";};["Stand Right Arm"]={tm=.0330;cf=cfr(-.158,-.606,-.175,-.209,-.96,-.189,.754,-.281,.594,-.623,-.019,.782);es="Linear";ed="In";};};{tm=.433;["Stand Right Leg"]={tm=.067;cf=cfr(.635,.502,.029,.904,.423,-.07,-.428,.885,-.182,-.015,.194,.981);es="Linear";ed="In";};};{tm=.45;["Stand Torso"]={tm=.067;cf=cfr(-.471,-.06,-4.323,.728,-.435,.53,.272,.893,.358,-.629,-.117,.769);es="Linear";ed="In";};["Stand Left Arm"]={tm=.0830;cf=cfr(-.507,-.34,.583,-.589,.308,-.747,-.456,.637,.622,.668,.707,-.235);es="Linear";ed="In";};["Stand Left Leg"]={tm=.0499;cf=cfr(-.8,.914,.227,.835,.024,.549,.049,.992,-.118,-.548,.126,.827);es="Linear";ed="In";};["Stand Head"]={tm=.067;cf=cfr(0,0,0,.73,.319,-.604,-.402,.916,-.002,.552,.244,.797);es="Linear";ed="In";};["Stand Right Arm"]={tm=.067;cf=cfr(.405,-.355,.156,-.378,-.681,-.627,.691,-.659,.299,-.617,-.32,.719);es="Linear";ed="In";};};{tm=.5;["Stand Left Leg"]={tm=.0999;cf=cfr(-.709,.798,.116,.832,.285,.477,-.278,.957,-.086,-.481,-.061,.875);es="Linear";ed="In";};["Stand Right Leg"]={tm=.0829;cf=cfr(.635,.502,.029,.904,.428,.013,-.428,.904,-.009,-.015,.002,1);es="Linear";ed="In";};};{tm=.517;["Stand Torso"]={tm=.0330;cf=cfr(-.501,-.06,-4.667,.116,-.593,.797,.07,.805,.589,-.991,-.013,.135);es="Linear";ed="In";};["Stand Head"]={tm=.0999;cf=cfr(0,0,0,.445,.895,.014,-.878,.434,.203,.176,-.102,.979);es="Linear";ed="In";};["Stand Right Arm"]={tm=.0499;cf=cfr(.168,.109,.438,-.283,-.111,-.953,.613,-.785,-.09,-.738,-.609,.29);es="Linear";ed="In";};};{tm=.533;["Stand Left Arm"]={tm=.0669;cf=cfr(-.128,-.279,.366,.219,.615,-.757,-.303,.781,.547,.928,.109,.357);es="Linear";ed="In";};};{tm=.55;["Stand Torso"]={tm=.0499;cf=cfr(-.501,-.06,-4.778,.011,-.597,.802,.018,.802,.597,-1,.008,.019);es="Linear";ed="In";};};{tm=.567;["Stand Right Arm"]={tm=.0330;cf=cfr(.168,.109,.438,-.29,-.009,-.957,.545,-.823,-.157,-.786,-.567,.244);es="Linear";ed="In";};};{tm=.583;["Stand Right Leg"]={tm=.0340;cf=cfr(.635,.502,.029,.996,.049,.071,-.058,.989,.136,-.063,-.139,.988);es="Linear";ed="In";};};{tm=.6;["Stand Torso"]={tm=.0500;cf=cfr(-.509,-.06,-4.834,-.06,-.568,.821,-.062,.823,.565,-.996,-.017,-.084);es="Linear";ed="In";};["Stand Left Arm"]={tm=.0670;cf=cfr(-.128,-.279,.366,.495,.509,-.704,-.193,.855,.482,.847,-.102,.521);es="Linear";ed="In";};["Stand Left Leg"]={tm=.0830;cf=cfr(-.618,.682,.005,.729,.495,.472,-.593,.801,.076,-.341,-.335,.878);es="Linear";ed="In";};["Stand Right Arm"]={tm=.0500;cf=cfr(.168,.109,.438,-.29,-.106,-.951,.538,-.84,-.07,-.791,-.532,.301);es="Linear";ed="In";};};{tm=.617;["Stand Right Leg"]={tm=.0829;cf=cfr(.635,.502,.029,.996,-.022,.087,.006,.983,.183,-.089,-.182,.979);es="Linear";ed="In";};["Stand Head"]={tm=.0829;cf=cfr(0,0,0,.328,.944,-.027,-.944,.327,-.039,-.028,.038,.999);es="Linear";ed="In";};};{tm=.65;["Stand Torso"]={tm=.0499;cf=cfr(-.52,-.06,-4.834,-.086,-.528,.845,-.132,.847,.515,-.987,-.067,-.143);es="Linear";ed="In";};["Stand Right Arm"]={tm=.0669;cf=cfr(.143,.093,.436,-.29,-.154,-.944,.538,-.842,-.028,-.791,-.516,.328);es="Linear";ed="In";};};{tm=.667;["Stand Left Arm"]={tm=.0659;cf=cfr(-.128,-.279,.366,.63,.49,-.603,-.25,.863,.439,.736,-.126,.666);es="Linear";ed="In";};};{tm=.683;["Stand Left Leg"]={tm=.0999;cf=cfr(-.618,.682,.005,.717,.435,.544,-.618,.758,.208,-.322,-.485,.813);es="Linear";ed="In";};};{tm=.7;["Stand Torso"]={tm=.0500;cf=cfr(-.5,-.06,-4.811,-.071,-.483,.873,-.158,.87,.468,-.985,-.105,-.138);es="Linear";ed="In";};["Stand Right Leg"]={tm=.0830;cf=cfr(.626,.504,.03,.995,.03,.099,-.046,.986,.162,-.093,-.166,.982);es="Linear";ed="In";};["Stand Head"]={tm=.0500;cf=cfr(0,0,0,.329,.944,-.029,-.937,.323,-.131,-.115,.07,.991);es="Linear";ed="In";};};{tm=.717;["Stand Right Arm"]={tm=.0660;cf=cfr(.143,.093,.436,-.276,-.251,-.928,.586,-.809,.045,-.761,-.532,.371);es="Linear";ed="In";};};{tm=.733;["Stand Left Arm"]={tm=.0500;cf=cfr(-.144,-.273,.35,.676,.464,-.573,-.237,.873,.427,.698,-.153,.699);es="Linear";ed="In";};};{tm=.75;["Stand Torso"]={tm=.0500;cf=cfr(-.489,-.06,-4.798,-.062,-.454,.889,-.173,.882,.438,-.983,-.127,-.133);es="Linear";ed="In";};["Stand Head"]={tm=.0999;cf=cfr(0,0,0,.294,.956,-.021,-.945,.287,-.156,-.143,.065,.988);es="Linear";ed="In";};};{tm=.783;["Stand Left Arm"]={tm=.0499;cf=cfr(-.161,-.268,.334,.689,.457,-.563,-.235,.875,.423,.686,-.159,.71);es="Linear";ed="In";};["Stand Left Leg"]={tm=.0339;cf=cfr(-.618,.682,.005,.74,.361,.568,-.549,.811,.2,-.389,-.46,.798);es="Linear";ed="In";};["Stand Right Leg"]={tm=.0339;cf=cfr(.626,.504,.03,.987,.134,.091,-.147,.975,.169,-.066,-.18,.981);es="Linear";ed="In";};["Stand Right Arm"]={tm=.0839;cf=cfr(.143,.093,.436,-.267,-.305,-.914,.61,-.788,.084,-.746,-.535,.396);es="Linear";ed="In";};};{tm=.8;["Stand Torso"]={tm=.0329;cf=cfr(-.477,-.06,-4.784,-.051,-.421,.906,-.189,.895,.405,-.981,-.151,-.126);es="Linear";ed="In";};};{tm=.817;["Stand Left Leg"]={tm=.0660;cf=cfr(-.618,.682,.005,.751,.334,.57,-.508,.844,.175,-.422,-.42,.803);es="Linear";ed="In";};["Stand Right Leg"]={tm=.1000;cf=cfr(.626,.504,.03,.982,.164,.092,-.179,.967,.184,-.059,-.197,.979);es="Linear";ed="In";};};{tm=.833;["Stand Torso"]={tm=.0670;cf=cfr(-.469,-.06,-4.776,-.044,-.4,.916,-.199,.902,.384,-.979,-.165,-.119);es="Linear";ed="In";};["Stand Left Arm"]={tm=.0840;cf=cfr(-.175,-.263,.321,.696,.455,-.555,-.237,.876,.421,.677,-.161,.718);es="Linear";ed="In";};};{tm=.85;["Stand Head"]={tm=.0999;cf=cfr(0,0,0,.266,.964,-.009,-.946,.26,-.192,-.183,.06,.981);es="Linear";ed="In";};};{tm=.867;["Stand Right Arm"]={tm=.0829;cf=cfr(.182,.109,.437,-.258,-.298,-.919,.633,-.771,.072,-.73,-.563,.388);es="Linear";ed="In";};};{tm=.883;["Stand Left Leg"]={tm=.0669;cf=cfr(-.618,.682,.005,.755,.36,.549,-.492,.863,.11,-.434,-.353,.829);es="Linear";ed="In";};};{tm=.9;["Stand Torso"]={tm=.0499;cf=cfr(-.464,-.06,-4.77,-.035,-.381,.924,-.205,.907,.367,-.978,-.176,-.11);es="Linear";ed="In";};};{tm=.917;["Stand Left Arm"]={tm=.0329;cf=cfr(-.189,-.259,.308,.697,.462,-.548,-.25,.873,.418,.672,-.155,.725);es="Linear";ed="In";};["Stand Right Leg"]={tm=.0329;cf=cfr(.626,.504,.03,.966,.239,.094,-.254,.946,.203,-.041,-.22,.975);es="Linear";ed="In";};};{tm=.95;["Stand Torso"]={tm=0;cf=cfr(-.461,-.06,-4.766,-.029,-.376,.926,-.208,.909,.362,-.978,-.182,-.105);es="Linear";ed="In";};["Stand Left Arm"]={tm=0;cf=cfr(-.189,-.259,.308,.691,.471,-.549,-.261,.87,.418,.675,-.146,.724);es="Linear";ed="In";};["Stand Left Leg"]={tm=0;cf=cfr(-.618,.682,.005,.758,.378,.532,-.482,.874,.066,-.44,-.307,.844);es="Linear";ed="In";};["Stand Right Leg"]={tm=0;cf=cfr(.626,.504,.03,.966,.238,.097,-.254,.943,.215,-.041,-.232,.972);es="Linear";ed="In";};["Stand Head"]={tm=0;cf=cfr(0,0,0,.266,.964,-.019,-.953,.26,-.157,-.147,.06,.987);es="Linear";ed="In";};["Stand Right Arm"]={tm=0;cf=cfr(.182,.109,.437,-.258,-.323,-.911,.633,-.769,.093,-.73,-.553,.403);es="Linear";ed="In";};};}