-- // converted using mech's animoduler
local cfr = CFrame.new

return {{tm=0;["StandHumanoidRootPart"]={tm=0;cf=cfr(.25,0,0,.985,0,-.174,0,1,0,.174,0,.985);es="Linear";ed="In";};["Stand Torso"]={tm=.017;cf=cfr(2.049,.992,-.565,-.222,-.294,.93,-.13,.954,.271,-.966,-.061,-.25);es="Linear";ed="In";};["Stand Right Leg"]={tm=.433;cf=cfr(.531,.168,.127,.96,.263,.097,-.264,.964,0,-.093,-.026,.995);es="Linear";ed="In";};["Stand Right Arm"]={tm=.433;cf=cfr(.023,-.293,-.065,.883,.049,-.467,.024,.989,.149,.469,-.143,.872);es="Linear";ed="In";};["Stand Left Arm"]={tm=.433;cf=cfr(-.151,-.497,-.117,.908,.164,-.385,-.18,.984,-.005,.378,.073,.923);es="Linear";ed="In";};["Stand Left Leg"]={tm=.017;cf=cfr(.048,-.067,.008,.921,.275,.277,-.256,.961,-.101,-.294,.022,.955);es="Linear";ed="In";};["Stand Head"]={tm=.433;cf=cfr(0,0,0,.537,.835,-.116,-.838,.512,-.188,-.098,.199,.975);es="Linear";ed="In";};};{tm=.017;["Stand Torso"]={tm=.016;cf=cfr(2.049,.992,-.565,-.222,-.294,.93,-.13,.954,.271,-.966,-.061,-.25);es="Linear";ed="In";};["Stand Left Leg"]={tm=.016;cf=cfr(.048,-.067,.008,.921,.275,.277,-.256,.961,-.101,-.294,.022,.955);es="Linear";ed="In";};};{tm=.033;["Stand Torso"]={tm=.017;cf=cfr(2.049,.993,-.565,-.222,-.294,.93,-.13,.954,.271,-.966,-.061,-.25);es="Linear";ed="In";};["Stand Left Leg"]={tm=.017;cf=cfr(.048,-.067,.008,.921,.274,.277,-.256,.961,-.101,-.294,.022,.955);es="Linear";ed="In";};};{tm=.05;["Stand Torso"]={tm=.017;cf=cfr(2.049,.993,-.565,-.223,-.294,.93,-.13,.954,.27,-.966,-.061,-.251);es="Linear";ed="In";};["Stand Left Leg"]={tm=.017;cf=cfr(.048,-.067,.008,.921,.274,.277,-.255,.962,-.101,-.294,.023,.955);es="Linear";ed="In";};};{tm=.067;["Stand Torso"]={tm=.016;cf=cfr(2.05,.993,-.565,-.223,-.294,.93,-.131,.954,.27,-.966,-.061,-.251);es="Linear";ed="In";};["Stand Left Leg"]={tm=.016;cf=cfr(.048,-.067,.008,.921,.273,.277,-.254,.962,-.101,-.294,.023,.955);es="Linear";ed="In";};};{tm=.083;["Stand Torso"]={tm=.017;cf=cfr(2.05,.994,-.565,-.223,-.293,.93,-.131,.954,.269,-.966,-.062,-.252);es="Linear";ed="In";};["Stand Left Leg"]={tm=.017;cf=cfr(.048,-.067,.008,.922,.272,.277,-.253,.962,-.101,-.294,.023,.955);es="Linear";ed="In";};};{tm=.1;["Stand Torso"]={tm=.017;cf=cfr(2.051,.995,-.565,-.224,-.293,.93,-.131,.954,.269,-.966,-.062,-.252);es="Linear";ed="In";};["Stand Left Leg"]={tm=.017;cf=cfr(.048,-.067,.008,.922,.27,.277,-.252,.962,-.101,-.294,.024,.955);es="Linear";ed="In";};};{tm=.117;["Stand Torso"]={tm=.016;cf=cfr(2.051,.996,-.564,-.225,-.292,.93,-.132,.954,.268,-.965,-.062,-.253);es="Linear";ed="In";};["Stand Left Leg"]={tm=.016;cf=cfr(.048,-.067,.008,.922,.269,.277,-.25,.963,-.101,-.294,.024,.955);es="Linear";ed="In";};};{tm=.133;["Stand Torso"]={tm=.0169;cf=cfr(2.052,.997,-.564,-.225,-.292,.93,-.132,.954,.267,-.965,-.063,-.254);es="Linear";ed="In";};["Stand Left Leg"]={tm=.0169;cf=cfr(.048,-.067,.008,.923,.267,.277,-.248,.963,-.101,-.294,.025,.955);es="Linear";ed="In";};};{tm=.15;["Stand Torso"]={tm=.0170;cf=cfr(2.053,.998,-.564,-.226,-.291,.93,-.133,.955,.266,-.965,-.063,-.255);es="Linear";ed="In";};["Stand Left Leg"]={tm=.0170;cf=cfr(.048,-.067,.008,.924,.265,.277,-.246,.964,-.101,-.294,.025,.955);es="Linear";ed="In";};};{tm=.167;["Stand Torso"]={tm=.0159;cf=cfr(2.054,.999,-.564,-.227,-.29,.93,-.134,.955,.265,-.965,-.064,-.256);es="Linear";ed="In";};["Stand Left Leg"]={tm=.0159;cf=cfr(.048,-.067,.008,.924,.262,.277,-.244,.965,-.101,-.294,.026,.955);es="Linear";ed="In";};};{tm=.183;["Stand Torso"]={tm=.0170;cf=cfr(2.055,1,-.564,-.228,-.289,.93,-.134,.955,.264,-.964,-.065,-.257);es="Linear";ed="In";};["Stand Left Leg"]={tm=.0170;cf=cfr(.048,-.067,.008,.925,.26,.277,-.241,.965,-.101,-.294,.027,.955);es="Linear";ed="In";};};{tm=.2;["Stand Torso"]={tm=.0169;cf=cfr(2.056,1.002,-.564,-.23,-.288,.93,-.135,.955,.263,-.964,-.065,-.258);es="Linear";ed="In";};["Stand Left Leg"]={tm=.0169;cf=cfr(.048,-.067,.008,.926,.257,.277,-.238,.966,-.101,-.294,.028,.955);es="Linear";ed="In";};};{tm=.217;["Stand Torso"]={tm=.0160;cf=cfr(2.058,1.003,-.564,-.231,-.287,.93,-.136,.956,.262,-.963,-.066,-.26);es="Linear";ed="In";};["Stand Left Leg"]={tm=.0160;cf=cfr(.048,-.067,.008,.927,.254,.277,-.235,.967,-.101,-.294,.029,.955);es="Linear";ed="In";};};{tm=.233;["Stand Torso"]={tm=.0169;cf=cfr(2.059,1.005,-.564,-.232,-.286,.93,-.137,.956,.26,-.963,-.067,-.261);es="Linear";ed="In";};["Stand Left Leg"]={tm=.0169;cf=cfr(.048,-.067,.008,.927,.251,.277,-.232,.967,-.101,-.294,.03,.955);es="Linear";ed="In";};};{tm=.25;["Stand Torso"]={tm=.0170;cf=cfr(2.06,1.007,-.564,-.233,-.285,.93,-.138,.956,.259,-.963,-.068,-.262);es="Linear";ed="In";};["Stand Left Leg"]={tm=.0170;cf=cfr(.048,-.067,.008,.928,.248,.277,-.228,.968,-.101,-.293,.031,.955);es="Linear";ed="In";};};{tm=.267;["Stand Torso"]={tm=.0159;cf=cfr(2.062,1.008,-.563,-.235,-.284,.93,-.139,.956,.257,-.962,-.068,-.264);es="Linear";ed="In";};["Stand Left Leg"]={tm=.0159;cf=cfr(.048,-.067,.008,.929,.244,.277,-.225,.969,-.101,-.293,.032,.955);es="Linear";ed="In";};};{tm=.283;["Stand Torso"]={tm=.0170;cf=cfr(2.063,1.01,-.563,-.236,-.283,.93,-.14,.957,.255,-.962,-.069,-.266);es="Linear";ed="In";};["Stand Left Leg"]={tm=.0170;cf=cfr(.048,-.067,.008,.93,.241,.277,-.221,.97,-.101,-.293,.033,.955);es="Linear";ed="In";};};{tm=.3;["Stand Torso"]={tm=.0170;cf=cfr(2.065,1.012,-.563,-.238,-.281,.93,-.141,.957,.254,-.961,-.07,-.267);es="Linear";ed="In";};["Stand Left Leg"]={tm=.0170;cf=cfr(.048,-.067,.008,.931,.237,.277,-.217,.971,-.101,-.293,.034,.955);es="Linear";ed="In";};};{tm=.317;["Stand Torso"]={tm=.0160;cf=cfr(2.067,1.014,-.563,-.24,-.28,.93,-.142,.957,.252,-.96,-.071,-.269);es="Linear";ed="In";};["Stand Left Leg"]={tm=.0160;cf=cfr(.048,-.067,.008,.932,.233,.277,-.213,.972,-.101,-.293,.036,.955);es="Linear";ed="In";};};{tm=.333;["Stand Torso"]={tm=.0169;cf=cfr(2.069,1.016,-.563,-.241,-.279,.93,-.143,.958,.25,-.96,-.072,-.271);es="Linear";ed="In";};["Stand Left Leg"]={tm=.0169;cf=cfr(.048,-.067,.008,.933,.229,.277,-.209,.973,-.101,-.293,.037,.955);es="Linear";ed="In";};};{tm=.35;["Stand Torso"]={tm=.0170;cf=cfr(2.07,1.019,-.563,-.243,-.277,.93,-.144,.958,.248,-.959,-.073,-.273);es="Linear";ed="In";};["Stand Left Leg"]={tm=.0170;cf=cfr(.048,-.067,.008,.934,.225,.277,-.204,.974,-.101,-.293,.038,.955);es="Linear";ed="In";};};{tm=.367;["Stand Torso"]={tm=.0160;cf=cfr(2.072,1.021,-.562,-.245,-.276,.929,-.145,.958,.246,-.959,-.074,-.275);es="Linear";ed="In";};["Stand Left Leg"]={tm=.0160;cf=cfr(.048,-.067,.008,.935,.221,.277,-.2,.975,-.101,-.292,.039,.955);es="Linear";ed="In";};};{tm=.383;["Stand Torso"]={tm=.0170;cf=cfr(2.074,1.023,-.562,-.247,-.274,.929,-.146,.959,.244,-.958,-.076,-.277);es="Linear";ed="In";};["Stand Left Leg"]={tm=.0170;cf=cfr(.048,-.067,.008,.936,.216,.277,-.195,.975,-.101,-.292,.041,.955);es="Linear";ed="In";};};{tm=.4;["Stand Torso"]={tm=.0169;cf=cfr(2.076,1.025,-.562,-.249,-.273,.929,-.147,.959,.242,-.957,-.077,-.279);es="Linear";ed="In";};["Stand Left Leg"]={tm=.0169;cf=cfr(.048,-.067,.008,.937,.212,.277,-.191,.976,-.101,-.292,.042,.955);es="Linear";ed="In";};};{tm=.417;["Stand Torso"]={tm=.0160;cf=cfr(2.078,1.028,-.562,-.25,-.271,.929,-.148,.959,.24,-.957,-.078,-.28);es="Linear";ed="In";};["Stand Left Leg"]={tm=.0160;cf=cfr(.048,-.067,.008,.938,.207,.277,-.186,.977,-.101,-.292,.044,.955);es="Linear";ed="In";};};{tm=.433;["Stand Torso"]={tm=.0170;cf=cfr(2.08,1.03,-.562,-.252,-.27,.929,-.15,.96,.238,-.956,-.079,-.282);es="Linear";ed="In";};["Stand Right Leg"]={tm=.0170;cf=cfr(.531,.168,.127,.942,.323,.097,-.324,.946,0,-.091,-.031,.995);es="Linear";ed="In";};["Stand Right Arm"]={tm=.0170;cf=cfr(.098,-.277,-.042,.929,.084,-.361,-.029,.987,.156,.37,-.134,.919);es="Linear";ed="In";};["Stand Left Arm"]={tm=.0170;cf=cfr(-.136,-.551,-.162,.95,.164,-.265,-.17,.985,0,.261,.045,.964);es="Linear";ed="In";};["Stand Left Leg"]={tm=.0170;cf=cfr(.048,-.067,.008,.939,.203,.277,-.181,.978,-.101,-.292,.045,.955);es="Linear";ed="In";};["Stand Head"]={tm=.0170;cf=cfr(0,0,0,.575,.818,0,-.789,.555,-.263,-.215,.151,.965);es="Linear";ed="In";};};{tm=.45;["Stand Torso"]={tm=.0170;cf=cfr(2.082,1.033,-.561,-.254,-.268,.929,-.151,.96,.236,-.955,-.08,-.284);es="Linear";ed="In";};["Stand Right Leg"]={tm=.0170;cf=cfr(.531,.168,.127,.942,.323,.097,-.324,.946,0,-.091,-.031,.995);es="Linear";ed="In";};["Stand Right Arm"]={tm=.0170;cf=cfr(.098,-.277,-.042,.929,.084,-.361,-.029,.987,.156,.37,-.134,.919);es="Linear";ed="In";};["Stand Left Arm"]={tm=.0170;cf=cfr(-.136,-.551,-.162,.95,.164,-.265,-.17,.985,0,.262,.045,.964);es="Linear";ed="In";};["Stand Left Leg"]={tm=.0170;cf=cfr(.048,-.067,.008,.94,.198,.277,-.177,.979,-.101,-.291,.046,.955);es="Linear";ed="In";};["Stand Head"]={tm=.0170;cf=cfr(0,0,0,.575,.818,0,-.789,.555,-.263,-.215,.151,.965);es="Linear";ed="In";};};{tm=.467;["Stand Torso"]={tm=.0159;cf=cfr(2.084,1.035,-.561,-.256,-.267,.929,-.152,.96,.234,-.955,-.081,-.286);es="Linear";ed="In";};["Stand Right Leg"]={tm=.0159;cf=cfr(.531,.168,.127,.942,.322,.097,-.324,.946,0,-.091,-.031,.995);es="Linear";ed="In";};["Stand Right Arm"]={tm=.0159;cf=cfr(.097,-.277,-.042,.928,.084,-.362,-.029,.987,.156,.371,-.134,.919);es="Linear";ed="In";};["Stand Left Arm"]={tm=.0159;cf=cfr(-.136,-.551,-.162,.95,.164,-.266,-.17,.985,0,.262,.045,.964);es="Linear";ed="In";};["Stand Left Leg"]={tm=.0159;cf=cfr(.048,-.067,.008,.941,.194,.277,-.172,.98,-.101,-.291,.048,.955);es="Linear";ed="In";};["Stand Head"]={tm=.0159;cf=cfr(0,0,0,.575,.818,-.001,-.79,.554,-.263,-.215,.152,.965);es="Linear";ed="In";};};{tm=.483;["Stand Torso"]={tm=.0170;cf=cfr(2.086,1.037,-.561,-.258,-.265,.929,-.153,.961,.232,-.954,-.083,-.288);es="Linear";ed="In";};["Stand Right Leg"]={tm=.0170;cf=cfr(.531,.168,.127,.942,.322,.097,-.323,.946,0,-.092,-.031,.995);es="Linear";ed="In";};["Stand Right Arm"]={tm=.0170;cf=cfr(.097,-.277,-.042,.928,.084,-.363,-.028,.987,.156,.371,-.134,.919);es="Linear";ed="In";};["Stand Left Arm"]={tm=.0170;cf=cfr(-.136,-.55,-.161,.95,.164,-.267,-.171,.985,0,.263,.046,.964);es="Linear";ed="In";};["Stand Left Leg"]={tm=.0170;cf=cfr(.048,-.067,.008,.942,.189,.277,-.167,.981,-.101,-.291,.049,.955);es="Linear";ed="In";};["Stand Head"]={tm=.0170;cf=cfr(0,0,0,.575,.818,-.002,-.79,.554,-.262,-.214,.152,.965);es="Linear";ed="In";};};{tm=.5;["Stand Torso"]={tm=.0170;cf=cfr(2.088,1.04,-.561,-.26,-.264,.929,-.154,.961,.23,-.953,-.084,-.29);es="Linear";ed="In";};["Stand Right Leg"]={tm=.0170;cf=cfr(.531,.168,.127,.942,.321,.097,-.323,.947,0,-.092,-.031,.995);es="Linear";ed="In";};["Stand Right Arm"]={tm=.0170;cf=cfr(.096,-.278,-.042,.928,.083,-.364,-.028,.987,.156,.373,-.135,.918);es="Linear";ed="In";};["Stand Left Arm"]={tm=.0170;cf=cfr(-.136,-.549,-.161,.949,.164,-.268,-.171,.985,0,.265,.046,.963);es="Linear";ed="In";};["Stand Left Leg"]={tm=.0170;cf=cfr(.048,-.067,.008,.943,.184,.277,-.162,.982,-.101,-.291,.051,.955);es="Linear";ed="In";};["Stand Head"]={tm=.0170;cf=cfr(0,0,0,.574,.819,-.003,-.791,.554,-.261,-.212,.153,.965);es="Linear";ed="In";};};{tm=.517;["Stand Torso"]={tm=.0160;cf=cfr(2.09,1.042,-.561,-.262,-.262,.929,-.156,.961,.228,-.952,-.085,-.292);es="Linear";ed="In";};["Stand Right Leg"]={tm=.0160;cf=cfr(.531,.168,.127,.942,.32,.097,-.322,.947,0,-.092,-.031,.995);es="Linear";ed="In";};["Stand Right Arm"]={tm=.0160;cf=cfr(.095,-.278,-.043,.927,.083,-.366,-.027,.987,.156,.374,-.135,.918);es="Linear";ed="In";};["Stand Left Arm"]={tm=.0160;cf=cfr(-.136,-.549,-.16,.949,.164,-.27,-.171,.985,0,.266,.046,.963);es="Linear";ed="In";};["Stand Left Leg"]={tm=.0160;cf=cfr(.048,-.067,.008,.944,.18,.277,-.157,.982,-.101,-.29,.052,.955);es="Linear";ed="In";};["Stand Head"]={tm=.0160;cf=cfr(0,0,0,.574,.819,-.005,-.792,.553,-.26,-.21,.153,.966);es="Linear";ed="In";};};{tm=.533;["Stand Torso"]={tm=.0170;cf=cfr(2.091,1.044,-.56,-.264,-.261,.929,-.157,.962,.226,-.952,-.086,-.294);es="Linear";ed="In";};["Stand Right Leg"]={tm=.0170;cf=cfr(.531,.168,.127,.943,.319,.097,-.321,.947,0,-.092,-.031,.995);es="Linear";ed="In";};["Stand Right Arm"]={tm=.0170;cf=cfr(.093,-.278,-.043,.926,.082,-.368,-.026,.987,.156,.376,-.135,.917);es="Linear";ed="In";};["Stand Left Arm"]={tm=.0170;cf=cfr(-.137,-.548,-.159,.948,.164,-.273,-.171,.985,0,.268,.047,.962);es="Linear";ed="In";};["Stand Left Leg"]={tm=.0170;cf=cfr(.048,-.067,.008,.945,.175,.277,-.153,.983,-.101,-.29,.053,.955);es="Linear";ed="In";};["Stand Head"]={tm=.0170;cf=cfr(0,0,0,.573,.819,-.007,-.793,.552,-.259,-.208,.154,.966);es="Linear";ed="In";};};{tm=.55;["Stand Torso"]={tm=.0169;cf=cfr(2.093,1.047,-.56,-.266,-.259,.929,-.158,.962,.223,-.951,-.087,-.296);es="Linear";ed="In";};["Stand Right Leg"]={tm=.0169;cf=cfr(.531,.168,.127,.943,.318,.097,-.319,.948,0,-.092,-.031,.995);es="Linear";ed="In";};["Stand Right Arm"]={tm=.0169;cf=cfr(.092,-.278,-.044,.925,.081,-.37,-.025,.988,.156,.378,-.135,.916);es="Linear";ed="In";};["Stand Left Arm"]={tm=.0169;cf=cfr(-.137,-.546,-.158,.947,.164,-.275,-.171,.985,0,.271,.047,.961);es="Linear";ed="In";};["Stand Left Leg"]={tm=.0169;cf=cfr(.048,-.067,.008,.946,.171,.277,-.148,.984,-.101,-.29,.055,.955);es="Linear";ed="In";};["Stand Head"]={tm=.0169;cf=cfr(0,0,0,.572,.82,-.01,-.794,.551,-.257,-.206,.155,.966);es="Linear";ed="In";};};{tm=.567;["Stand Torso"]={tm=.0160;cf=cfr(2.095,1.049,-.56,-.267,-.258,.928,-.159,.962,.221,-.95,-.088,-.298);es="Linear";ed="In";};["Stand Right Leg"]={tm=.0160;cf=cfr(.531,.168,.127,.944,.316,.097,-.318,.948,0,-.092,-.031,.995);es="Linear";ed="In";};["Stand Right Arm"]={tm=.0160;cf=cfr(.09,-.279,-.044,.924,.081,-.373,-.023,.988,.156,.381,-.135,.915);es="Linear";ed="In";};["Stand Left Arm"]={tm=.0160;cf=cfr(-.137,-.545,-.157,.946,.164,-.278,-.171,.985,-.001,.274,.048,.961);es="Linear";ed="In";};["Stand Left Leg"]={tm=.0160;cf=cfr(.048,-.067,.008,.946,.166,.277,-.143,.984,-.101,-.29,.056,.955);es="Linear";ed="In";};["Stand Head"]={tm=.0160;cf=cfr(0,0,0,.572,.82,-.013,-.795,.55,-.256,-.203,.156,.967);es="Linear";ed="In";};};{tm=.583;["Stand Torso"]={tm=.0170;cf=cfr(2.097,1.051,-.56,-.269,-.256,.928,-.16,.962,.219,-.95,-.09,-.3);es="Linear";ed="In";};["Stand Right Leg"]={tm=.0170;cf=cfr(.531,.168,.127,.944,.315,.097,-.316,.949,0,-.092,-.031,.995);es="Linear";ed="In";};["Stand Right Arm"]={tm=.0170;cf=cfr(.088,-.279,-.045,.923,.08,-.376,-.022,.988,.155,.383,-.135,.914);es="Linear";ed="In";};["Stand Left Arm"]={tm=.0170;cf=cfr(-.138,-.544,-.156,.945,.164,-.282,-.172,.985,-.001,.277,.049,.96);es="Linear";ed="In";};["Stand Left Leg"]={tm=.0170;cf=cfr(.048,-.067,.008,.947,.162,.277,-.139,.985,-.101,-.289,.058,.955);es="Linear";ed="In";};["Stand Head"]={tm=.0170;cf=cfr(0,0,0,.571,.821,-.016,-.796,.549,-.254,-.2,.157,.967);es="Linear";ed="In";};};{tm=.6;["Stand Torso"]={tm=.0170;cf=cfr(2.099,1.053,-.56,-.271,-.255,.928,-.161,.963,.218,-.949,-.091,-.302);es="Linear";ed="In";};["Stand Right Leg"]={tm=.0170;cf=cfr(.531,.168,.127,.945,.313,.097,-.314,.949,0,-.092,-.03,.995);es="Linear";ed="In";};["Stand Right Arm"]={tm=.0170;cf=cfr(.085,-.28,-.046,.922,.078,-.379,-.02,.988,.155,.387,-.136,.912);es="Linear";ed="In";};["Stand Left Arm"]={tm=.0170;cf=cfr(-.138,-.542,-.154,.944,.165,-.285,-.172,.985,-.001,.281,.05,.958);es="Linear";ed="In";};["Stand Left Leg"]={tm=.0170;cf=cfr(.048,-.067,.008,.948,.158,.277,-.135,.986,-.101,-.289,.059,.955);es="Linear";ed="In";};["Stand Head"]={tm=.0170;cf=cfr(0,0,0,.57,.822,-.019,-.798,.548,-.252,-.196,.159,.968);es="Linear";ed="In";};};{tm=.617;["Stand Torso"]={tm=.0160;cf=cfr(2.101,1.056,-.559,-.273,-.254,.928,-.162,.963,.216,-.948,-.092,-.304);es="Linear";ed="In";};["Stand Right Leg"]={tm=.0160;cf=cfr(.531,.168,.127,.946,.311,.097,-.312,.95,0,-.092,-.03,.995);es="Linear";ed="In";};["Stand Right Arm"]={tm=.0160;cf=cfr(.083,-.28,-.046,.921,.077,-.383,-.018,.988,.155,.39,-.136,.911);es="Linear";ed="In";};["Stand Left Arm"]={tm=.0160;cf=cfr(-.139,-.54,-.153,.943,.165,-.289,-.172,.985,-.001,.285,.051,.957);es="Linear";ed="In";};["Stand Left Leg"]={tm=.0160;cf=cfr(.048,-.067,.008,.948,.154,.277,-.13,.986,-.101,-.289,.06,.955);es="Linear";ed="In";};["Stand Head"]={tm=.0160;cf=cfr(0,0,0,.569,.822,-.023,-.8,.546,-.249,-.192,.16,.968);es="Linear";ed="In";};};{tm=.633;["Stand Torso"]={tm=.0170;cf=cfr(2.102,1.058,-.559,-.274,-.252,.928,-.163,.963,.214,-.948,-.093,-.305);es="Linear";ed="In";};["Stand Right Leg"]={tm=.0170;cf=cfr(.531,.168,.127,.946,.309,.097,-.31,.951,0,-.092,-.03,.995);es="Linear";ed="In";};["Stand Right Arm"]={tm=.0170;cf=cfr(.08,-.281,-.047,.919,.076,-.387,-.016,.988,.155,.394,-.136,.909);es="Linear";ed="In";};["Stand Left Arm"]={tm=.0170;cf=cfr(-.139,-.538,-.151,.942,.165,-.294,-.173,.985,-.001,.289,.052,.956);es="Linear";ed="In";};["Stand Left Leg"]={tm=.0170;cf=cfr(.048,-.067,.008,.949,.15,.277,-.126,.987,-.101,-.289,.061,.955);es="Linear";ed="In";};["Stand Head"]={tm=.0170;cf=cfr(0,0,0,.567,.823,-.028,-.802,.545,-.246,-.188,.162,.969);es="Linear";ed="In";};};{tm=.65;["Stand Torso"]={tm=.0170;cf=cfr(2.104,1.06,-.559,-.276,-.251,.928,-.164,.963,.212,-.947,-.094,-.307);es="Linear";ed="In";};["Stand Right Leg"]={tm=.0170;cf=cfr(.531,.168,.127,.947,.306,.097,-.308,.951,0,-.092,-.03,.995);es="Linear";ed="In";};["Stand Right Arm"]={tm=.0170;cf=cfr(.077,-.282,-.048,.917,.075,-.391,-.014,.988,.155,.398,-.136,.907);es="Linear";ed="In";};["Stand Left Arm"]={tm=.0170;cf=cfr(-.14,-.536,-.149,.94,.165,-.299,-.173,.985,-.001,.294,.053,.954);es="Linear";ed="In";};["Stand Left Leg"]={tm=.0170;cf=cfr(.048,-.067,.008,.95,.146,.277,-.122,.987,-.101,-.288,.062,.955);es="Linear";ed="In";};["Stand Head"]={tm=.0170;cf=cfr(0,0,0,.566,.824,-.032,-.804,.543,-.244,-.183,.164,.969);es="Linear";ed="In";};};{tm=.667;["Stand Torso"]={tm=.0160;cf=cfr(2.105,1.062,-.559,-.277,-.25,.928,-.165,.964,.21,-.946,-.095,-.309);es="Linear";ed="In";};["Stand Right Leg"]={tm=.0160;cf=cfr(.531,.168,.127,.948,.304,.097,-.305,.952,0,-.092,-.03,.995);es="Linear";ed="In";};["Stand Right Arm"]={tm=.0160;cf=cfr(.074,-.282,-.049,.916,.073,-.395,-.012,.988,.155,.402,-.137,.906);es="Linear";ed="In";};["Stand Left Arm"]={tm=.0160;cf=cfr(-.141,-.534,-.148,.938,.165,-.304,-.173,.985,-.002,.299,.054,.953);es="Linear";ed="In";};["Stand Left Leg"]={tm=.0160;cf=cfr(.048,-.067,.008,.95,.142,.277,-.118,.988,-.101,-.288,.064,.955);es="Linear";ed="In";};["Stand Head"]={tm=.0160;cf=cfr(0,0,0,.565,.824,-.037,-.806,.541,-.241,-.178,.166,.97);es="Linear";ed="In";};};{tm=.683;["Stand Torso"]={tm=.0169;cf=cfr(2.107,1.063,-.559,-.279,-.249,.928,-.166,.964,.209,-.946,-.096,-.31);es="Linear";ed="In";};["Stand Right Leg"]={tm=.0169;cf=cfr(.531,.168,.127,.949,.301,.097,-.303,.953,0,-.092,-.029,.995);es="Linear";ed="In";};["Stand Right Arm"]={tm=.0169;cf=cfr(.071,-.283,-.05,.914,.072,-.4,-.01,.988,.154,.406,-.137,.904);es="Linear";ed="In";};["Stand Left Arm"]={tm=.0169;cf=cfr(-.141,-.531,-.146,.937,.165,-.309,-.174,.985,-.002,.304,.055,.951);es="Linear";ed="In";};["Stand Left Leg"]={tm=.0169;cf=cfr(.048,-.067,.008,.951,.139,.277,-.115,.988,-.101,-.288,.065,.955);es="Linear";ed="In";};["Stand Head"]={tm=.0169;cf=cfr(0,0,0,.563,.825,-.042,-.808,.539,-.237,-.173,.168,.971);es="Linear";ed="In";};};{tm=.7;["Stand Torso"]={tm=.0170;cf=cfr(2.108,1.065,-.559,-.28,-.248,.927,-.167,.964,.207,-.945,-.097,-.311);es="Linear";ed="In";};["Stand Right Leg"]={tm=.0170;cf=cfr(.531,.168,.127,.949,.299,.097,-.3,.954,0,-.092,-.029,.995);es="Linear";ed="In";};["Stand Right Arm"]={tm=.0170;cf=cfr(.067,-.284,-.051,.912,.07,-.405,-.007,.988,.154,.411,-.137,.901);es="Linear";ed="In";};["Stand Left Arm"]={tm=.0170;cf=cfr(-.142,-.529,-.143,.935,.165,-.314,-.174,.985,-.002,.309,.057,.949);es="Linear";ed="In";};["Stand Left Leg"]={tm=.0170;cf=cfr(.048,-.067,.008,.951,.135,.277,-.111,.989,-.101,-.288,.066,.955);es="Linear";ed="In";};["Stand Head"]={tm=.0170;cf=cfr(0,0,0,.561,.826,-.048,-.81,.537,-.234,-.167,.17,.971);es="Linear";ed="In";};};{tm=.717;["Stand Torso"]={tm=.0160;cf=cfr(2.11,1.067,-.558,-.282,-.247,.927,-.167,.964,.206,-.945,-.097,-.313);es="Linear";ed="In";};["Stand Right Leg"]={tm=.0160;cf=cfr(.531,.168,.127,.95,.296,.097,-.297,.955,0,-.092,-.029,.995);es="Linear";ed="In";};["Stand Right Arm"]={tm=.0160;cf=cfr(.064,-.285,-.052,.91,.068,-.41,-.005,.988,.154,.416,-.138,.899);es="Linear";ed="In";};["Stand Left Arm"]={tm=.0160;cf=cfr(-.143,-.526,-.141,.933,.165,-.32,-.175,.985,-.002,.315,.058,.947);es="Linear";ed="In";};["Stand Left Leg"]={tm=.0160;cf=cfr(.048,-.067,.008,.952,.132,.277,-.108,.989,-.101,-.287,.067,.955);es="Linear";ed="In";};["Stand Head"]={tm=.0160;cf=cfr(0,0,0,.56,.827,-.053,-.813,.535,-.23,-.162,.172,.972);es="Linear";ed="In";};};{tm=.733;["Stand Torso"]={tm=.0170;cf=cfr(2.111,1.068,-.558,-.283,-.246,.927,-.168,.964,.204,-.944,-.098,-.314);es="Linear";ed="In";};["Stand Right Leg"]={tm=.0170;cf=cfr(.531,.168,.127,.951,.293,.097,-.294,.956,0,-.092,-.028,.995);es="Linear";ed="In";};["Stand Right Arm"]={tm=.0170;cf=cfr(.06,-.285,-.054,.907,.066,-.415,-.002,.988,.153,.421,-.138,.897);es="Linear";ed="In";};["Stand Left Arm"]={tm=.0170;cf=cfr(-.143,-.523,-.139,.931,.165,-.326,-.175,.985,-.002,.321,.059,.945);es="Linear";ed="In";};["Stand Left Leg"]={tm=.0170;cf=cfr(.048,-.067,.008,.952,.129,.277,-.105,.989,-.101,-.287,.068,.955);es="Linear";ed="In";};["Stand Head"]={tm=.0170;cf=cfr(0,0,0,.558,.828,-.059,-.815,.533,-.226,-.156,.175,.972);es="Linear";ed="In";};};{tm=.75;["Stand Torso"]={tm=.0170;cf=cfr(2.112,1.07,-.558,-.284,-.245,.927,-.169,.965,.203,-.944,-.099,-.315);es="Linear";ed="In";};["Stand Right Leg"]={tm=.0170;cf=cfr(.531,.168,.127,.952,.289,.097,-.291,.957,0,-.093,-.028,.995);es="Linear";ed="In";};["Stand Right Arm"]={tm=.0170;cf=cfr(.056,-.286,-.055,.905,.064,-.421,.001,.988,.153,.426,-.139,.894);es="Linear";ed="In";};["Stand Left Arm"]={tm=.0170;cf=cfr(-.144,-.521,-.137,.929,.165,-.333,-.176,.984,-.003,.327,.061,.943);es="Linear";ed="In";};["Stand Left Leg"]={tm=.0170;cf=cfr(.048,-.067,.008,.952,.126,.277,-.102,.99,-.101,-.287,.068,.955);es="Linear";ed="In";};["Stand Head"]={tm=.0170;cf=cfr(0,0,0,.556,.829,-.065,-.818,.531,-.222,-.15,.177,.973);es="Linear";ed="In";};};{tm=.767;["Stand Torso"]={tm=.0160;cf=cfr(2.113,1.071,-.558,-.285,-.244,.927,-.169,.965,.202,-.943,-.1,-.316);es="Linear";ed="In";};["Stand Right Leg"]={tm=.0160;cf=cfr(.531,.168,.127,.953,.286,.097,-.288,.958,0,-.093,-.028,.995);es="Linear";ed="In";};["Stand Right Arm"]={tm=.0160;cf=cfr(.052,-.287,-.056,.902,.063,-.426,.004,.988,.153,.431,-.139,.892);es="Linear";ed="In";};["Stand Left Arm"]={tm=.0160;cf=cfr(-.145,-.518,-.134,.926,.165,-.339,-.176,.984,-.003,.333,.062,.941);es="Linear";ed="In";};["Stand Left Leg"]={tm=.0160;cf=cfr(.048,-.067,.008,.953,.124,.277,-.099,.99,-.101,-.287,.069,.955);es="Linear";ed="In";};["Stand Head"]={tm=.0160;cf=cfr(0,0,0,.554,.83,-.072,-.82,.529,-.218,-.143,.18,.973);es="Linear";ed="In";};};{tm=.783;["Stand Torso"]={tm=.0170;cf=cfr(2.114,1.072,-.558,-.286,-.243,.927,-.17,.965,.201,-.943,-.1,-.317);es="Linear";ed="In";};["Stand Right Leg"]={tm=.0170;cf=cfr(.531,.168,.127,.954,.283,.097,-.284,.959,0,-.093,-.027,.995);es="Linear";ed="In";};["Stand Right Arm"]={tm=.0170;cf=cfr(.048,-.288,-.057,.9,.061,-.432,.007,.988,.152,.436,-.14,.889);es="Linear";ed="In";};["Stand Left Arm"]={tm=.0170;cf=cfr(-.146,-.515,-.132,.924,.165,-.346,-.177,.984,-.003,.34,.064,.938);es="Linear";ed="In";};["Stand Left Leg"]={tm=.0170;cf=cfr(.048,-.067,.008,.953,.121,.277,-.097,.99,-.101,-.287,.07,.955);es="Linear";ed="In";};["Stand Head"]={tm=.0170;cf=cfr(0,0,0,.551,.831,-.078,-.823,.526,-.214,-.137,.182,.974);es="Linear";ed="In";};};{tm=.8;["Stand Torso"]={tm=.0169;cf=cfr(2.115,1.073,-.558,-.287,-.243,.927,-.171,.965,.2,-.943,-.101,-.318);es="Linear";ed="In";};["Stand Right Leg"]={tm=.0169;cf=cfr(.531,.168,.127,.955,.28,.097,-.281,.96,0,-.093,-.027,.995);es="Linear";ed="In";};["Stand Right Arm"]={tm=.0169;cf=cfr(.044,-.289,-.059,.897,.059,-.438,.01,.988,.152,.442,-.14,.886);es="Linear";ed="In";};["Stand Left Arm"]={tm=.0169;cf=cfr(-.147,-.512,-.129,.921,.165,-.352,-.177,.984,-.003,.346,.066,.936);es="Linear";ed="In";};["Stand Left Leg"]={tm=.0169;cf=cfr(.048,-.067,.008,.953,.119,.277,-.094,.99,-.101,-.287,.071,.955);es="Linear";ed="In";};["Stand Head"]={tm=.0169;cf=cfr(0,0,0,.549,.831,-.085,-.826,.524,-.21,-.13,.185,.974);es="Linear";ed="In";};};{tm=.817;["Stand Torso"]={tm=.0160;cf=cfr(2.116,1.074,-.558,-.288,-.242,.927,-.171,.965,.199,-.942,-.101,-.319);es="Linear";ed="In";};["Stand Right Leg"]={tm=.0160;cf=cfr(.531,.168,.127,.956,.276,.097,-.277,.961,0,-.093,-.027,.995);es="Linear";ed="In";};["Stand Right Arm"]={tm=.0160;cf=cfr(.039,-.29,-.06,.894,.056,-.444,.013,.988,.151,.448,-.141,.883);es="Linear";ed="In";};["Stand Left Arm"]={tm=.0160;cf=cfr(-.148,-.508,-.126,.919,.164,-.359,-.178,.984,-.004,.353,.067,.933);es="Linear";ed="In";};["Stand Left Leg"]={tm=.0160;cf=cfr(.048,-.067,.008,.954,.117,.277,-.092,.991,-.101,-.286,.071,.955);es="Linear";ed="In";};["Stand Head"]={tm=.0160;cf=cfr(0,0,0,.547,.832,-.092,-.828,.521,-.205,-.123,.188,.974);es="Linear";ed="In";};};{tm=.833;["Stand Torso"]={tm=.0170;cf=cfr(2.117,1.075,-.558,-.288,-.241,.927,-.171,.965,.198,-.942,-.102,-.32);es="Linear";ed="In";};["Stand Right Leg"]={tm=.0170;cf=cfr(.531,.168,.127,.957,.272,.097,-.274,.962,0,-.093,-.026,.995);es="Linear";ed="In";};["Stand Right Arm"]={tm=.0170;cf=cfr(.035,-.291,-.062,.891,.054,-.45,.016,.988,.151,.453,-.141,.88);es="Linear";ed="In";};["Stand Left Arm"]={tm=.0170;cf=cfr(-.149,-.505,-.124,.916,.164,-.366,-.178,.984,-.004,.36,.069,.93);es="Linear";ed="In";};["Stand Left Leg"]={tm=.0170;cf=cfr(.048,-.067,.008,.954,.116,.277,-.091,.991,-.101,-.286,.072,.955);es="Linear";ed="In";};["Stand Head"]={tm=.0170;cf=cfr(0,0,0,.544,.833,-.098,-.831,.519,-.201,-.116,.191,.975);es="Linear";ed="In";};};{tm=.85;["Stand Torso"]={tm=.0170;cf=cfr(2.117,1.076,-.558,-.289,-.241,.927,-.172,.965,.197,-.942,-.102,-.32);es="Linear";ed="In";};["Stand Right Leg"]={tm=.0170;cf=cfr(.531,.168,.127,.958,.269,.097,-.27,.963,0,-.093,-.026,.995);es="Linear";ed="In";};["Stand Right Arm"]={tm=.0170;cf=cfr(.031,-.292,-.063,.888,.052,-.457,.019,.988,.15,.459,-.142,.877);es="Linear";ed="In";};["Stand Left Arm"]={tm=.0170;cf=cfr(-.149,-.502,-.121,.913,.164,-.373,-.179,.984,-.004,.367,.071,.928);es="Linear";ed="In";};["Stand Left Leg"]={tm=.0170;cf=cfr(.048,-.067,.008,.954,.114,.277,-.089,.991,-.101,-.286,.072,.955);es="Linear";ed="In";};["Stand Head"]={tm=.0170;cf=cfr(0,0,0,.541,.834,-.105,-.834,.516,-.196,-.109,.194,.975);es="Linear";ed="In";};};{tm=.867;["Stand Torso"]={tm=.0160;cf=cfr(2.118,1.077,-.558,-.289,-.241,.926,-.172,.965,.197,-.942,-.102,-.321);es="Linear";ed="In";};["Stand Right Leg"]={tm=.0160;cf=cfr(.531,.168,.127,.959,.265,.097,-.266,.964,0,-.093,-.026,.995);es="Linear";ed="In";};["Stand Right Arm"]={tm=.0160;cf=cfr(.026,-.293,-.064,.885,.05,-.463,.022,.989,.15,.465,-.143,.874);es="Linear";ed="In";};["Stand Left Arm"]={tm=.0160;cf=cfr(-.15,-.499,-.118,.91,.164,-.381,-.179,.984,-.004,.374,.072,.925);es="Linear";ed="In";};["Stand Left Leg"]={tm=.0160;cf=cfr(.048,-.067,.008,.954,.113,.277,-.088,.991,-.101,-.286,.072,.955);es="Linear";ed="In";};["Stand Head"]={tm=.0160;cf=cfr(0,0,0,.539,.835,-.112,-.836,.514,-.191,-.102,.197,.975);es="Linear";ed="In";};};{tm=.883;["Stand Torso"]={tm=.0170;cf=cfr(2.118,1.077,-.558,-.29,-.24,.926,-.172,.965,.196,-.941,-.103,-.321);es="Linear";ed="In";};["Stand Right Leg"]={tm=.0170;cf=cfr(.531,.168,.127,.96,.261,.097,-.263,.965,0,-.093,-.025,.995);es="Linear";ed="In";};["Stand Right Arm"]={tm=.0170;cf=cfr(.021,-.294,-.066,.882,.048,-.469,.025,.989,.149,.471,-.143,.87);es="Linear";ed="In";};["Stand Left Arm"]={tm=.0170;cf=cfr(-.151,-.495,-.116,.907,.164,-.388,-.18,.984,-.005,.381,.074,.922);es="Linear";ed="In";};["Stand Left Leg"]={tm=.0170;cf=cfr(.048,-.067,.008,.954,.112,.277,-.087,.991,-.101,-.286,.073,.955);es="Linear";ed="In";};["Stand Head"]={tm=.0170;cf=cfr(0,0,0,.536,.836,-.119,-.839,.511,-.186,-.095,.2,.975);es="Linear";ed="In";};};{tm=.9;["Stand Torso"]={tm=.0170;cf=cfr(2.118,1.077,-.558,-.29,-.24,.926,-.172,.965,.196,-.941,-.103,-.321);es="Linear";ed="In";};["Stand Right Leg"]={tm=.0170;cf=cfr(.531,.168,.127,.961,.258,.097,-.259,.966,0,-.093,-.025,.995);es="Linear";ed="In";};["Stand Right Arm"]={tm=.0170;cf=cfr(.017,-.295,-.067,.879,.046,-.475,.029,.989,.148,.477,-.144,.867);es="Linear";ed="In";};["Stand Left Arm"]={tm=.0170;cf=cfr(-.152,-.492,-.113,.904,.164,-.395,-.18,.984,-.005,.388,.076,.919);es="Linear";ed="In";};["Stand Left Leg"]={tm=.0170;cf=cfr(.048,-.067,.008,.954,.111,.277,-.086,.991,-.101,-.286,.073,.955);es="Linear";ed="In";};["Stand Head"]={tm=.0170;cf=cfr(0,0,0,.533,.837,-.126,-.841,.509,-.181,-.088,.203,.975);es="Linear";ed="In";};};{tm=.917;["Stand Torso"]={tm=.0160;cf=cfr(2.119,1.078,-.558,-.29,-.24,.926,-.172,.965,.196,-.941,-.103,-.322);es="Linear";ed="In";};["Stand Right Leg"]={tm=.0160;cf=cfr(.531,.168,.127,.962,.254,.097,-.255,.967,0,-.093,-.025,.995);es="Linear";ed="In";};["Stand Right Arm"]={tm=.0160;cf=cfr(.012,-.296,-.069,.875,.044,-.482,.032,.989,.148,.483,-.145,.864);es="Linear";ed="In";};["Stand Left Arm"]={tm=.0160;cf=cfr(-.153,-.489,-.11,.901,.164,-.402,-.181,.983,-.005,.394,.077,.916);es="Linear";ed="In";};["Stand Left Leg"]={tm=.0160;cf=cfr(.048,-.067,.008,.954,.111,.277,-.086,.991,-.101,-.286,.073,.955);es="Linear";ed="In";};["Stand Head"]={tm=.0160;cf=cfr(0,0,0,.53,.837,-.133,-.844,.506,-.177,-.08,.206,.975);es="Linear";ed="In";};};{tm=.933;["Stand Torso"]={tm=.0169;cf=cfr(2.119,1.078,-.558,-.29,-.24,.926,-.173,.965,.196,-.941,-.103,-.322);es="Linear";ed="In";};["Stand Right Leg"]={tm=.0169;cf=cfr(.531,.168,.127,.963,.25,.097,-.252,.968,0,-.094,-.024,.995);es="Linear";ed="In";};["Stand Right Arm"]={tm=.0169;cf=cfr(.008,-.297,-.07,.872,.042,-.488,.035,.989,.147,.488,-.145,.86);es="Linear";ed="In";};["Stand Left Arm"]={tm=.0169;cf=cfr(-.154,-.485,-.107,.898,.164,-.409,-.182,.983,-.005,.401,.079,.912);es="Linear";ed="In";};["Stand Left Leg"]={tm=.0169;cf=cfr(.048,-.067,.008,.954,.111,.277,-.086,.991,-.101,-.286,.073,.955);es="Linear";ed="In";};["Stand Head"]={tm=.0169;cf=cfr(0,0,0,.527,.838,-.14,-.847,.504,-.172,-.073,.209,.975);es="Linear";ed="In";};};{tm=.95;["Stand Torso"]={tm=.0170;cf=cfr(2.119,1.078,-.558,-.29,-.24,.926,-.172,.965,.196,-.941,-.103,-.322);es="Linear";ed="In";};["Stand Right Leg"]={tm=.0170;cf=cfr(.531,.168,.127,.964,.247,.097,-.248,.969,0,-.094,-.024,.995);es="Linear";ed="In";};["Stand Right Arm"]={tm=.0170;cf=cfr(.003,-.298,-.072,.869,.039,-.494,.038,.988,.146,.494,-.146,.857);es="Linear";ed="In";};["Stand Left Arm"]={tm=.0170;cf=cfr(-.155,-.482,-.105,.894,.163,-.416,-.182,.983,-.006,.408,.081,.909);es="Linear";ed="In";};["Stand Left Leg"]={tm=.0170;cf=cfr(.048,-.067,.008,.954,.111,.277,-.086,.991,-.101,-.286,.073,.955);es="Linear";ed="In";};["Stand Head"]={tm=.0170;cf=cfr(0,0,0,.524,.839,-.147,-.849,.501,-.167,-.066,.212,.975);es="Linear";ed="In";};};{tm=.967;["Stand Torso"]={tm=.0160;cf=cfr(2.118,1.077,-.558,-.29,-.24,.926,-.172,.965,.196,-.941,-.103,-.321);es="Linear";ed="In";};["Stand Right Leg"]={tm=.0160;cf=cfr(.531,.168,.127,.965,.243,.097,-.244,.97,0,-.094,-.024,.995);es="Linear";ed="In";};["Stand Right Arm"]={tm=.0160;cf=cfr(-.001,-.299,-.073,.865,.037,-.5,.042,.988,.146,.5,-.147,.854);es="Linear";ed="In";};["Stand Left Arm"]={tm=.0160;cf=cfr(-.156,-.479,-.102,.891,.163,-.423,-.183,.983,-.006,.415,.083,.906);es="Linear";ed="In";};["Stand Left Leg"]={tm=.0160;cf=cfr(.048,-.067,.008,.954,.111,.277,-.086,.991,-.101,-.286,.073,.955);es="Linear";ed="In";};["Stand Head"]={tm=.0160;cf=cfr(0,0,0,.521,.839,-.154,-.851,.499,-.162,-.059,.215,.975);es="Linear";ed="In";};};{tm=.983;["Stand Torso"]={tm=.0170;cf=cfr(2.118,1.077,-.558,-.29,-.24,.926,-.172,.965,.196,-.941,-.103,-.321);es="Linear";ed="In";};["Stand Right Leg"]={tm=.0170;cf=cfr(.531,.168,.127,.966,.239,.097,-.24,.971,0,-.094,-.023,.995);es="Linear";ed="In";};["Stand Right Arm"]={tm=.0170;cf=cfr(-.006,-.3,-.074,.862,.035,-.506,.045,.988,.145,.505,-.148,.85);es="Linear";ed="In";};["Stand Left Arm"]={tm=.0170;cf=cfr(-.157,-.475,-.099,.888,.163,-.43,-.183,.983,-.006,.422,.084,.903);es="Linear";ed="In";};["Stand Left Leg"]={tm=.0170;cf=cfr(.048,-.067,.008,.954,.112,.277,-.087,.991,-.101,-.286,.073,.955);es="Linear";ed="In";};["Stand Head"]={tm=.0170;cf=cfr(0,0,0,.518,.84,-.161,-.854,.497,-.157,-.052,.218,.974);es="Linear";ed="In";};};{tm=1;["Stand Torso"]={tm=.0169;cf=cfr(2.118,1.077,-.558,-.289,-.241,.926,-.172,.965,.197,-.942,-.102,-.321);es="Linear";ed="In";};["Stand Right Leg"]={tm=.0169;cf=cfr(.531,.168,.127,.967,.236,.097,-.237,.972,0,-.094,-.023,.995);es="Linear";ed="In";};["Stand Right Arm"]={tm=.0169;cf=cfr(-.01,-.301,-.076,.858,.033,-.512,.048,.988,.144,.511,-.148,.847);es="Linear";ed="In";};["Stand Left Arm"]={tm=.0169;cf=cfr(-.158,-.472,-.096,.885,.163,-.437,-.184,.983,-.006,.428,.086,.9);es="Linear";ed="In";};["Stand Left Leg"]={tm=.0169;cf=cfr(.048,-.067,.008,.954,.113,.277,-.088,.991,-.101,-.286,.072,.955);es="Linear";ed="In";};["Stand Head"]={tm=.0169;cf=cfr(0,0,0,.515,.841,-.167,-.856,.494,-.152,-.045,.221,.974);es="Linear";ed="In";};};{tm=1.017;["Stand Torso"]={tm=.0160;cf=cfr(2.117,1.076,-.558,-.289,-.241,.927,-.172,.965,.197,-.942,-.102,-.32);es="Linear";ed="In";};["Stand Right Leg"]={tm=.0160;cf=cfr(.531,.168,.127,.968,.232,.097,-.233,.972,0,-.094,-.023,.995);es="Linear";ed="In";};["Stand Right Arm"]={tm=.0160;cf=cfr(-.015,-.302,-.077,.855,.031,-.518,.051,.988,.143,.516,-.149,.843);es="Linear";ed="In";};["Stand Left Arm"]={tm=.0160;cf=cfr(-.159,-.469,-.094,.881,.163,-.443,-.185,.983,-.006,.435,.088,.896);es="Linear";ed="In";};["Stand Left Leg"]={tm=.0160;cf=cfr(.048,-.067,.008,.954,.114,.277,-.089,.991,-.101,-.286,.072,.955);es="Linear";ed="In";};["Stand Head"]={tm=.0160;cf=cfr(0,0,0,.512,.841,-.174,-.858,.492,-.147,-.038,.224,.974);es="Linear";ed="In";};};{tm=1.033;["Stand Torso"]={tm=.0170;cf=cfr(2.117,1.075,-.558,-.288,-.241,.927,-.171,.965,.198,-.942,-.102,-.32);es="Linear";ed="In";};["Stand Right Leg"]={tm=.0170;cf=cfr(.531,.168,.127,.969,.229,.097,-.23,.973,0,-.094,-.022,.995);es="Linear";ed="In";};["Stand Right Arm"]={tm=.0170;cf=cfr(-.019,-.303,-.078,.852,.029,-.523,.054,.988,.143,.522,-.15,.84);es="Linear";ed="In";};["Stand Left Arm"]={tm=.0170;cf=cfr(-.16,-.466,-.091,.878,.162,-.45,-.185,.983,-.007,.441,.089,.893);es="Linear";ed="In";};["Stand Left Leg"]={tm=.0170;cf=cfr(.048,-.067,.008,.954,.115,.277,-.09,.991,-.101,-.286,.072,.955);es="Linear";ed="In";};["Stand Head"]={tm=.0170;cf=cfr(0,0,0,.509,.842,-.18,-.86,.49,-.142,-.032,.227,.973);es="Linear";ed="In";};};{tm=1.05;["Stand Torso"]={tm=.0169;cf=cfr(2.116,1.074,-.558,-.288,-.242,.927,-.171,.965,.199,-.942,-.101,-.319);es="Linear";ed="In";};["Stand Right Leg"]={tm=.0169;cf=cfr(.531,.168,.127,.969,.225,.097,-.226,.974,0,-.094,-.022,.995);es="Linear";ed="In";};["Stand Right Arm"]={tm=.0169;cf=cfr(-.023,-.304,-.08,.848,.027,-.529,.057,.988,.142,.527,-.15,.837);es="Linear";ed="In";};["Stand Left Arm"]={tm=.0169;cf=cfr(-.16,-.463,-.089,.875,.162,-.456,-.186,.983,-.007,.447,.091,.89);es="Linear";ed="In";};["Stand Left Leg"]={tm=.0169;cf=cfr(.048,-.067,.008,.954,.117,.277,-.092,.991,-.101,-.286,.071,.955);es="Linear";ed="In";};["Stand Head"]={tm=.0169;cf=cfr(0,0,0,.506,.842,-.186,-.862,.488,-.138,-.025,.23,.973);es="Linear";ed="In";};};{tm=1.067;["Stand Torso"]={tm=.0160;cf=cfr(2.115,1.074,-.558,-.287,-.242,.927,-.171,.965,.2,-.943,-.101,-.318);es="Linear";ed="In";};["Stand Right Leg"]={tm=.0160;cf=cfr(.531,.168,.127,.97,.222,.097,-.223,.975,0,-.094,-.022,.995);es="Linear";ed="In";};["Stand Right Arm"]={tm=.0160;cf=cfr(-.027,-.304,-.081,.845,.025,-.534,.06,.988,.141,.532,-.151,.833);es="Linear";ed="In";};["Stand Left Arm"]={tm=.0160;cf=cfr(-.161,-.46,-.086,.872,.162,-.462,-.186,.982,-.007,.453,.092,.887);es="Linear";ed="In";};["Stand Left Leg"]={tm=.0160;cf=cfr(.048,-.067,.008,.953,.119,.277,-.094,.99,-.101,-.287,.071,.955);es="Linear";ed="In";};["Stand Head"]={tm=.0160;cf=cfr(0,0,0,.503,.843,-.192,-.864,.485,-.133,-.019,.233,.972);es="Linear";ed="In";};};{tm=1.083;["Stand Torso"]={tm=.0170;cf=cfr(2.114,1.072,-.558,-.286,-.243,.927,-.17,.965,.201,-.943,-.1,-.317);es="Linear";ed="In";};["Stand Right Leg"]={tm=.0170;cf=cfr(.531,.168,.127,.971,.219,.097,-.22,.976,0,-.094,-.021,.995);es="Linear";ed="In";};["Stand Right Arm"]={tm=.0170;cf=cfr(-.031,-.305,-.082,.842,.024,-.539,.062,.988,.14,.536,-.152,.83);es="Linear";ed="In";};["Stand Left Arm"]={tm=.0170;cf=cfr(-.162,-.457,-.084,.869,.162,-.468,-.187,.982,-.007,.459,.094,.884);es="Linear";ed="In";};["Stand Left Leg"]={tm=.0170;cf=cfr(.048,-.067,.008,.953,.121,.277,-.096,.99,-.101,-.287,.07,.955);es="Linear";ed="In";};["Stand Head"]={tm=.0170;cf=cfr(0,0,0,.5,.843,-.198,-.866,.483,-.129,-.013,.236,.972);es="Linear";ed="In";};};{tm=1.1;["Stand Torso"]={tm=.0169;cf=cfr(2.113,1.071,-.558,-.285,-.244,.927,-.17,.965,.202,-.943,-.1,-.316);es="Linear";ed="In";};["Stand Right Leg"]={tm=.0169;cf=cfr(.531,.168,.127,.972,.216,.097,-.217,.976,0,-.094,-.021,.995);es="Linear";ed="In";};["Stand Right Arm"]={tm=.0169;cf=cfr(-.035,-.306,-.084,.839,.022,-.544,.065,.988,.14,.541,-.152,.827);es="Linear";ed="In";};["Stand Left Arm"]={tm=.0169;cf=cfr(-.163,-.454,-.082,.866,.161,-.474,-.187,.982,-.007,.464,.095,.881);es="Linear";ed="In";};["Stand Left Leg"]={tm=.0169;cf=cfr(.048,-.067,.008,.953,.123,.277,-.099,.99,-.101,-.287,.069,.955);es="Linear";ed="In";};["Stand Head"]={tm=.0169;cf=cfr(0,0,0,.497,.843,-.204,-.868,.481,-.124,-.007,.238,.971);es="Linear";ed="In";};};{tm=1.117;["Stand Torso"]={tm=.0160;cf=cfr(2.112,1.07,-.558,-.284,-.245,.927,-.169,.965,.203,-.944,-.099,-.315);es="Linear";ed="In";};["Stand Right Leg"]={tm=.0160;cf=cfr(.531,.168,.127,.972,.213,.097,-.214,.977,0,-.094,-.021,.995);es="Linear";ed="In";};["Stand Right Arm"]={tm=.0160;cf=cfr(-.038,-.307,-.085,.836,.02,-.549,.067,.988,.139,.545,-.153,.824);es="Linear";ed="In";};["Stand Left Arm"]={tm=.0160;cf=cfr(-.164,-.452,-.079,.863,.161,-.479,-.188,.982,-.008,.469,.096,.878);es="Linear";ed="In";};["Stand Left Leg"]={tm=.0160;cf=cfr(.048,-.067,.008,.953,.126,.277,-.101,.99,-.101,-.287,.069,.955);es="Linear";ed="In";};["Stand Head"]={tm=.0160;cf=cfr(0,0,0,.494,.844,-.209,-.869,.48,-.12,-.001,.241,.971);es="Linear";ed="In";};};{tm=1.133;["Stand Torso"]={tm=.0169;cf=cfr(2.111,1.069,-.558,-.283,-.246,.927,-.168,.964,.204,-.944,-.098,-.314);es="Linear";ed="In";};["Stand Right Leg"]={tm=.0169;cf=cfr(.531,.168,.127,.973,.21,.097,-.211,.977,0,-.095,-.02,.995);es="Linear";ed="In";};["Stand Right Arm"]={tm=.0169;cf=cfr(-.042,-.308,-.086,.833,.019,-.554,.07,.988,.138,.549,-.154,.821);es="Linear";ed="In";};["Stand Left Arm"]={tm=.0169;cf=cfr(-.164,-.449,-.077,.86,.161,-.484,-.188,.982,-.008,.474,.098,.875);es="Linear";ed="In";};["Stand Left Leg"]={tm=.0169;cf=cfr(.048,-.067,.008,.952,.128,.277,-.104,.989,-.101,-.287,.068,.955);es="Linear";ed="In";};["Stand Head"]={tm=.0169;cf=cfr(0,0,0,.492,.844,-.214,-.871,.478,-.116,.004,.243,.97);es="Linear";ed="In";};};{tm=1.15;["Stand Torso"]={tm=.0170;cf=cfr(2.11,1.067,-.558,-.282,-.246,.927,-.168,.964,.205,-.945,-.098,-.313);es="Linear";ed="In";};["Stand Right Leg"]={tm=.0170;cf=cfr(.531,.168,.127,.973,.207,.097,-.208,.978,0,-.095,-.02,.995);es="Linear";ed="In";};["Stand Right Arm"]={tm=.0170;cf=cfr(-.045,-.308,-.087,.83,.017,-.558,.072,.988,.138,.553,-.154,.819);es="Linear";ed="In";};["Stand Left Arm"]={tm=.0170;cf=cfr(-.165,-.447,-.075,.857,.161,-.489,-.189,.982,-.008,.479,.099,.872);es="Linear";ed="In";};["Stand Left Leg"]={tm=.0170;cf=cfr(.048,-.067,.008,.952,.131,.277,-.107,.989,-.101,-.287,.067,.955);es="Linear";ed="In";};["Stand Head"]={tm=.0170;cf=cfr(0,0,0,.489,.844,-.219,-.872,.476,-.113,.009,.246,.969);es="Linear";ed="In";};};{tm=1.167;["Stand Torso"]={tm=.0160;cf=cfr(2.109,1.066,-.559,-.281,-.247,.927,-.167,.964,.207,-.945,-.097,-.312);es="Linear";ed="In";};["Stand Right Leg"]={tm=.0160;cf=cfr(.531,.168,.127,.974,.205,.097,-.206,.979,0,-.095,-.02,.995);es="Linear";ed="In";};["Stand Right Arm"]={tm=.0160;cf=cfr(-.048,-.309,-.088,.827,.016,-.562,.074,.988,.137,.557,-.155,.816);es="Linear";ed="In";};["Stand Left Arm"]={tm=.0160;cf=cfr(-.166,-.445,-.073,.855,.161,-.494,-.189,.982,-.008,.484,.1,.87);es="Linear";ed="In";};["Stand Lef