-- // converted using mech's animoduler
local cfr = CFrame.new

return {{tm=0;["Stand Torso"]={tm=.05;cf=cfr(3.577,0,.576,.744,-.086,.662,-.282,.858,.429,-.605,-.506,.615);es="Linear";ed="In";};["Stand Left Arm"]={tm=.05;cf=cfr(.135,-.239,.03,.49,.637,.595,-.865,.271,.422,.108,-.722,.684);es="Linear";ed="In";};["Stand Left Leg"]={tm=.15;cf=cfr(-.4,.008,-.016,.952,-.304,-.041,.304,.953,0,.039,-.012,.999);es="Linear";ed="In";};["Stand Right Leg"]={tm=.15;cf=cfr(0,0,0,.907,.292,-.303,-.336,.936,-.104,.253,.196,.947);es="Linear";ed="In";};["Stand Head"]={tm=.05;cf=cfr(0,0,0,.906,.423,0,-.423,.906,0,0,0,1);es="Linear";ed="In";};["Stand Right Arm"]={tm=.05;cf=cfr(.405,-.358,.099,.236,-.903,.36,0,.37,.929,-.972,-.219,.087);es="Linear";ed="In";};};{tm=.05;["Stand Torso"]={tm=.0999;cf=cfr(2.799,0,-1.229,.397,-.296,.869,-.461,.754,.468,-.794,-.586,.162);es="Linear";ed="In";};["Stand Left Arm"]={tm=.0999;cf=cfr(.135,-.239,.03,-.442,.47,.764,-.799,-.594,-.097,.408,-.653,.638);es="Linear";ed="In";};["Stand Head"]={tm=.0999;cf=cfr(0,0,0,.668,.744,0,-.744,.668,0,0,0,1);es="Linear";ed="In";};["Stand Right Arm"]={tm=.0999;cf=cfr(.663,-.154,.675,.803,-.388,-.453,.351,-.307,.885,-.482,-.869,-.11);es="Linear";ed="In";};};{tm=.15;["Stand Torso"]={tm=.067;cf=cfr(.851,.362,-3.227,.083,.251,.964,-.42,.886,-.195,-.904,-.389,.18);es="Linear";ed="In";};["Stand Left Arm"]={tm=.067;cf=cfr(-.035,1.027,.27,-.652,.224,-.725,.537,-.539,-.649,-.536,-.812,.231);es="Linear";ed="In";};["Stand Left Leg"]={tm=.067;cf=cfr(-1.255,.521,-.052,.916,-.399,-.041,.399,.917,0,.038,-.016,.999);es="Linear";ed="In";};["Stand Right Leg"]={tm=.067;cf=cfr(0,0,0,.627,.718,-.303,-.77,.629,-.104,.116,.299,.947);es="Linear";ed="In";};["Stand Head"]={tm=.067;cf=cfr(0,0,0,.381,.923,.059,-.921,.385,-.066,-.084,-.029,.996);es="Linear";ed="In";};["Stand Right Arm"]={tm=.067;cf=cfr(-.454,-.222,.521,.989,.149,-.012,.06,-.323,.945,.136,-.935,-.328);es="Linear";ed="In";};};{tm=.217;["Stand Torso"]={tm=.0500;cf=cfr(.193,.362,-3.227,.917,.357,.176,-.394,.876,.278,-.055,-.324,.944);es="Linear";ed="In";};["Stand Left Arm"]={tm=.033;cf=cfr(.591,.186,.069,-.586,-.809,.044,.788,-.582,-.202,.189,-.084,.978);es="Linear";ed="In";};["Stand Left Leg"]={tm=.033;cf=cfr(-1.378,.701,-.057,.825,-.564,-.041,.565,.825,0,.034,-.023,.999);es="Linear";ed="In";};["Stand Right Leg"]={tm=.033;cf=cfr(0,0,0,.627,.615,-.479,-.77,.581,-.263,.116,.534,.838);es="Linear";ed="In";};["Stand Head"]={tm=.033;cf=cfr(0,0,0,.97,.003,.244,.013,.998,-.065,-.243,.066,.968);es="Linear";ed="In";};["Stand Right Arm"]={tm=.0500;cf=cfr(-.454,-.222,.521,.248,-.969,-.012,-.315,-.093,.945,-.916,-.23,-.328);es="Linear";ed="In";};};{tm=.25;["Stand Left Arm"]={tm=.0170;cf=cfr(-.31,.808,.249,-.902,-.039,.429,-.13,-.926,-.356,.411,-.377,.83);es="Linear";ed="In";};["Stand Left Leg"]={tm=.0170;cf=cfr(-1.365,.658,.349,.825,-.565,.03,.565,.819,-.104,.034,.103,.994);es="Linear";ed="In";};["Stand Right Leg"]={tm=.0170;cf=cfr(-.34,-.279,-.016,.546,.687,-.479,-.836,.482,-.263,.05,.544,.838);es="Linear";ed="In";};["Stand Head"]={tm=.0170;cf=cfr(0,0,0,.469,-.807,.359,.832,.54,.126,-.296,.239,.925);es="Linear";ed="In";};};{tm=.267;["Stand Torso"]={tm=.0499;cf=cfr(-.084,.236,-3.376,.323,.525,-.788,.42,.667,.616,.848,-.529,-.005);es="Linear";ed="In";};["Stand Left Arm"]={tm=.0999;cf=cfr(-.397,.081,.216,-.493,.545,.679,-.836,-.081,-.542,-.24,-.835,.495);es="Linear";ed="In";};["Stand Left Leg"]={tm=.0499;cf=cfr(-1.366,1.057,.391,1,-.002,.03,.005,.995,-.104,-.03,.104,.994);es="Linear";ed="In";};["Stand Right Leg"]={tm=.0499;cf=cfr(-.245,-.213,.059,.546,.836,-.045,-.836,.548,.03,.05,.022,.999);es="Linear";ed="In";};["Stand Head"]={tm=.0499;cf=cfr(0,0,0,.369,-.928,-.059,.891,.335,.307,-.265,-.166,.95);es="Linear";ed="In";};["Stand Right Arm"]={tm=.0999;cf=cfr(-.686,-.286,.348,.596,-.783,-.179,.014,-.213,.977,-.803,-.584,-.116);es="Linear";ed="In";};};{tm=.317;["Stand Torso"]={tm=.0499;cf=cfr(.048,.017,-3.611,.274,.248,-.929,.307,.893,.329,.911,-.375,.169);es="Linear";ed="In";};["Stand Left Leg"]={tm=.0499;cf=cfr(-1.366,1.057,.391,.937,-.348,.03,.349,.931,-.104,.008,.108,.994);es="Linear";ed="In";};["Stand Right Leg"]={tm=.2;cf=cfr(.031,-.427,.096,.264,.963,-.045,-.964,.266,.03,.041,.036,.999);es="Linear";ed="In";};["Stand Head"]={tm=.0499;cf=cfr(0,0,0,.347,-.918,-.191,.929,.31,.201,-.125,-.247,.961);es="Linear";ed="In";};};{tm=.367;["Stand Torso"]={tm=.1000;cf=cfr(.181,.383,-3.62,.268,-.065,-.961,.174,.985,-.019,.948,-.162,.275);es="Linear";ed="In";};["Stand Left Arm"]={tm=.1500;cf=cfr(-.409,-.251,.336,.372,.034,.928,-.328,.94,.097,-.868,-.341,.36);es="Linear";ed="In";};["Stand Left Leg"]={tm=.1500;cf=cfr(-.975,.939,.367,.987,-.158,.03,.16,.982,-.104,-.013,.107,.994);es="Linear";ed="In";};["Stand Head"]={tm=.1500;cf=cfr(0,0,0,.336,-.938,.087,.942,.333,-.052,.02,.099,.995);es="Linear";ed="In";};["Stand Right Arm"]={tm=.1500;cf=cfr(-.686,-.286,.348,.879,-.446,.167,.106,.526,.844,-.464,-.724,.51);es="Linear";ed="In";};};{tm=.467;["Stand Torso"]={tm=.0499;cf=cfr(.181,.518,-3.51,.15,-.09,-.985,.111,.991,-.074,.982,-.099,.159);es="Linear";ed="In";};};{tm=.517;["Stand Torso"]={tm=0;cf=cfr(.181,.451,-3.481,.139,-.094,-.986,.081,.993,-.084,.987,-.068,.145);es="Linear";ed="In";};["Stand Left Arm"]={tm=0;cf=cfr(-.409,-.251,.336,.687,-.103,.719,-.078,.974,.214,-.723,-.203,.661);es="Linear";ed="In";};["Stand Left Leg"]={tm=0;cf=cfr(-1.009,.711,.344,.989,.146,.03,-.143,.984,-.104,-.045,.098,.994);es="Linear";ed="In";};["Stand Right Leg"]={tm=0;cf=cfr(.268,-.105,.097,.804,.593,-.045,-.592,.805,.03,.054,.003,.999);es="Linear";ed="In";};["Stand Head"]={tm=0;cf=cfr(0,0,0,.336,-.933,.125,.942,.33,-.066,.02,.14,.99);es="Linear";ed="In";};["Stand Right Arm"]={tm=0;cf=cfr(-.121,-.304,.076,.982,.068,.174,-.099,.979,.18,-.158,-.194,.968);es="Linear";ed="In";};};}