-- // converted using mech's animoduler
local cfr = CFrame.new

return {{tm=0;["Torso"]={tm=.05;cf=cfr(-.119,2.043,-.083,.975,.207,-.077,-.187,.959,.211,.117,-.192,.974);es="Linear";ed="In";};["Head"]={tm=.05;cf=cfr(0,0,0,1,0,0,0,.93,.369,0,-.369,.93);es="Linear";ed="In";};["Left Leg"]={tm=.05;cf=cfr(0,0,0,.896,-.281,.343,.15,.92,.362,-.417,-.273,.867);es="Linear";ed="In";};["Right Arm"]={tm=.05;cf=cfr(-.209,-.123,-.067,.831,-.191,-.522,.488,.701,.52,.267,-.687,.676);es="Linear";ed="In";};["Left Arm"]={tm=.05;cf=cfr(.405,-.105,-.009,.968,.217,.129,-.252,.872,.419,-.021,-.438,.899);es="Linear";ed="In";};["Right Leg"]={tm=.05;cf=cfr(0,0,0,.923,.291,-.253,-.182,.907,.379,.34,-.304,.89);es="Linear";ed="In";};};{tm=.05;["Torso"]={tm=.05;cf=cfr(-.119,2.322,-.233,.975,.168,-.143,-.187,.974,-.129,.117,.153,.981);es="Linear";ed="In";};["Head"]={tm=.0999;cf=cfr(0,0,0,1,0,0,0,.968,-.251,0,.251,.968);es="Linear";ed="In";};["Left Leg"]={tm=.05;cf=cfr(-.19,.069,.047,.916,.287,.279,-.332,.934,.13,-.224,-.211,.951);es="Linear";ed="In";};["Right Arm"]={tm=.0999;cf=cfr(.068,.078,-.138,.571,-.517,-.638,.776,.594,.212,.269,-.616,.741);es="Linear";ed="In";};["Left Arm"]={tm=.0999;cf=cfr(.125,.094,.066,.77,.526,.36,-.636,.673,.378,-.043,-.52,.853);es="Linear";ed="In";};["Right Leg"]={tm=.05;cf=cfr(.242,.163,-.001,.922,-.034,-.385,.183,.916,.357,.341,-.4,.851);es="Linear";ed="In";};};{tm=.1;["Torso"]={tm=.0499;cf=cfr(-.119,2.388,-.407,.975,.181,-.126,-.187,.982,-.036,.117,.058,.991);es="Linear";ed="In";};["Left Leg"]={tm=.0499;cf=cfr(-.197,.328,.013,.952,.123,.279,-.165,.978,.13,-.257,-.169,.951);es="Linear";ed="In";};["Right Leg"]={tm=.0499;cf=cfr(.318,.397,-.086,.908,.153,-.39,.03,.905,.425,.418,-.397,.817);es="Linear";ed="In";};};{tm=.15;["Torso"]={tm=.033;cf=cfr(-.119,2.454,-.377,.975,.192,-.108,-.187,.981,.058,.117,-.037,.992);es="Linear";ed="In";};["Head"]={tm=.033;cf=cfr(0,0,0,1,0,0,0,.998,-.069,0,.069,.998);es="Linear";ed="In";};["Left Leg"]={tm=.033;cf=cfr(-.19,.069,.047,.955,.095,.279,-.135,.982,.13,-.262,-.162,.951);es="Linear";ed="In";};["Right Arm"]={tm=.033;cf=cfr(.068,.078,-.138,.36,-.675,-.644,.884,.468,.003,.299,-.57,.765);es="Linear";ed="In";};["Left Arm"]={tm=.033;cf=cfr(.125,.094,.066,.577,.663,.476,-.816,.487,.311,-.025,-.568,.823);es="Linear";ed="In";};["Right Leg"]={tm=.033;cf=cfr(.242,.163,-.001,.899,.208,-.386,.01,.871,.492,.438,-.446,.78);es="Linear";ed="In";};};{tm=.183;["Torso"]={tm=.184;cf=cfr(-.119,2.988,.359,.975,.201,-.091,-.187,.972,.142,.117,-.121,.986);es="Linear";ed="In";};["Head"]={tm=.25;cf=cfr(0,0,0,1,0,0,0,.345,.939,0,-.939,.345);es="Linear";ed="In";};["Left Leg"]={tm=.25;cf=cfr(-.35,.076,.092,.96,.001,.279,-.039,.991,.13,-.277,-.135,.951);es="Linear";ed="In";};["Right Arm"]={tm=.3839;cf=cfr(.195,-.088,.012,.973,.137,.184,-.183,.948,.261,-.138,-.288,.948);es="Linear";ed="In";};["Left Arm"]={tm=.3839;cf=cfr(-.195,-.088,.012,.973,-.137,-.184,.183,.948,.261,.138,-.288,.948);es="Linear";ed="In";};["Right Leg"]={tm=.25;cf=cfr(.134,.121,.112,.919,-.048,-.391,.135,.971,.199,.37,-.236,.899);es="Linear";ed="In";};};{tm=.367;["Torso"]={tm=.066;cf=cfr(-.119,3.337,1.076,.945,.322,-.058,-.297,.917,.266,.139,-.234,.962);es="Linear";ed="In";};};{tm=.433;["Torso"]={tm=.067;cf=cfr(-.119,3.616,1.354,.911,.413,-.02,-.379,.853,.358,.165,-.319,.933);es="Linear";ed="In";};["Head"]={tm=.1339;cf=cfr(0,0,0,1,0,0,0,.955,.298,0,-.298,.955);es="Linear";ed="In";};["Left Leg"]={tm=.1339;cf=cfr(-.827,.28,.205,.853,-.441,.279,.421,.898,.13,-.308,.007,.951);es="Linear";ed="In";};["Right Leg"]={tm=.1339;cf=cfr(.134,.121,.112,.882,.378,-.282,-.199,.84,.505,.427,-.389,.816);es="Linear";ed="In";};};{tm=.5;["Torso"]={tm=.0669;cf=cfr(-.119,3.881,1.293,.95,.311,.037,-.293,.839,.458,.111,-.446,.888);es="Linear";ed="In";};};{tm=.567;["Torso"]={tm=.0160;cf=cfr(-.119,4.145,.888,.976,.2,.082,-.211,.804,.555,.046,-.559,.828);es="Linear";ed="In";};["Head"]={tm=.0160;cf=cfr(0,0,0,1,0,0,0,.998,.064,0,-.064,.998);es="Linear";ed="In";};["Left Leg"]={tm=.0160;cf=cfr(-.827,.28,.205,.902,-.378,.211,.32,.91,.262,-.291,-.169,.942);es="Linear";ed="In";};["Right Arm"]={tm=.0160;cf=cfr(.349,-.428,.187,.693,-.72,.04,.529,.546,.65,-.49,-.429,.759);es="Linear";ed="In";};["Left Arm"]={tm=.0160;cf=cfr(-.349,-.428,.187,.693,.72,-.04,-.529,.546,.65,.49,-.429,.759);es="Linear";ed="In";};["Right Leg"]={tm=.0160;cf=cfr(.134,.121,.112,.943,.176,-.282,-.01,.863,.505,.332,-.473,.816);es="Linear";ed="In";};};{tm=.583;["Torso"]={tm=.0500;cf=cfr(-.119,3.991,.677,.976,.157,.149,-.211,.548,.809,.046,-.821,.569);es="Linear";ed="In";};["Head"]={tm=.0500;cf=cfr(0,0,0,1,0,0,0,.68,-.733,0,.733,.68);es="Linear";ed="In";};["Left Leg"]={tm=.0500;cf=cfr(-.776,.298,.188,.968,-.137,.211,.079,.962,.262,-.238,-.237,.942);es="Linear";ed="In";};["Right Arm"]={tm=.0500;cf=cfr(.349,-.428,.187,-.244,-.911,.333,.563,.147,.814,-.79,.385,.477);es="Linear";ed="In";};["Left Arm"]={tm=.0500;cf=cfr(-.349,-.428,.187,-.244,.911,-.333,-.563,.147,.814,.79,.385,.477);es="Linear";ed="In";};["Right Leg"]={tm=.0500;cf=cfr(.848,.611,.055,.937,-.205,-.282,.327,.799,.505,.121,-.565,.816);es="Linear";ed="In";};};{tm=.633;["Torso"]={tm=.0170;cf=cfr(-.439,4.128,.196,.997,-.056,-.045,.059,.281,.958,-.041,-.958,.284);es="Back";ed="Out";};["Head"]={tm=.2169;cf=cfr(0,0,0,1,0,0,0,.967,-.254,0,.254,.967);es="Linear";ed="In";};["Left Leg"]={tm=.2169;cf=cfr(-.424,-.132,.229,.968,-.137,.211,.079,.962,.262,-.238,-.237,.942);es="Linear";ed="In";};["Right Arm"]={tm=.2169;cf=cfr(.349,-.428,.187,-.427,-.89,-.159,.429,-.355,.831,-.796,.287,.534);es="Linear";ed="In";};["Left Arm"]={tm=.2169;cf=cfr(-.349,-.428,.187,-.414,.905,-.1,-.524,-.147,.839,.744,.4,.535);es="Linear";ed="In";};["Right Leg"]={tm=.2169;cf=cfr(.689,.09,.322,.923,.263,-.282,-.091,.858,.505,.375,-.44,.816);es="Linear";ed="In";};};{tm=.65;["Torso"]={tm=.0170;cf=cfr(-.419,3.982,-.789,.997,-.05,-.052,.059,.154,.986,-.041,-.987,.157);es="Linear";ed="In";};};{tm=.667;["Torso"]={tm=.0160;cf=cfr(-.404,3.869,-1.56,.997,-.044,-.056,.059,.052,.997,-.041,-.998,.055);es="Linear";ed="In";};};{tm=.683;["Torso"]={tm=.0169;cf=cfr(-.393,3.783,-2.142,.997,-.04,-.06,.059,-.025,.998,-.041,-.999,-.022);es="Linear";ed="In";};};{tm=.7;["Torso"]={tm=.0170;cf=cfr(-.384,3.721,-2.557,.997,-.036,-.062,.059,-.08,.995,-.041,-.996,-.077);es="Linear";ed="In";};};{tm=.717;["Torso"]={tm=.0160;cf=cfr(-.379,3.681,-2.828,.997,-.034,-.063,.059,-.116,.992,-.041,-.993,-.113);es="Linear";ed="In";};};{tm=.733;["Torso"]={tm=.0170;cf=cfr(-.376,3.659,-2.981,.997,-.033,-.064,.059,-.136,.989,-.041,-.99,-.133);es="Linear";ed="In";};};{tm=.75;["Torso"]={tm=.0170;cf=cfr(-.375,3.651,-3.037,.997,-.032,-.064,.059,-.143,.988,-.041,-.989,-.141);es="Linear";ed="In";};};{tm=.767;["Torso"]={tm=.0160;cf=cfr(-.375,3.653,-3.02,.997,-.032,-.064,.059,-.141,.988,-.041,-.99,-.139);es="Linear";ed="In";};};{tm=.783;["Torso"]={tm=.0170;cf=cfr(-.377,3.663,-2.953,.997,-.033,-.064,.059,-.132,.989,-.041,-.991,-.13);es="Linear";ed="In";};};{tm=.8;["Torso"]={tm=.0169;cf=cfr(-.378,3.677,-2.861,.997,-.034,-.063,.059,-.12,.991,-.041,-.992,-.118);es="Linear";ed="In";};};{tm=.817;["Torso"]={tm=.0160;cf=cfr(-.38,3.691,-2.766,.997,-.035,-.063,.059,-.107,.992,-.041,-.994,-.105);es="Linear";ed="In";};};{tm=.833;["Torso"]={tm=.0170;cf=cfr(-.382,3.701,-2.692,.997,-.035,-.062,.059,-.098,.993,-.041,-.995,-.095);es="Linear";ed="In";};};{tm=.85;["Torso"]={tm=.0170;cf=cfr(-.382,3.706,-2.662,.997,-.035,-.062,.059,-.094,.994,-.041,-.995,-.091);es="Sine";ed="In";};["Head"]={tm=.0170;cf=cfr(0,0,0,1,0,0,0,1,.008,0,-.008,1);es="Sine";ed="In";};["Left Leg"]={tm=.0170;cf=cfr(-.101,-.176,.169,.717,.665,.211,-.697,.668,.262,.034,-.334,.942);es="Sine";ed="In";};["Right Arm"]={tm=.0170;cf=cfr(.349,-.428,.187,.109,-.993,.046,.521,.096,.848,-.847,-.069,.528);es="Sine";ed="In";};["Left Arm"]={tm=.0170;cf=cfr(-.349,-.428,.187,-.127,.973,-.194,-.435,.121,.893,.892,.198,.407);es="Sine";ed="In";};["Right Leg"]={tm=.0170;cf=cfr(-.043,-.119,.199,.736,-.616,-.282,.66,.557,.505,-.154,-.557,.816);es="Sine";ed="In";};};{tm=.867;["Torso"]={tm=.0160;cf=cfr(-.382,3.706,-2.662,.997,-.036,-.062,.059,-.093,.994,-.041,-.995,-.09);es="Linear";ed="In";};["Head"]={tm=.0160;cf=cfr(0,0,0,1,0,0,0,1,.009,0,-.009,1);es="Linear";ed="In";};["Left Leg"]={tm=.0160;cf=cfr(-.1,-.173,.168,.721,.66,.21,-.692,.671,.264,.033,-.336,.941);es="Linear";ed="In";};["Right Arm"]={tm=.0160;cf=cfr(.346,-.428,.188,.121,-.992,.046,.52,.102,.848,-.846,-.079,.528);es="Linear";ed="In";};["Left Arm"]={tm=.0160;cf=cfr(-.346,-.428,.188,-.113,.974,-.194,-.434,.127,.892,.894,.185,.409);es="Linear";ed="In";};["Right Leg"]={tm=.0160;cf=cfr(-.043,-.117,.198,.74,-.611,-.28,.655,.562,.506,-.152,-.558,.816);es="Linear";ed="In";};};{tm=.883;["Torso"]={tm=.0170;cf=cfr(-.382,3.706,-2.663,.997,-.036,-.062,.059,-.089,.994,-.041,-.995,-.087);es="Linear";ed="In";};["Head"]={tm=.0170;cf=cfr(0,0,0,1,0,0,0,1,.009,0,-.009,1);es="Linear";ed="In";};["Left Leg"]={tm=.0170;cf=cfr(-.097,-.165,.165,.733,.647,.21,-.679,.682,.272,.033,-.342,.939);es="Linear";ed="In";};["Right Arm"]={tm=.0170;cf=cfr(.335,-.429,.189,.157,-.987,.046,.516,.121,.848,-.842,-.109,.528);es="Linear";ed="In";};["Left Arm"]={tm=.0170;cf=cfr(-.335,-.429,.189,-.071,.979,-.194,-.434,.144,.889,.898,.147,.414);es="Linear";ed="In";};["Right Leg"]={tm=.0170;cf=cfr(-.042,-.11,.194,.754,-.597,-.275,.641,.575,.508,-.145,-.559,.816);es="Linear";ed="In";};};{tm=.9;["Torso"]={tm=.0170;cf=cfr(-.382,3.706,-2.664,.997,-.036,-.062,.059,-.083,.995,-.041,-.996,-.081);es="Linear";ed="In";};["Head"]={tm=.0170;cf=cfr(0,0,0,1,0,0,0,1,.011,0,-.011,1);es="Linear";ed="In";};["Left Leg"]={tm=.0170;cf=cfr(-.091,-.152,.16,.753,.624,.208,-.657,.698,.284,.032,-.351,.936);es="Linear";ed="In";};["Right Arm"]={tm=.0170;cf=cfr(.318,-.429,.191,.215,-.976,.046,.507,.152,.848,-.834,-.159,.528);es="Linear";ed="In";};["Left Arm"]={tm=.0170;cf=cfr(-.318,-.429,.191,-.001,.981,-.192,-.431,.173,.886,.902,.084,.423);es="Linear";ed="In";};["Right Leg"]={tm=.0170;cf=cfr(-.042,-.099,.187,.775,-.572,-.267,.617,.598,.511,-.132,-.562,.817);es="Linear";ed="In";};};{tm=.917;["Torso"]={tm=.0160;cf=cfr(-.382,3.706,-2.665,.997,-.037,-.062,.059,-.075,.995,-.041,-.996,-.073);es="Linear";ed="In";};["Head"]={tm=.0160;cf=cfr(0,0,0,1,0,0,0,1,.013,0,-.013,1);es="Linear";ed="In";};["Left Leg"]={tm=.0160;cf=cfr(-.084,-.133,.152,.78,.591,.206,-.625,.72,.301,.03,-.363,.931);es="Linear";ed="In";};["Right Arm"]={tm=.0160;cf=cfr(.294,-.43,.195,.294,-.955,.046,.493,.193,.848,-.819,-.227,.528);es="Linear";ed="In";};["Left Arm"]={tm=.0160;cf=cfr(-.294,-.43,.195,.096,.977,-.19,-.423,.213,.881,.901,-.004,.434);es="Linear";ed="In";};["Right Leg"]={tm=.0160;cf=cfr(-.041,-.084,.178,.804,-.537,-.256,.584,.627,.515,-.116,-.564,.818);es="Linear";ed="In";};};{tm=.933;["Torso"]={tm=.0169;cf=cfr(-.382,3.706,-2.666,.997,-.037,-.061,.059,-.066,.996,-.041,-.997,-.063);es="Linear";ed="In";};["Head"]={tm=.0169;cf=cfr(0,0,0,1,0,0,0,1,.015,0,-.015,1);es="Linear";ed="In";};["Left Leg"]={tm=.0169;cf=cfr(-.074,-.11,.143,.811,.549,.202,-.584,.745,.322,.026,-.379,.925);es="Linear";ed="In";};["Right Arm"]={tm=.0169;cf=cfr(.264,-.43,.198,.391,-.919,.046,.471,.242,.848,-.791,-.31,.528);es="Linear";ed="In";};["Left Arm"]={tm=.0169;cf=cfr(-.264,-.43,.198,.215,.959,-.185,-.409,.261,.875,.887,-.113,.448);es="Linear";ed="In";};["Right Leg"]={tm=.0169;cf=cfr(-.04,-.065,.167,.837,-.491,-.242,.539,.662,.52,-.095,-.566,.819);es="Linear";ed="In";};};{tm=.95;["Torso"]={tm=.0170;cf=cfr(-.383,3.706,-2.668,.997,-.038,-.061,.059,-.054,.997,-.041,-.998,-.051);es="Linear";ed="In";};["Head"]={tm=.0170;cf=cfr(0,0,0,1,0,0,0,1,.018,0,-.018,1);es="Linear";ed="In";};["Left Leg"]={tm=.0170;cf=cfr(-.063,-.083,.132,.846,.497,.195,-.533,.772,.346,.021,-.397,.918);es="Linear";ed="In";};["Right Arm"]={tm=.0170;cf=cfr(.228,-.431,.203,.5,-.865,.046,.438,.298,.848,-.747,-.404,.528);es="Linear";ed="In";};["Left Arm"]={tm=.0170;cf=cfr(-.228,-.431,.203,.353,.919,-.177,-.384,.315,.868,.853,-.238,.464);es="Linear";ed="In";};["Right Leg"]={tm=.0170;cf=cfr(-.039,-.043,.153,.872,-.434,-.226,.484,.7,.524,-.07,-.566,.821);es="Linear";ed="In";};};{tm=.967;["Torso"]={tm=.0160;cf=cfr(-.383,3.706,-2.67,.997,-.039,-.06,.059,-.04,.997,-.041,-.998,-.038);es="Linear";ed="In";};["Head"]={tm=.0160;cf=cfr(0,0,0,1,0,0,0,1,.021,0,-.021,1);es="Linear";ed="In";};["Left Leg"]={tm=.0160;cf=cfr(-.051,-.052,.12,.881,.435,.186,-.473,.798,.373,.014,-.416,.909);es="Linear";ed="In";};["Right Arm"]={tm=.0160;cf=cfr(.188,-.432,.208,.615,-.787,.046,.392,.356,.848,-.684,-.504,.528);es="Linear";ed="In";};["Left Arm"]={tm=.0160;cf=cfr(-.188,-.432,.208,.501,.85,-.165,-.347,.372,.861,.793,-.375,.481);es="Linear";ed="In";};["Right Leg"]={tm=.0160;cf=cfr(-.037,-.017,.138,.907,-.367,-.206,.418,.739,.528,-.041,-.565,.824);es="Linear";ed="In";};};{tm=.983;["Torso"]={tm=.0170;cf=cfr(-.383,3.706,-2.673,.997,-.04,-.06,.059,-.025,.998,-.041,-.999,-.023);es="Linear";ed="In";};["Head"]={tm=.0170;cf=cfr(0,0,0,1,0,0,0,1,.024,0,-.024,1);es="Linear";ed="In";};["Left Leg"]={tm=.0170;cf=cfr(-.036,-.017,.106,.915,.365,.173,-.404,.822,.402,.004,-.437,.899);es="Linear";ed="In";};["Right Arm"]={tm=.0170;cf=cfr(.143,-.434,.214,.728,-.684,.046,.333,.412,.848,-.599,-.602,.528);es="Linear";ed="In";};["Left Arm"]={tm=.0170;cf=cfr(-.143,-.434,.214,.649,.746,-.148,-.295,.426,.855,.701,-.511,.497);es="Linear";ed="In";};["Right Leg"]={tm=.0170;cf=cfr(-.036,.011,.121,.94,-.289,-.184,.342,.776,.53,-.01,-.561,.828);es="Linear";ed="In";};};{tm=1;["Torso"]={tm=.0169;cf=cfr(-.383,3.706,-2.675,.997,-.041,-.059,.059,-.009,.998,-.041,-.999,-.007);es="Linear";ed="In";};["Head"]={tm=.0169;cf=cfr(0,0,0,1,0,0,0,1,.028,0,-.028,1);es="Linear";ed="In";};["Left Leg"]={tm=.0169;cf=cfr(-.021,.02,.091,.945,.287,.157,-.327,.841,.431,-.008,-.459,.888);es="Linear";ed="In";};["Right Arm"]={tm=.0169;cf=cfr(.094,-.435,.22,.831,-.554,.046,.261,.461,.848,-.491,-.693,.528);es="Linear";ed="In";};["Left Arm"]={tm=.0169;cf=cfr(-.094,-.435,.22,.785,.607,-.127,-.229,.474,.85,.576,-.638,.511);es="Linear";ed="In";};["Right Leg"]={tm=.0169;cf=cfr(-.034,.042,.103,.966,-.202,-.161,.257,.808,.53,.023,-.553,.833);es="Linear";ed="In";};};{tm=1.017;["Torso"]={tm=.0160;cf=cfr(-.383,3.705,-2.678,.997,-.042,-.058,.059,.007,.998,-.041,-.999,.01);es="Linear";ed="In";};["Head"]={tm=.0160;cf=cfr(0,0,0,1,0,0,0,.999,.032,0,-.032,.999);es="Linear";ed="In";};["Left Leg"]={tm=.0160;cf=cfr(-.005,.059,.076,.97,.203,.137,-.244,.853,.461,-.024,-.48,.877);es="Linear";ed="In";};["Right Arm"]={tm=.0160;cf=cfr(.043,-.436,.227,.915,-.401,.046,.176,.499,.848,-.363,-.768,.528);es="Linear";ed="In";};["Left Arm"]={tm=.0160;cf=cfr(-.043,-.436,.227,.895,.434,-.102,-.151,.51,.847,.42,-.743,.521);es="Linear";ed="In";};["Right Leg"]={tm=.0160;cf=cfr(-.032,.074,.084,.985,-.107,-.136,.164,.833,.528,.057,-.542,.838);es="Linear";ed="In";};};{tm=1.033;["Torso"]={tm=.0170;cf=cfr(-.383,3.705,-2.681,.997,-.043,-.058,.059,.025,.998,-.041,-.999,.027);es="Linear";ed="In";};["Head"]={tm=.0170;cf=cfr(0,0,0,1,0,0,0,.999,.036,0,-.036,.999);es="Linear";ed="In";};["Left Leg"]={tm=.0170;cf=cfr(.011,.1,.06,.987,.115,.114,-.156,.858,.489,-.041,-.501,.865);es="Linear";ed="In";};["Right Arm"]={tm=.0170;cf=cfr(-.01,-.438,.234,.972,-.229,.046,.083,.523,.848,-.218,-.821,.528);es="Linear";ed="In";};["Left Arm"]={tm=.0170;cf=cfr(.01,-.438,.234,.969,.236,-.074,-.064,.529,.846,.239,-.815,.527);es="Linear";ed="In";};["Right Leg"]={tm=.0170;cf=cfr(-.03,.108,.064,.994,-.008,-.111,.065,.85,.523,.09,-.527,.845);es="Linear";ed="In";};};{tm=1.05;["Torso"]={tm=.0999;cf=cfr(-.383,3.705,-2.684,.997,-.044,-.057,.059,.043,.997,-.041,-.998,.045);es="Linear";ed="In";};["Head"]={tm=.1830;cf=cfr(0,0,0,1,0,0,0,.999,.04,0,-.04,.999);es="Linear";ed="In";};["Left Leg"]={tm=.1830;cf=cfr(.028,.142,.043,.996,.024,.087,-.066,.854,.516,-.062,-.519,.852);es="Linear";ed="In";};["Right Arm"]={tm=0;cf=cfr(-.064,-.439,.241,.998,-.046,.046,-.014,.529,.848,-.064,-.847,.528);es="Linear";ed="In";};["Left Arm"]={tm=0;cf=cfr(.064,-.439,.241,.999,.023,-.046,.027,.529,.848,.043,-.848,.528);es="Linear";ed="In";};["Right Leg"]={tm=.1830;cf=cfr(-.028,.142,.043,.992,.094,-.087,-.036,.856,.516,.123,-.508,.852);es="Linear";ed="In";};};{tm=1.15;["Torso"]={tm=.0830;cf=cfr(-.383,3.705,-2.689,.997,-.041,-.059,.059,0,.998,-.041,-.999,.002);es="Linear";ed="In";};};{tm=1.233;["Torso"]={tm=.1999;cf=cfr(-.383,3.705,-2.694,.997,-.042,-.058,.059,.02,.998,-.041,-.999,.022);es="Linear";ed="In";};["Head"]={tm=.1999;cf=cfr(0,0,0,1,0,0,0,.997,.081,0,-.081,.997);es="Linear";ed="In";};["Left Leg"]={tm=.1999;cf=cfr(-.013,.143,.046,.996,.004,.087,-.049,.855,.516,-.072,-.518,.852);es="Linear";ed="In";};["Right Leg"]={tm=.1999;cf=cfr(.012,.139,.049,.99,.114,-.087,-.053,.855,.516,.133,-.506,.852);es="Linear";ed="In";};};{tm=1.433;["Torso"]={tm=0;cf=cfr(-.383,3.705,-2.694,.997,-.042,-.058,.059,.02,.998,-.041,-.999,.022);es="Linear";ed="In";};["Head"]={tm=0;cf=cfr(0,0,0,1,0,0,0,.997,.081,0,-.081,.997);es="Linear";ed="In";};["Left Leg"]={tm=0;cf=cfr(-.013,.143,.046,.996,.004,.087,-.049,.855,.516,-.072,-.518,.852);es="Linear";ed="In";};["Right Leg"]={tm=0;cf=cfr(.012,.139,.049,.99,.114,-.087,-.053,.855,.516,.133,-.506,.852);es="Linear";ed="In";};};}