-- // converted using mech's animoduler
local cfr = CFrame.new

return {{tm=0;["Stand Torso"]={tm=.1;cf=cfr(-.084,.103,-2.657,.593,.433,-.679,.358,.614,.704,.721,-.661,.209);es="Linear";ed="In";};["Stand Right Leg"]={tm=.1;cf=cfr(-.245,-.213,.059,.546,.836,-.045,-.836,.548,.03,.05,.022,.999);es="Linear";ed="In";};["Stand Right Arm"]={tm=.1;cf=cfr(-.686,-.286,.348,.596,-.783,-.179,.014,-.213,.977,-.803,-.584,-.116);es="Linear";ed="In";};["Stand Left Arm"]={tm=.1;cf=cfr(-.397,.081,.216,-.227,.699,.679,-.796,.269,-.542,-.561,-.663,.495);es="Linear";ed="In";};["Stand Left Leg"]={tm=.1;cf=cfr(-1.366,1.057,.391,1,-.002,.03,.005,.995,-.104,-.03,.104,.994);es="Linear";ed="In";};["Stand Head"]={tm=.1;cf=cfr(0,0,0,.369,-.928,-.059,.891,.335,.307,-.265,-.166,.95);es="Linear";ed="In";};};{tm=.1;["Stand Torso"]={tm=.0499;cf=cfr(-.084,.512,-2.785,.752,.39,-.532,.405,.363,.839,.52,-.846,.115);es="Linear";ed="In";};["Stand Right Leg"]={tm=.0499;cf=cfr(.485,.188,.08,.89,.453,-.045,-.453,.891,.03,.054,-.006,.999);es="Linear";ed="In";};["Stand Right Arm"]={tm=.0499;cf=cfr(-.686,-.286,.348,.627,-.779,.003,.15,.124,.981,-.764,-.615,.195);es="Linear";ed="In";};["Stand Left Arm"]={tm=.0499;cf=cfr(-.355,.49,.302,.377,.589,.714,-.684,.697,-.214,-.624,-.408,.666);es="Linear";ed="In";};["Stand Left Leg"]={tm=.0499;cf=cfr(-1.366,1.057,.391,.979,.2,.03,-.196,.975,-.104,-.05,.096,.994);es="Linear";ed="In";};["Stand Head"]={tm=.0499;cf=cfr(0,0,0,.535,-.837,-.118,.725,.383,.573,-.434,-.392,.811);es="Linear";ed="In";};};{tm=.15;["Stand Torso"]={tm=.033;cf=cfr(-.084,.692,-3.274,.153,.321,-.935,.176,.922,.345,.972,-.217,.084);es="Linear";ed="In";};["Stand Right Leg"]={tm=.033;cf=cfr(.266,-.093,.079,.901,.431,-.045,-.43,.902,.03,.054,-.007,.999);es="Linear";ed="In";};["Stand Right Arm"]={tm=.033;cf=cfr(-.686,-.286,.348,.581,-.779,-.237,.512,.124,.85,-.632,-.615,.471);es="Linear";ed="In";};["Stand Left Arm"]={tm=.033;cf=cfr(-.355,.49,.302,-.089,.049,.995,-.925,.367,-.101,-.37,-.929,.012);es="Linear";ed="In";};["Stand Left Leg"]={tm=.033;cf=cfr(-1.366,1.057,.391,.988,-.154,.03,.157,.982,-.104,-.014,.107,.994);es="Linear";ed="In";};["Stand Head"]={tm=.033;cf=cfr(0,0,0,.508,-.861,-.007,.809,.475,.346,-.294,-.181,.938);es="Linear";ed="In";};};{tm=.183;["Stand Torso"]={tm=.1500;cf=cfr(-.084,.692,-3.274,-.211,.347,-.914,-.376,.834,.403,.902,.429,-.046);es="Linear";ed="In";};["Stand Right Leg"]={tm=.1500;cf=cfr(.266,-.093,.079,.83,.556,-.045,-.555,.831,.03,.054,.001,.999);es="Linear";ed="In";};["Stand Right Arm"]={tm=.3;cf=cfr(-.686,-.286,.348,.67,-.65,-.359,.494,.029,.869,-.554,-.759,.34);es="Linear";ed="In";};["Stand Left Arm"]={tm=.2;cf=cfr(-.922,.712,.39,-.061,-.081,.995,-.498,-.861,-.101,.865,-.502,.012);es="Linear";ed="In";};["Stand Left Leg"]={tm=.2;cf=cfr(-1.366,1.057,.391,.988,-.147,.055,.157,.952,-.261,-.014,.267,.964);es="Linear";ed="In";};["Stand Head"]={tm=.25;cf=cfr(0,0,0,.508,-.718,.476,.809,.587,.021,-.294,.374,.879);es="Linear";ed="In";};};{tm=.333;["Stand Torso"]={tm=.0499;cf=cfr(-.274,.888,-3.311,-.228,.103,-.968,-.301,.938,.17,.926,.33,-.183);es="Linear";ed="In";};["Stand Right Leg"]={tm=.0999;cf=cfr(.266,-.093,.079,.83,.534,-.16,-.555,.819,-.144,.054,.209,.976);es="Linear";ed="In";};};{tm=.383;["Stand Torso"]={tm=.0499;cf=cfr(-.436,1.326,-3.452,-.039,.046,-.998,-.156,.986,.052,.987,.158,-.031);es="Linear";ed="In";};["Stand Left Arm"]={tm=.0999;cf=cfr(-.153,.406,.737,-.16,.358,.92,-.271,-.912,.308,.949,-.201,.243);es="Linear";ed="In";};["Stand Left Leg"]={tm=.0999;cf=cfr(-1.081,.804,.08,.96,.278,-.011,-.273,.95,.153,.053,-.144,.988);es="Linear";ed="In";};};{tm=.433;["Stand Torso"]={tm=.0499;cf=cfr(-.599,1.505,-3.751,.14,-.043,-.989,.013,.999,-.041,.99,-.007,.14);es="Linear";ed="In";};["Stand Right Leg"]={tm=.1000;cf=cfr(.623,-.362,.098,.71,.686,-.16,-.704,.695,-.144,.013,.215,.976);es="Linear";ed="In";};["Stand Head"]={tm=.1000;cf=cfr(0,0,0,.649,-.718,.253,.759,.587,-.281,.054,.374,.926);es="Linear";ed="In";};};{tm=.483;["Stand Torso"]={tm=.0500;cf=cfr(-.567,1.594,-4.249,.331,-.231,-.915,.264,.953,-.146,.906,-.193,.377);es="Linear";ed="In";};["Stand Right Arm"]={tm=.0500;cf=cfr(-.686,-.286,.348,.537,-.655,-.531,.491,-.269,.829,-.686,-.706,.177);es="Linear";ed="In";};["Stand Left Arm"]={tm=.0500;cf=cfr(.207,-.477,.49,.366,.141,.92,-.897,.319,.308,-.25,-.937,.243);es="Linear";ed="In";};["Stand Left Leg"]={tm=.0839;cf=cfr(-.418,.479,.138,.896,.445,-.011,-.438,.886,.153,.077,-.132,.988);es="Linear";ed="In";};};{tm=.533;["Stand Torso"]={tm=.0339;cf=cfr(-.423,1.683,-4.505,.45,-.442,-.776,.513,.839,-.18,.731,-.317,.604);es="Linear";ed="In";};["Stand Right Leg"]={tm=.0499;cf=cfr(.852,-.13,.169,.71,.686,-.16,-.704,.695,-.144,.013,.215,.976);es="Linear";ed="In";};["Stand Right Arm"]={tm=.0339;cf=cfr(-.658,-.179,.359,-.571,-.797,-.197,.656,-.587,.474,-.493,.142,.858);es="Linear";ed="In";};["Stand Left Arm"]={tm=.0339;cf=cfr(.207,-.477,.49,.622,-.559,.549,-.099,.639,.763,-.777,-.529,.342);es="Linear";ed="In";};["Stand Head"]={tm=.0339;cf=cfr(0,0,0,.797,-.585,-.151,.543,.803,-.247,.265,.115,.957);es="Linear";ed="In";};};{tm=.567;["Stand Torso"]={tm=.0160;cf=cfr(-.325,2.03,-4.934,.771,-.637,-.001,.611,.739,.283,-.18,-.219,.959);es="Linear";ed="In";};["Stand Right Arm"]={tm=.0160;cf=cfr(-.377,-.304,-.059,-.044,-.944,-.328,.949,-.143,.282,-.312,-.299,.902);es="Linear";ed="In";};["Stand Left Arm"]={tm=.0660;cf=cfr(.491,-.506,.327,.863,-.333,.38,-.09,.639,.764,-.497,-.694,.521);es="Linear";ed="In";};["Stand Left Leg"]={tm=.0160;cf=cfr(-.16,.008,.213,.821,.571,-.011,-.563,.812,.153,.096,-.12,.988);es="Linear";ed="In";};["Stand Head"]={tm=.0160;cf=cfr(.007,-.003,.001,.894,.344,-.289,-.405,.895,-.188,.194,.285,.939);es="Linear";ed="In";};};{tm=.583;["Stand Torso"]={tm=.0500;cf=cfr(-.337,1.683,-5.638,.177,-.789,.589,-.135,.573,.808,-.975,-.223,-.005);es="Linear";ed="In";};["Stand Right Leg"]={tm=.0500;cf=cfr(1.054,.077,.367,.71,.576,-.405,-.704,.591,-.394,.013,.565,.825);es="Linear";ed="In";};["Stand Right Arm"]={tm=.0500;cf=cfr(-.001,-.249,.661,.221,.018,-.975,.965,-.151,.216,-.144,-.988,-.051);es="Linear";ed="In";};["Stand Left Leg"]={tm=.0500;cf=cfr(-.16,.008,.213,.433,.901,-.011,-.89,.429,.153,.143,-.057,.988);es="Linear";ed="In";};["Stand Head"]={tm=.0500;cf=cfr(.007,-.003,.001,.379,.879,-.289,-.923,.336,-.188,-.068,.338,.939);es="Linear";ed="In";};};{tm=.633;["Stand Torso"]={tm=.0170;cf=cfr(-.337,1.683,-6.837,-.087,-.828,.554,-.464,.526,.713,-.882,-.195,-.43);es="Back";ed="Out";};["Stand Right Leg"]={tm=.0170;cf=cfr(1.054,.077,.367,.71,.568,-.415,-.704,.584,-.405,.013,.58,.815);es="Sine";ed="Out";};["Stand Right Arm"]={tm=.0170;cf=cfr(-.58,-.233,-.211,.346,-.492,-.799,.914,-.017,.406,-.213,-.871,.443);es="Sine";ed="Out";};["Stand Left Arm"]={tm=.0170;cf=cfr(.491,-.506,.327,.81,-.548,.209,-.061,.276,.959,-.583,-.79,.19);es="Sine";ed="Out";};["Stand Left Leg"]={tm=.0170;cf=cfr(-.16,.008,.213,.433,.802,.411,-.89,.308,.336,.143,-.511,.847);es="Back";ed="Out";};["Stand Head"]={tm=.0170;cf=cfr(.007,-.003,.001,.163,.943,-.289,-.976,.111,-.188,-.145,.312,.939);es="Sine";ed="Out";};};{tm=.65;["Stand Torso"]={tm=.0170;cf=cfr(-.337,1.183,-7.021,-.248,-.928,.278,-.782,.362,.508,-.572,-.092,-.815);es="Linear";ed="In";};["Stand Right Leg"]={tm=.0170;cf=cfr(1.035,.058,.346,.737,.53,-.419,-.674,.617,-.407,.043,.582,.812);es="Linear";ed="In";};["Stand Right Arm"]={tm=.0170;cf=cfr(-.484,-.245,-.144,.345,-.433,-.833,.921,-.013,.389,-.179,-.902,.394);es="Linear";ed="In";};["Stand Left Arm"]={tm=.0170;cf=cfr(.457,-.502,.337,.835,-.509,.209,-.074,.273,.959,-.546,-.816,.19);es="Linear";ed="In";};["Stand Left Leg"]={tm=.0170;cf=cfr(-.252,.105,.222,.518,.742,.426,-.852,.4,.339,.081,-.538,.839);es="Linear";ed="In";};["Stand Head"]={tm=.0170;cf=cfr(.007,-.003,.001,.127,.955,-.269,-.982,.083,-.169,-.139,.286,.948);es="Linear";ed="In";};};{tm=.667;["Stand Torso"]={tm=.0160;cf=cfr(-.337,.796,-7.164,-.27,-.963,.021,-.933,.267,.241,-.238,.045,-.97);es="Linear";ed="In";};["Stand Right Leg"]={tm=.0160;cf=cfr(1.017,.039,.326,.762,.491,-.422,-.643,.648,-.409,.073,.583,.809);es="Linear";ed="In";};["Stand Right Arm"]={tm=.0160;cf=cfr(-.39,-.256,-.078,.342,-.372,-.863,.929,-.008,.371,-.145,-.928,.343);es="Linear";ed="In";};["Stand Left Arm"]={tm=.0160;cf=cfr(.425,-.499,.346,.857,-.47,.209,-.087,.269,.959,-.507,-.841,.19);es="Linear";ed="In";};["Stand Left Leg"]={tm=.0160;cf=cfr(-.325,.184,.23,.581,.687,.437,-.813,.47,.343,.03,-.554,.832);es="Linear";ed="In";};["Stand Head"]={tm=.0160;cf=cfr(.007,-.003,.001,.091,.964,-.248,-.987,.055,-.151,-.132,.259,.957);es="Linear";ed="In";};};{tm=.683;["Stand Torso"]={tm=.0169;cf=cfr(-.337,.512,-7.269,-.224,-.96,-.166,-.974,.226,.011,.027,.164,-.986);es="Linear";ed="In";};["Stand Right Leg"]={tm=.0169;cf=cfr(.998,.02,.305,.785,.451,-.425,-.611,.676,-.411,.102,.583,.806);es="Linear";ed="In";};["Stand Right Arm"]={tm=.0169;cf=cfr(-.297,-.268,-.014,.336,-.312,-.889,.935,-.002,.354,-.112,-.95,.291);es="Linear";ed="In";};["Stand Left Arm"]={tm=.0169;cf=cfr(.393,-.495,.356,.878,-.431,.209,-.099,.265,.959,-.469,-.863,.19);es="Linear";ed="In";};["Stand Left Leg"]={tm=.0169;cf=cfr(-.383,.245,.235,.627,.64,.445,-.779,.523,.346,-.011,-.564,.826);es="Linear";ed="In";};["Stand Head"]={tm=.0169;cf=cfr(.007,-.003,.001,.057,.972,-.228,-.991,.027,-.134,-.124,.233,.964);es="Linear";ed="In";};};{tm=.7;["Stand Torso"]={tm=.0170;cf=cfr(-.337,.316,-7.341,-.165,-.945,-.283,-.965,.214,-.152,.204,.248,-.947);es="Linear";ed="In";};["Stand Right Leg"]={tm=.0170;cf=cfr(.981,.002,.286,.805,.412,-.428,-.579,.702,-.414,.13,.581,.804);es="Linear";ed="In";};["Stand Right Arm"]={tm=.0170;cf=cfr(-.209,-.279,.048,.329,-.253,-.91,.941,.005,.338,-.081,-.967,.24);es="Linear";ed="In";};["Stand Left Arm"]={tm=.0170;cf=cfr(.362,-.492,.365,.896,-.392,.209,-.11,.261,.959,-.431,-.882,.19);es="Linear";ed="In";};["Stand Left Leg"]={tm=.0170;cf=cfr(-.427,.292,.24,.659,.602,.45,-.751,.56,.349,-.042,-.569,.822);es="Linear";ed="In";};["Stand Head"]={tm=.0170;cf=cfr(.007,-.003,.001,.024,.978,-.207,-.993,-.001,-.118,-.116,.209,.971);es="Linear";ed="In";};};{tm=.717;["Stand Torso"]={tm=.0160;cf=cfr(-.337,.197,-7.385,-.119,-.93,-.347,-.945,.214,-.249,.306,.299,-.904);es="Linear";ed="In";};["Stand Right Leg"]={tm=.0160;cf=cfr(.965,-.015,.268,.822,.374,-.43,-.548,.726,-.416,.156,.578,.801);es="Linear";ed="In";};["Stand Right Arm"]={tm=.0160;cf=cfr(-.125,-.289,.106,.32,-.196,-.927,.946,.012,.324,-.052,-.98,.19);es="Linear";ed="In";};["Stand Left Arm"]={tm=.0160;cf=cfr(.333,-.488,.373,.911,-.355,.209,-.121,.256,.959,-.394,-.899,.19);es="Linear";ed="In";};["Stand Left Leg"]={tm=.0160;cf=cfr(-.457,.324,.243,.681,.575,.454,-.73,.586,.352,-.064,-.571,.818);es="Linear";ed="In";};["Stand Head"]={tm=.0160;cf=cfr(.007,-.003,.001,-.007,.982,-.187,-.994,-.027,-.104,-.107,.185,.977);es="Linear";ed="In";};};{tm=.733;["Stand Torso"]={tm=.0170;cf=cfr(-.337,.142,-7.405,-.095,-.922,-.375,-.932,.215,-.292,.35,.321,-.88);es="Linear";ed="In";};["Stand Right Leg"]={tm=.0170;cf=cfr(.949,-.03,.25,.836,.338,-.432,-.518,.746,-.418,.181,.574,.799);es="Linear";ed="In";};["Stand Right Arm"]={tm=.0170;cf=cfr(-.046,-.299,.161,.31,-.143,-.94,.95,.02,.31,-.026,-.989,.142);es="Linear";ed="In";};["Stand Left Arm"]={tm=.0170;cf=cfr(.306,-.485,.381,.924,-.32,.209,-.13,.251,.959,-.36,-.913,.19);es="Linear";ed="In";};["Stand Left Leg"]={tm=.0170;cf=cfr(-.477,.345,.245,.694,.556,.457,-.716,.602,.354,-.079,-.572,.816);es="Linear";ed="In";};["Stand Head"]={tm=.0170;cf=cfr(.007,-.003,.001,-.036,.985,-.168,-.994,-.052,-.091,-.098,.164,.982);es="Linear";ed="In";};};{tm=.75;["Stand Torso"]={tm=.0170;cf=cfr(-.337,.14,-7.406,-.095,-.922,-.376,-.931,.215,-.294,.352,.322,-.879);es="Linear";ed="In";};["Stand Right Leg"]={tm=.0170;cf=cfr(.935,-.045,.235,.848,.305,-.434,-.49,.763,-.421,.203,.569,.797);es="Linear";ed="In";};["Stand Right Arm"]={tm=.0170;cf=cfr(.025,-.307,.211,.3,-.094,-.949,.954,.028,.298,-.002,-.995,.098);es="Linear";ed="In";};["Stand Left Arm"]={tm=.0170;cf=cfr(.281,-.482,.388,.935,-.288,.209,-.139,.246,.959,-.327,-.926,.19);es="Linear";ed="In";};["Stand Left Leg"]={tm=.0170;cf=cfr(-.488,.357,.246,.701,.546,.458,-.708,.611,.354,-.086,-.573,.815);es="Linear";ed="In";};["Stand Head"]={tm=.0170;cf=cfr(.007,-.003,.001,-.062,.987,-.15,-.994,-.075,-.079,-.09,.144,.985);es="Linear";ed="In";};};{tm=.767;["Stand Torso"]={tm=.0160;cf=cfr(-.337,.178,-7.392,-.111,-.928,-.357,-.941,.214,-.264,.321,.306,-.896);es="Linear";ed="In";};["Stand Right Leg"]={tm=.0160;cf=cfr(.923,-.058,.221,.857,.275,-.435,-.464,.778,-.423,.223,.565,.795);es="Linear";ed="In";};["Stand Right Arm"]={tm=.0160;cf=cfr(.09,-.315,.255,.289,-.05,-.956,.957,.035,.288,.019,-.998,.058);es="Linear";ed="In";};["Stand Left Arm"]={tm=.0160;cf=cfr(.259,-.48,.394,.943,-.258,.209,-.147,.242,.959,-.298,-.935,.19);es="Linear";ed="In";};["Stand Left Leg"]={tm=.0160;cf=cfr(-.492,.361,.246,.703,.543,.459,-.705,.614,.355,-.089,-.573,.815);es="Linear";ed="In";};["Stand Head"]={tm=.0160;cf=cfr(.007,-.003,.001,-.086,.987,-.134,-.993,-.096,-.07,-.082,.127,.989);es="Linear";ed="In";};};{tm=.783;["Stand Torso"]={tm=.0170;cf=cfr(-.337,.244,-7.367,-.138,-.936,-.322,-.954,.213,-.21,.266,.279,-.923);es="Linear";ed="In";};["Stand Right Leg"]={tm=.0170;cf=cfr(.912,-.069,.208,.865,.248,-.437,-.442,.79,-.425,.24,.56,.793);es="Linear";ed="In";};["Stand Right Arm"]={tm=.0170;cf=cfr(.145,-.322,.294,.28,-.012,-.96,.959,.042,.279,.037,-.999,.023);es="Linear";ed="In";};["Stand Left Arm"]={tm=.0170;cf=cfr(.24,-.478,.4,.95,-.232,.209,-.153,.238,.959,-.273,-.943,.19);es="Linear";ed="In";};["Stand Left Leg"]={tm=.0170;cf=cfr(-.49,.359,.246,.702,.544,.459,-.706,.613,.355,-.088,-.573,.815);es="Linear";ed="In";};["Stand Head"]={tm=.0170;cf=cfr(.007,-.003,.001,-.106,.987,-.119,-.992,-.114,-.061,-.074,.112,.991);es="Linear";ed="In";};};{tm=.8;["Stand Torso"]={tm=.0169;cf=cfr(-.337,.326,-7.337,-.169,-.946,-.277,-.966,.214,-.144,.195,.244,-.95);es="Linear";ed="In";};["Stand Right Leg"]={tm=.0169;cf=cfr(.903,-.078,.198,.87,.226,-.438,-.422,.8,-.426,.254,.556,.792);es="Linear";ed="In";};["Stand Right Arm"]={tm=.0169;cf=cfr(.192,-.328,.326,.271,.02,-.962,.961,.048,.272,.052,-.999,-.006);es="Linear";ed="In";};["Stand Left Arm"]={tm=.0169;cf=cfr(.224,-.476,.405,.955,-.211,.209,-.159,.234,.959,-.251,-.949,.19);es="Linear";ed="In";};["Stand Left Leg"]={tm=.0169;cf=cfr(-.485,.353,.245,.699,.55,.458,-.71,.608,.354,-.084,-.573,.815);es="Linear";ed="In";};["Stand Head"]={tm=.0169;cf=cfr(.007,-.003,.001,-.122,.987,-.107,-.99,-.129,-.055,-.068,.1,.993);es="Linear";ed="In";};};{tm=.817;["Stand Torso"]={tm=.0160;cf=cfr(-.337,.41,-7.306,-.196,-.954,-.228,-.973,.218,-.073,.12,.207,-.971);es="Linear";ed="In";};["Stand Right Leg"]={tm=.0160;cf=cfr(.895,-.086,.19,.874,.209,-.438,-.407,.807,-.428,.265,.552,.791);es="Linear";ed="In";};["Stand Right Arm"]={tm=.0160;cf=cfr(.228,-.332,.352,.264,.045,-.964,.962,.053,.266,.063,-.998,-.029);es="Linear";ed="In";};["Stand Left Arm"]={tm=.0160;cf=cfr(.211,-.474,.408,.958,-.194,.209,-.163,.232,.959,-.234,-.953,.19);es="Linear";ed="In";};["Stand Left Leg"]={tm=.0160;cf=cfr(-.477,.346,.245,.694,.556,.457,-.716,.602,.354,-.079,-.572,.816);es="Linear";ed="In";};["Stand Head"]={tm=.0160;cf=cfr(.007,-.003,.001,-.135,.986,-.098,-.989,-.141,-.049,-.063,.09,.994);es="Linear";ed="In";};};{tm=.833;["Stand Torso"]={tm=.0170;cf=cfr(-.337,.486,-7.278,-.218,-.959,-.182,-.975,.223,-.01,.051,.175,-.983);es="Linear";ed="In";};["Stand Right Leg"]={tm=.0170;cf=cfr(.89,-.091,.184,.877,.196,-.439,-.396,.812,-.428,.273,.55,.79);es="Linear";ed="In";};["Stand Right Arm"]={tm=.0170;cf=cfr(.255,-.336,.371,.259,.063,-.964,.963,.057,.262,.071,-.996,-.046);es="Linear";ed="In";};["Stand Left Arm"]={tm=.0170;cf=cfr(.202,-.473,.411,.961,-.181,.209,-.166,.229,.959,-.222,-.956,.19);es="Linear";ed="In";};["Stand Left Leg"]={tm=.0170;cf=cfr(-.47,.338,.244,.689,.563,.456,-.721,.596,.353,-.073,-.572,.817);es="Linear";ed="In";};["Stand Head"]={tm=.0170;cf=cfr(.007,-.003,.001,-.145,.985,-.09,-.988,-.149,-.046,-.059,.083,.995);es="Linear";ed="In";};};{tm=.85;["Stand Torso"]={tm=.0170;cf=cfr(-.337,.54,-7.258,-.231,-.962,-.147,-.973,.229,.035,0,.151,-.988);es="Linear";ed="In";};["Stand Right Leg"]={tm=.0170;cf=cfr(.887,-.094,.181,.878,.188,-.439,-.389,.815,-.429,.277,.548,.789);es="Linear";ed="In";};["Stand Right Arm"]={tm=.0170;cf=cfr(.271,-.338,.382,.255,.074,-.964,.964,.059,.26,.076,-.996,-.056);es="Linear";ed="In";};["Stand Left Arm"]={tm=.0170;cf=cfr(.196,-.473,.413,.962,-.174,.209,-.168,.228,.959,-.214,-.958,.19);es="Linear";ed="In";};["Stand Left Leg"]={tm=.0170;cf=cfr(-.464,.331,.243,.685,.569,.455,-.725,.592,.352,-.069,-.572,.818);es="Linear";ed="In";};["Stand Head"]={tm=.0170;cf=cfr(.007,-.003,.001,-.151,.985,-.086,-.987,-.155,-.044,-.056,.079,.995);es="Linear";ed="In";};};{tm=.867;["Stand Torso"]={tm=.133;cf=cfr(-.337,.561,-7.25,-.236,-.962,-.134,-.972,.231,.052,-.019,.143,-.99);es="Linear";ed="In";};["Stand Right Leg"]={tm=.1830;cf=cfr(.886,-.096,.18,.879,.185,-.439,-.387,.816,-.429,.279,.547,.789);es="Linear";ed="In";};["Stand Right Arm"]={tm=.133;cf=cfr(.276,-.338,.386,.254,.078,-.964,.964,.06,.259,.078,-.995,-.06);es="Linear";ed="In";};["Stand Left Arm"]={tm=.133;cf=cfr(.194,-.472,.413,.963,-.171,.209,-.168,.228,.959,-.212,-.959,.19);es="Linear";ed="In";};["Stand Left Leg"]={tm=.1830;cf=cfr(-.462,.329,.243,.684,.571,.455,-.727,.59,.352,-.067,-.571,.818);es="Linear";ed="In";};["Stand Head"]={tm=.383;cf=cfr(.007,-.003,.001,-.152,.985,-.085,-.987,-.156,-.043,-.055,.077,.995);es="Linear";ed="In";};};{tm=1;["Stand Torso"]={tm=.0500;cf=cfr(-.337,1.261,-6.871,-.253,-.864,-.435,-.848,.414,-.33,.465,.286,-.838);es="Linear";ed="In";};["Stand Right Arm"]={tm=.1000;cf=cfr(.276,-.338,.386,.313,-.946,.088,.584,.264,.768,-.749,-.189,.635);es="Linear";ed="In";};["Stand Left Arm"]={tm=.1000;cf=cfr(.374,-.5,.425,.978,.007,.209,-.207,.193,.959,-.034,-.981,.19);es="Linear";ed="In";};};{tm=1.05;["Stand Torso"]={tm=.0500;cf=cfr(-.337,1.591,-6.457,-.37,-.841,-.394,-.842,.483,-.239,.391,.243,-.888);es="Linear";ed="In";};["Stand Right Leg"]={tm=.1999;cf=cfr(.886,-.096,.18,.857,.395,-.33,-.463,.872,-.159,.226,.289,.93);es="Linear";ed="In";};["Stand Left Leg"]={tm=.1999;cf=cfr(-.462,.329,.243,.89,-.021,.455,-.159,.922,.352,-.427,-.386,.818);es="Linear";ed="In";};};{tm=1.1;["Stand Torso"]={tm=.0829;cf=cfr(-.337,1.483,-6.192,-.48,-.808,-.34,-.821,.551,-.15,.309,.207,-.928);es="Linear";ed="In";};["Stand Right Arm"]={tm=.1499;cf=cfr(.1,-.442,.535,-.184,-.979,.088,.639,-.051,.768,-.747,.198,.635);es="Linear";ed="In";};["Stand Left Arm"]={tm=.1499;cf=cfr(.374,-.5,.425,.864,.457,.209,-.273,.076,.959,.423,-.886,.19);es="Linear";ed="In";};};{tm=1.183;["Stand Torso"]={tm=.0669;cf=cfr(.084,1.192,-6.23,-.485,-.858,.17,-.848,.509,.147,-.213,-.073,-.974);es="Linear";ed="In";};};{tm=1.25;["Stand Torso"]={tm=0;cf=cfr(.538,.96,-5.677,-.301,-.791,.533,-.758,.537,.371,-.579,-.292,-.761);es="Linear";ed="In";};["Stand Right Leg"]={tm=0;cf=cfr(.61,-.16,.071,.909,-.255,-.33,.213,.964,-.159,.359,.074,.93);es="Linear";ed="In";};["Stand Right Arm"]={tm=0;cf=cfr(.1,-.442,.535,.361,-.929,.088,.569,.294,.768,-.739,-.227,.635);es="Linear";ed="In";};["Stand Left Arm"]={tm=0;cf=cfr(.374,-.5,.425,.864,.481,-.147,-.273,.694,.666,.423,-.536,.731);es="Linear";ed="In";};["Stand Left Leg"]={tm=0;cf=cfr(-.125,-.099,-.019,.89,.181,.418,-.159,.983,-.089,-.427,.013,.904);es="Linear";ed="In";};["Stand Head"]={tm=0;cf=cfr(.007,-.003,.001,-.03,.993,.114,-.956,-.061,.286,.291,-.101,.951);es="Linear";ed="In";};};}