-- // converted using mech's animoduler
local cfr = CFrame.new

return {{tm=.017;["Stand Torso"]={tm=.133;cf=cfr(0,0,0,1,0,0,0,.96,.281,0,-.281,.96);es="Linear";ed="In";};["Stand Left Arm"]={tm=.2;cf=cfr(0,0,-.899,1,0,0,0,1,0,0,0,1);es="Linear";ed="In";};["Stand Left Leg"]={tm=.2;cf=cfr(0,2.008,0,1,0,0,0,1,0,0,0,1);es="Linear";ed="In";};["Stand Right Leg"]={tm=.2;cf=cfr(0,2.006,0,1,0,0,0,1,0,0,0,1);es="Linear";ed="In";};["Stand Head"]={tm=.2;cf=cfr(0,0,-1.017,1,0,0,0,1,0,0,0,1);es="Linear";ed="In";};["Stand Right Arm"]={tm=.2;cf=cfr(0,0,-.969,1,0,0,0,1,0,0,0,1);es="Linear";ed="In";};["Left Leg"]={tm=.083;cf=cfr(0,0,0,.932,-.112,.344,.191,.959,-.208,-.307,.26,.916);es="Linear";ed="In";};["Head"]={tm=.183;cf=cfr(0,0,0,1,0,0,0,.381,-.925,0,.925,.381);es="Linear";ed="In";};["Left Arm"]={tm=.2160;cf=cfr(-.322,-.303,-.28,.087,-.264,-.961,-.724,.646,-.243,.684,.717,-.135);es="Linear";ed="In";};["Right Arm"]={tm=.133;cf=cfr(.017,-.323,-.506,.273,-.028,.962,.815,.538,-.215,-.512,.842,.169);es="Linear";ed="In";};["Right Leg"]={tm=.083;cf=cfr(.435,.387,.125,.937,.215,-.276,-.224,.975,0,.269,.062,.961);es="Linear";ed="In";};};{tm=.083;["Torso"]={tm=.084;cf=cfr(0,-.118,-.374,-.986,-.136,.101,.127,-.988,-.088,.111,-.074,.991);es="Linear";ed="In";};};{tm=.1;["Left Leg"]={tm=.1;cf=cfr(0,0,0,.938,.127,.322,.035,.891,-.453,-.345,.436,.831);es="Linear";ed="In";};["Right Leg"]={tm=.1;cf=cfr(.435,.387,.125,.941,.198,-.276,-.206,.979,0,.27,.057,.961);es="Linear";ed="In";};};{tm=.15;["Stand Torso"]={tm=.067;cf=cfr(0,0,0,-.38,-.351,.855,-.26,.928,.266,-.887,-.122,-.445);es="Linear";ed="In";};["Right Arm"]={tm=.2830;cf=cfr(.361,-.224,-.164,.273,-.744,.611,.815,.516,.265,-.512,.425,.746);es="Linear";ed="In";};};{tm=.167;["Torso"]={tm=.066;cf=cfr(0,-.118,-.344,-.878,.474,-.067,-.476,-.852,.219,.047,.224,.973);es="Linear";ed="In";};};{tm=.2;["Left Leg"]={tm=.1499;cf=cfr(0,0,0,.913,.25,.322,-.084,.888,-.453,-.399,.387,.831);es="Linear";ed="In";};["Head"]={tm=.1499;cf=cfr(0,0,0,1,0,0,0,.159,-.987,0,.987,.159);es="Linear";ed="In";};["Right Leg"]={tm=.1499;cf=cfr(.435,.387,.125,.953,.123,-.276,-.128,.992,0,.274,.035,.961);es="Linear";ed="In";};};{tm=.217;["Stand Torso"]={tm=.1160;cf=cfr(.256,-.218,.247,-.765,.194,-.614,-.21,.826,.522,.608,.529,-.592);es="Linear";ed="In";};["Stand Left Arm"]={tm=.1160;cf=cfr(0,0,-.899,1,0,0,0,1,0,0,0,1);es="Linear";ed="In";};["Stand Left Leg"]={tm=.1160;cf=cfr(0,2.008,0,1,0,0,0,1,0,0,0,1);es="Linear";ed="In";};["Stand Right Leg"]={tm=.1160;cf=cfr(0,2.006,0,1,0,0,0,1,0,0,0,1);es="Linear";ed="In";};["Stand Head"]={tm=.1160;cf=cfr(0,0,-1.017,1,0,0,0,1,0,0,0,1);es="Linear";ed="In";};["Stand Right Arm"]={tm=.1160;cf=cfr(0,0,-.969,1,0,0,0,1,0,0,0,1);es="Linear";ed="In";};};{tm=.233;["Torso"]={tm=.1169;cf=cfr(0,-.118,-.398,-.061,.996,-.067,-.975,-.045,.219,.215,.078,.973);es="Linear";ed="In";};["Left Arm"]={tm=.0669;cf=cfr(-.729,-.276,-.473,-.765,.63,-.131,-.257,-.112,.96,.59,.768,.247);es="Linear";ed="In";};};{tm=.3;["Left Arm"]={tm=.2500;cf=cfr(-.498,-.174,-.038,-.559,.827,.06,-.086,-.13,.988,.825,.547,.144);es="Linear";ed="In";};};{tm=.333;["Stand Torso"]={tm=.0999;cf=cfr(.467,-.723,1.163,.786,.61,.103,-.594,.697,.402,.173,-.377,.91);es="Linear";ed="In";};["Stand Left Arm"]={tm=.0999;cf=cfr(-.192,-.215,-.134,.468,.604,-.646,-.729,.676,.104,.5,.422,.756);es="Linear";ed="In";};["Stand Left Leg"]={tm=.0999;cf=cfr(-1.123,.363,0,.613,-.79,0,.79,.613,0,0,0,1);es="Linear";ed="In";};["Stand Right Leg"]={tm=.0999;cf=cfr(.759,.066,0,.571,.821,0,-.821,.571,0,0,0,1);es="Linear";ed="In";};["Stand Head"]={tm=.0999;cf=cfr(0,0,0,1,0,0,0,-.169,-.986,0,.986,-.169);es="Linear";ed="In";};["Stand Right Arm"]={tm=.0999;cf=cfr(0,0,0,.937,-.103,.335,.076,.993,.092,-.342,-.06,.938);es="Linear";ed="In";};};{tm=.35;["Torso"]={tm=.1830;cf=cfr(0,-.118,-.416,.544,.815,-.199,-.839,.528,-.131,-.002,.238,.971);es="Linear";ed="In";};["Left Leg"]={tm=.1000;cf=cfr(.038,.222,.041,.913,.167,.372,-.084,.969,-.231,-.399,.179,.899);es="Linear";ed="In";};["Head"]={tm=.1500;cf=cfr(0,0,0,.907,0,-.421,-.416,.159,-.895,.067,.987,.144);es="Linear";ed="In";};["Right Leg"]={tm=.1000;cf=cfr(.585,.933,.168,.921,-.276,-.276,.287,.958,0,.264,-.079,.961);es="Linear";ed="In";};};{tm=.433;["Stand Torso"]={tm=.0840;cf=cfr(.175,-.723,1.712,.971,-.02,.24,-.118,.827,.55,-.209,-.563,.8);es="Linear";ed="In";};["Stand Left Arm"]={tm=.1669;cf=cfr(-.456,-.45,-.23,.468,.721,-.512,-.729,.642,.237,.5,.262,.825);es="Linear";ed="In";};["Stand Left Leg"]={tm=.1669;cf=cfr(-1.36,.752,0,.853,-.522,0,.522,.853,0,0,0,1);es="Linear";ed="In";};["Stand Right Leg"]={tm=.1669;cf=cfr(.759,.066,0,.71,.704,0,-.704,.71,0,0,0,1);es="Linear";ed="In";};["Stand Head"]={tm=.1669;cf=cfr(0,0,0,1,0,0,0,-.387,-.922,0,.922,-.387);es="Linear";ed="In";};["Stand Right Arm"]={tm=.1669;cf=cfr(.42,-.178,-.133,.24,-.885,.4,.878,.374,.301,-.415,.279,.866);es="Linear";ed="In";};["Right Arm"]={tm=.1170;cf=cfr(.127,-.205,-.106,.999,.017,.047,-.027,.974,.224,-.042,-.225,.973);es="Linear";ed="In";};};{tm=.45;["Left Leg"]={tm=.0830;cf=cfr(-.089,.189,.085,.87,.324,.372,-.252,.94,-.231,-.425,.107,.899);es="Linear";ed="In";};["Right Leg"]={tm=.0830;cf=cfr(.711,.541,.189,.901,-.337,-.272,.351,.937,0,.255,-.096,.962);es="Linear";ed="In";};};{tm=.5;["Head"]={tm=.1500;cf=cfr(0,0,0,.978,.034,-.205,-.095,.95,-.297,.185,.31,.933);es="Linear";ed="In";};};{tm=.517;["Stand Torso"]={tm=.0829;cf=cfr(-.602,-.701,2.037,.646,-.648,.404,.267,.687,.675,-.715,-.328,.617);es="Linear";ed="In";};};{tm=.533;["Torso"]={tm=.1169;cf=cfr(.003,-.216,-.442,.98,-.167,-.104,.13,.947,-.292,.148,.273,.951);es="Linear";ed="In";};["Left Leg"]={tm=.1669;cf=cfr(-.334,-.011,.063,.904,.285,.318,-.15,.91,-.387,-.399,.302,.866);es="Linear";ed="In";};["Right Leg"]={tm=.1169;cf=cfr(.651,.673,.16,.884,-.326,-.336,.401,.896,.187,.24,-.301,.923);es="Linear";ed="In";};};{tm=.55;["Left Arm"]={tm=.0999;cf=cfr(-.267,-.071,.398,.443,-.546,.711,-.582,.428,.691,-.682,-.72,-.128);es="Linear";ed="In";};["Right Arm"]={tm=.367;cf=cfr(.012,-.19,-.124,.98,.19,-.065,-.128,.838,.53,.155,-.511,.846);es="Linear";ed="In";};};{tm=.6;["Stand Torso"]={tm=.0830;cf=cfr(-1.212,-.223,2.037,.24,-.81,.535,.22,.582,.783,-.946,-.07,.318);es="Linear";ed="In";};["Stand Left Arm"]={tm=.1830;cf=cfr(-.456,-.45,-.23,.468,.849,-.246,-.729,.528,.436,.5,-.024,.866);es="Linear";ed="In";};["Stand Left Leg"]={tm=.1830;cf=cfr(-1.421,.931,0,.947,-.321,0,.321,.947,0,0,0,1);es="Linear";ed="In";};["Stand Right Leg"]={tm=.0830;cf=cfr(.759,.066,0,.995,-.098,0,.098,.995,0,0,0,1);es="Linear";ed="In";};["Stand Head"]={tm=.0830;cf=cfr(0,0,0,.847,0,.532,.49,-.387,-.781,.206,.922,-.328);es="Linear";ed="In";};["Stand Right Arm"]={tm=.1830;cf=cfr(.42,-.178,-.133,.24,-.436,.867,.878,.48,-.001,-.415,.761,.498);es="Linear";ed="In";};};{tm=.65;["Torso"]={tm=.133;cf=cfr(.003,-.216,-.442,.958,-.263,-.11,.219,.925,-.311,.184,.274,.944);es="Linear";ed="In";};["Head"]={tm=.133;cf=cfr(0,0,0,.974,.143,-.175,-.155,.986,-.056,.165,.082,.983);es="Linear";ed="In";};["Left Arm"]={tm=.1500;cf=cfr(.028,-.345,.55,.163,-.684,.711,-.34,.637,.691,-.926,-.355,-.128);es="Linear";ed="In";};["Right Leg"]={tm=.133;cf=cfr(.634,.724,.136,.884,-.286,-.371,.401,.87,.287,.24,-.402,.883);es="Linear";ed="In";};};{tm=.683;["Stand Torso"]={tm=.0839;cf=cfr(-1.402,.241,2.417,.498,-.659,.563,.444,.752,.487,-.745,.008,.667);es="Linear";ed="In";};["Stand Right Leg"]={tm=.0999;cf=cfr(.759,.066,0,.995,-.095,0,.095,.995,0,0,0,1);es="Linear";ed="In";};["Stand Head"]={tm=.0999;cf=cfr(0,0,0,.81,-.56,.173,.54,.599,-.591,.227,.572,.788);es="Linear";ed="In";};};{tm=.7;["Left Leg"]={tm=.0830;cf=cfr(-.284,.612,.259,.91,.177,.376,-.095,.969,-.227,-.404,.171,.898);es="Linear";ed="In";};};{tm=.767;["Stand Torso"]={tm=.1159;cf=cfr(-1.394,.64,2.417,.825,-.555,.108,.543,.831,.121,-.157,-.041,.987);es="Linear";ed="In";};};{tm=.783;["Torso"]={tm=.134;cf=cfr(.002,-.226,-.4,.966,.011,-.259,-.099,.939,-.328,.24,.343,.908);es="Linear";ed="In";};["Left Leg"]={tm=.134;cf=cfr(-.442,.178,.289,.907,.035,.42,-.029,.999,-.021,-.421,.006,.907);es="Linear";ed="In";};["Head"]={tm=.1669;cf=cfr(0,0,0,.968,-.131,.215,.135,.991,-.004,-.213,.033,.977);es="Linear";ed="In";};["Right Leg"]={tm=.134;cf=cfr(.634,.724,.136,.777,-.546,-.313,.604,.787,.126,.178,-.287,.941);es="Linear";ed="In";};["Stand Left Arm"]={tm=.0999;cf=cfr(-.111,-.318,.157,.961,.123,-.246,-.004,.9,.436,.275,-.418,.866);es="Linear";ed="In";};["Stand Left Leg"]={tm=.0999;cf=cfr(-.687,.583,.253,.99,-.101,-.095,.133,.884,.447,.039,-.456,.889);es="Linear";ed="In";};["Stand Right Leg"]={tm=.0999;cf=cfr(.759,.066,0,.99,.135,-.043,-.142,.943,-.3,0,.303,.953);es="Linear";ed="In";};["Stand Head"]={tm=.0999;cf=cfr(0,0,0,.968,-.249,.033,.185,.618,-.764,.17,.746,.644);es="Linear";ed="In";};["Stand Right Arm"]={tm=.0999;cf=cfr(.346,-.221,-.051,.624,-.144,.768,.367,.922,-.125,-.689,.36,.628);es="Linear";ed="In";};};{tm=.8;["Left Arm"]={tm=.1669;cf=cfr(-.065,-.387,.132,.635,.192,.748,-.256,.966,-.03,-.729,-.173,.663);es="Linear";ed="In";};};{tm=.883;["Stand Torso"]={tm=.1169;cf=cfr(-1.029,1.072,2.102,.965,-.251,-.073,.261,.938,.227,.011,-.238,.971);es="Linear";ed="In";};["Stand Left Arm"]={tm=.1339;cf=cfr(-.117,-.375,.172,.991,.112,-.08,-.086,.958,.274,.107,-.265,.958);es="Linear";ed="In";};["Stand Left Leg"]={tm=.1169;cf=cfr(-.687,.583,.253,.99,-.122,-.066,.133,.97,.202,.039,-.209,.977);es="Linear";ed="In";};["Stand Right Leg"]={tm=.1169;cf=cfr(.759,.066,0,.99,.141,-.011,-.142,.987,-.077,0,.078,.997);es="Linear";ed="In";};["Stand Head"]={tm=.1169;cf=cfr(0,0,0,.968,-.251,-.022,.185,.77,-.611,.17,.587,.792);es="Linear";ed="In";};["Stand Right Arm"]={tm=.1169;cf=cfr(.104,-.243,.151,.767,.072,.637,.067,.979,-.192,-.638,.19,.746);es="Linear";ed="In";};};{tm=.917;["Torso"]={tm=.1159;cf=cfr(.002,-.226,-.4,.976,.134,-.175,-.189,.917,-.351,.113,.375,.92);es="Linear";ed="In";};["Left Leg"]={tm=.1159;cf=cfr(-.436,.364,.276,.901,-.049,.431,-.028,.985,.17,-.433,-.165,.886);es="Linear";ed="In";};["Right Arm"]={tm=.1159;cf=cfr(.012,-.19,-.124,.756,-.279,.592,.083,.938,.336,-.649,-.205,.732);es="Linear";ed="In";};["Right Leg"]={tm=.1159;cf=cfr(.749,.571,.153,.777,-.599,-.195,.604,.796,-.038,.178,-.089,.98);es="Linear";ed="In";};};{tm=.95;["Head"]={tm=.1000;cf=cfr(0,0,0,.95,-.226,.215,.232,.973,-.004,-.208,.054,.977);es="Linear";ed="In";};};{tm=.967;["Left Arm"]={tm=.0999;cf=cfr(.19,-.455,-.113,.771,.381,-.511,-.168,.895,.414,.615,-.233,.753);es="Linear";ed="In";};};{tm=1;["Stand Torso"]={tm=.1169;cf=cfr(-.834,1.069,1.814,.997,-.081,.016,.074,.955,.287,-.038,-.284,.958);es="Linear";ed="In";};["Stand Left Leg"]={tm=.1169;cf=cfr(-.687,.583,.253,.99,-.128,-.054,.133,.985,.109,.039,-.115,.993);es="Linear";ed="In";};["Stand Right Leg"]={tm=.1169;cf=cfr(.759,.066,0,.99,.142,-.006,-.142,.989,-.04,0,.041,.999);es="Linear";ed="In";};["Stand Head"]={tm=.1169;cf=cfr(0,0,0,.994,.008,-.105,-.041,.947,-.319,.097,.321,.942);es="Linear";ed="In";};["Stand Right Arm"]={tm=.1169;cf=cfr(.099,-.244,.137,.945,-.135,.299,.111,.989,.096,-.309,-.058,.949);es="Linear";ed="In";};};{tm=1.017;["Stand Left Arm"]={tm=.1000;cf=cfr(-.117,-.375,.172,.905,.182,-.385,-.07,.955,.287,.42,-.233,.877);es="Linear";ed="In";};};{tm=1.033;["Torso"]={tm=.1169;cf=cfr(.002,-.226,-.4,.976,.143,-.165,-.197,.902,-.383,.094,.406,.909);es="Linear";ed="In";};["Left Leg"]={tm=.1169;cf=cfr(-.436,.364,.276,.902,-.013,.431,-.072,.981,.18,-.425,-.193,.884);es="Linear";ed="In";};["Right Arm"]={tm=.1169;cf=cfr(.012,-.19,-.124,.705,-.308,.639,.099,.935,.341,-.703,-.177,.689);es="Linear";ed="In";};["Right Leg"]={tm=.1169;cf=cfr(.823,.485,.159,.739,-.652,-.17,.652,.756,-.067,.172,-.062,.983);es="Linear";ed="In";};};{tm=1.05;["Head"]={tm=.1169;cf=cfr(0,0,0,.95,-.221,.22,.232,.972,-.024,-.208,.074,.975);es="Linear";ed="In";};};{tm=1.067;["Left Arm"]={tm=.1000;cf=cfr(.19,-.455,-.113,.71,.342,-.615,-.131,.923,.362,.692,-.176,.7);es="Linear";ed="In";};};{tm=1.117;["Stand Torso"]={tm=.1000;cf=cfr(-.82,1.002,1.813,.994,-.007,.106,-.029,.941,.338,-.102,-.339,.935);es="Linear";ed="In";};["Stand Left Arm"]={tm=.1000;cf=cfr(-.117,-.375,.172,.833,.186,-.521,-.029,.955,.295,.553,-.23,.801);es="Linear";ed="In";};["Stand Left Leg"]={tm=.1000;cf=cfr(-.687,.583,.253,.99,-.131,-.046,.133,.99,.05,.039,-.056,.998);es="Linear";ed="In";};["Stand Right Leg"]={tm=.1000;cf=cfr(.759,.066,0,.99,.142,.004,-.142,.989,.028,0,-.028,1);es="Linear";ed="In";};["Stand Head"]={tm=.1000;cf=cfr(0,0,0,.992,.071,-.1,-.079,.993,-.083,.093,.09,.992);es="Linear";ed="In";};["Stand Right Arm"]={tm=.1000;cf=cfr(-.077,-.265,.016,.992,-.078,.099,.071,.995,.071,-.104,-.064,.993);es="Linear";ed="In";};};{tm=1.15;["Torso"]={tm=0;cf=cfr(.002,-.226,-.4,.971,.128,-.202,-.198,.905,-.376,.134,.405,.904);es="Linear";ed="In";};["Left Leg"]={tm=0;cf=cfr(-.436,.31,.284,.902,.012,.431,-.072,.99,.124,-.425,-.143,.894);es="Linear";ed="In";};["Right Arm"]={tm=0;cf=cfr(.012,-.19,-.124,.756,-.287,.588,.097,.938,.333,-.647,-.195,.737);es="Linear";ed="In";};["Right Leg"]={tm=0;cf=cfr(.823,.485,.159,.723,-.659,-.205,.669,.742,-.026,.169,-.118,.978);es="Linear";ed="In";};};{tm=1.167;["Head"]={tm=0;cf=cfr(0,0,0,.961,-.221,.167,.23,.972,-.037,-.154,.074,.985);es="Linear";ed="In";};["Left Arm"]={tm=0;cf=cfr(.19,-.455,-.113,.73,.351,-.587,-.143,.918,.371,.669,-.187,.72);es="Linear";ed="In";};};{tm=1.217;["Stand Torso"]={tm=0;cf=cfr(-.82,1.002,1.813,.991,-.033,.128,-.014,.939,.345,-.132,-.344,.93);es="Linear";ed="In";};["Stand Left Arm"]={tm=0;cf=cfr(-.117,-.375,.172,.862,.16,-.48,-.033,.964,.263,.505,-.211,.837);es="Linear";ed="In";};["Stand Left Leg"]={tm=0;cf=cfr(-.687,.583,.253,.99,-.128,-.054,.133,.985,.106,.039,-.113,.993);es="Linear";ed="In";};["Stand Right Leg"]={tm=0;cf=cfr(.759,.066,0,.99,.142,.001,-.142,.99,.009,0,-.009,1);es="Linear";ed="In";};["Stand Head"]={tm=0;cf=cfr(0,0,0,.994,.095,-.057,-.101,.989,-.111,.046,.116,.992);es="Linear";ed="In";};["Stand Right Arm"]={tm=0;cf=cfr(-.074,-.261,.057,.985,-.127,.115,.121,.991,.054,-.121,-.039,.992);es="Linear";ed="In";};};}