-- // converted using mech's animoduler
local cfr = CFrame.new

return {{tm=0;["Foot_Right_end"]={tm=.017;cf=cfr(-4.619,-8.453,3.423,.672,-.572,.471,-.702,-.694,.16,.236,-.438,-.867);es="Linear";ed="In";};["Foot_Left_end"]={tm=.017;cf=cfr(.011,-.513,2.752,1,-.007,-.007,-.007,.008,-1,.007,1,.008);es="Linear";ed="In";};["RootNode"]={tm=.017;cf=cfr(0,0,0,-1,0,0,0,1,0,0,0,-1);es="Linear";ed="In";};["Head_end"]={tm=.017;cf=cfr(-.669,-1.131,1.59,.594,-.629,.501,.784,.593,-.184,-.182,.502,.846);es="Linear";ed="In";};["Fingers_Left_end"]={tm=.017;cf=cfr(.813,.056,2.151,.445,.474,-.76,-.345,-.692,-.634,-.826,.545,-.144);es="Linear";ed="In";};["MinosPrime"]={tm=.017;cf=cfr(0,0,0,1,0,0,0,1,0,0,0,1);es="Linear";ed="In";};["Fingers_Right_end"]={tm=.017;cf=cfr(-.585,8.634,-.45,.154,-.544,-.825,.37,.806,-.462,.916,-.234,.326);es="Linear";ed="In";};["Armature.001"]={tm=.017;cf=cfr(0,0,0,1,0,0,0,1,0,0,0,1);es="Linear";ed="In";};["Root"]={tm=.017;cf=cfr(4.087,-.033,0,.773,-.634,0,.634,.773,0,0,0,1);es="Linear";ed="In";};["Spine01"]={tm=.017;cf=cfr(0,0,0,.559,-.196,.806,.112,.981,.161,-.821,0,.57);es="Linear";ed="In";};["Spine02"]={tm=.017;cf=cfr(0,0,0,.887,.244,.393,-.162,.96,-.229,-.433,.139,.891);es="Linear";ed="In";};["Spine03"]={tm=.017;cf=cfr(0,0,0,.955,.265,-.131,-.295,.887,-.356,.021,.378,.925);es="Linear";ed="In";};["Clavicle_Right"]={tm=.017;cf=cfr(0,0,0,1,0,0,0,1,0,0,0,1);es="Linear";ed="In";};["UpperArm_Right"]={tm=.017;cf=cfr(0,0,0,.657,.753,-.037,-.744,.64,-.192,-.121,.153,.981);es="Linear";ed="In";};["LowerArm_Right"]={tm=.017;cf=cfr(0,0,0,.033,-.408,-.912,.109,.909,-.403,.993,-.087,.074);es="Linear";ed="In";};["Wrist_Right"]={tm=.017;cf=cfr(0,0,0,.993,.117,-.009,-.117,.992,-.054,.002,.055,.998);es="Linear";ed="In";};["Hand_Right"]={tm=.017;cf=cfr(0,0,0,.976,.203,.084,-.212,.97,.122,-.056,-.137,.989);es="Linear";ed="In";};["Fingers_Right"]={tm=.017;cf=cfr(0,0,-.004,.983,.068,.17,-.105,.97,.22,-.149,-.234,.961);es="Linear";ed="In";};["Clavicle_Left"]={tm=.017;cf=cfr(0,0,0,.975,-.222,.032,.22,.974,.05,-.042,-.042,.998);es="Linear";ed="In";};["UpperArm_Left"]={tm=.017;cf=cfr(0,0,0,.376,-.914,.155,.925,.362,-.113,.048,.186,.981);es="Linear";ed="In";};["LowerArm_Left"]={tm=.017;cf=cfr(0,0,0,.65,.15,.745,.612,-.685,-.395,.451,.713,-.537);es="Linear";ed="In";};["Wrist_Left"]={tm=.017;cf=cfr(0,0,0,1,0,0,0,1,0,0,0,1);es="Linear";ed="In";};["Hand_Left"]={tm=.017;cf=cfr(0,0,0,1,0,0,0,.975,-.221,0,.221,.975);es="Linear";ed="In";};["Fingers_Left"]={tm=.017;cf=cfr(0,0,0,1,0,0,0,.867,-.498,0,.498,.867);es="Linear";ed="In";};["Neck"]={tm=.017;cf=cfr(0,0,0,.493,-.386,-.78,-.238,.802,-.548,.837,.456,.303);es="Linear";ed="In";};["Head"]={tm=.017;cf=cfr(0,0,0,.912,.41,-.01,-.41,.912,.006,.011,-.001,1);es="Linear";ed="In";};["Pelvis_Right"]={tm=.017;cf=cfr(0,0,0,1,0,0,0,1,0,0,0,1);es="Linear";ed="In";};["Thigh_Right"]={tm=.017;cf=cfr(0,0,0,1,-.012,-.009,0,.575,-.818,.015,.818,.575);es="Linear";ed="In";};["Calf_Right"]={tm=.017;cf=cfr(0,0,0,.999,.002,.036,0,.997,-.08,-.036,.08,.996);es="Linear";ed="In";};["Foot_Right"]={tm=.017;cf=cfr(0,0,0,1,.011,-.005,.003,.146,.989,.011,-.989,.146);es="Linear";ed="In";};["Pelvis_Left"]={tm=.017;cf=cfr(0,0,0,1,0,0,0,1,0,0,0,1);es="Linear";ed="In";};["Thigh_Left"]={tm=.017;cf=cfr(0,0,0,.347,-.893,-.286,-.613,.015,-.79,.71,.449,-.542);es="Linear";ed="In";};["Calf_Left"]={tm=.017;cf=cfr(0,0,0,.958,.287,.011,.095,-.349,.932,.272,-.892,-.362);es="Linear";ed="In";};["Foot_Left"]={tm=.017;cf=cfr(0,0,0,1,0,0,0,.626,.78,0,-.78,.626);es="Linear";ed="In";};};{tm=.017;["Foot_Right_end"]={tm=0;cf=cfr(-4.619,-8.453,3.423,.672,-.572,.471,-.702,-.694,.16,.236,-.438,-.867);es="Linear";ed="In";};["Foot_Left_end"]={tm=0;cf=cfr(.011,-.513,2.752,1,-.007,-.007,-.007,.008,-1,.007,1,.008);es="Linear";ed="In";};["RootNode"]={tm=0;cf=cfr(0,0,0,-1,0,0,0,1,0,0,0,-1);es="Linear";ed="In";};["Head_end"]={tm=0;cf=cfr(-.669,-1.131,1.59,.594,-.629,.501,.784,.593,-.184,-.182,.502,.846);es="Linear";ed="In";};["Fingers_Left_end"]={tm=0;cf=cfr(.813,.056,2.151,.445,.474,-.76,-.345,-.692,-.634,-.826,.545,-.144);es="Linear";ed="In";};["MinosPrime"]={tm=0;cf=cfr(0,0,0,1,0,0,0,1,0,0,0,1);es="Linear";ed="In";};["Fingers_Right_end"]={tm=0;cf=cfr(-.585,8.634,-.45,.154,-.544,-.825,.37,.806,-.462,.916,-.234,.326);es="Linear";ed="In";};["Armature.001"]={tm=0;cf=cfr(0,0,0,1,0,0,0,1,0,0,0,1);es="Linear";ed="In";};["Root"]={tm=0;cf=cfr(4.087,-.033,0,.773,-.634,0,.634,.773,0,0,0,1);es="Linear";ed="In";};["Spine01"]={tm=0;cf=cfr(0,0,0,.559,-.196,.806,.112,.981,.161,-.821,0,.57);es="Linear";ed="In";};["Spine02"]={tm=0;cf=cfr(0,0,0,.887,.244,.393,-.162,.96,-.229,-.433,.139,.891);es="Linear";ed="In";};["Spine03"]={tm=0;cf=cfr(0,0,0,.955,.265,-.131,-.295,.887,-.356,.021,.378,.925);es="Linear";ed="In";};["Clavicle_Right"]={tm=0;cf=cfr(0,0,0,1,0,0,0,1,0,0,0,1);es="Linear";ed="In";};["UpperArm_Right"]={tm=0;cf=cfr(0,0,0,.657,.753,-.037,-.744,.64,-.192,-.121,.153,.981);es="Linear";ed="In";};["LowerArm_Right"]={tm=0;cf=cfr(0,0,0,.033,-.408,-.912,.109,.909,-.403,.993,-.087,.074);es="Linear";ed="In";};["Wrist_Right"]={tm=0;cf=cfr(0,0,0,.993,.117,-.009,-.117,.992,-.054,.002,.055,.998);es="Linear";ed="In";};["Hand_Right"]={tm=0;cf=cfr(0,0,0,.976,.203,.084,-.212,.97,.122,-.056,-.137,.989);es="Linear";ed="In";};["Fingers_Right"]={tm=0;cf=cfr(0,0,-.004,.983,.068,.17,-.105,.97,.22,-.149,-.234,.961);es="Linear";ed="In";};["Clavicle_Left"]={tm=0;cf=cfr(0,0,0,.975,-.222,.032,.22,.974,.05,-.042,-.042,.998);es="Linear";ed="In";};["UpperArm_Left"]={tm=0;cf=cfr(0,0,0,.376,-.914,.155,.925,.362,-.113,.048,.186,.981);es="Linear";ed="In";};["LowerArm_Left"]={tm=0;cf=cfr(0,0,0,.65,.15,.745,.612,-.685,-.395,.451,.713,-.537);es="Linear";ed="In";};["Wrist_Left"]={tm=0;cf=cfr(0,0,0,1,0,0,0,1,0,0,0,1);es="Linear";ed="In";};["Hand_Left"]={tm=0;cf=cfr(0,0,0,1,0,0,0,.975,-.221,0,.221,.975);es="Linear";ed="In";};["Fingers_Left"]={tm=0;cf=cfr(0,0,0,1,0,0,0,.867,-.498,0,.498,.867);es="Linear";ed="In";};["Neck"]={tm=0;cf=cfr(0,0,0,.493,-.386,-.78,-.238,.802,-.548,.837,.456,.303);es="Linear";ed="In";};["Head"]={tm=0;cf=cfr(0,0,0,.912,.41,-.01,-.41,.912,.006,.011,-.001,1);es="Linear";ed="In";};["Pelvis_Right"]={tm=0;cf=cfr(0,0,0,1,0,0,0,1,0,0,0,1);es="Linear";ed="In";};["Thigh_Right"]={tm=0;cf=cfr(0,0,0,1,-.012,-.009,0,.575,-.818,.015,.818,.575);es="Linear";ed="In";};["Calf_Right"]={tm=0;cf=cfr(0,0,0,.999,.002,.036,0,.997,-.08,-.036,.08,.996);es="Linear";ed="In";};["Foot_Right"]={tm=0;cf=cfr(0,0,0,1,.011,-.005,.003,.146,.989,.011,-.989,.146);es="Linear";ed="In";};["Pelvis_Left"]={tm=0;cf=cfr(0,0,0,1,0,0,0,1,0,0,0,1);es="Linear";ed="In";};["Thigh_Left"]={tm=0;cf=cfr(0,0,0,.347,-.893,-.286,-.613,.015,-.79,.71,.449,-.542);es="Linear";ed="In";};["Calf_Left"]={tm=0;cf=cfr(0,0,0,.958,.287,.011,.095,-.349,.932,.272,-.892,-.362);es="Linear";ed="In";};["Foot_Left"]={tm=0;cf=cfr(0,0,0,1,0,0,0,.626,.78,0,-.78,.626);es="Linear";ed="In";};};}