-- // converted using mech's animoduler
local cfr = CFrame.new

return {{tm=0;["Foot_Right_end"]={tm=.017;cf=cfr(-4.619,-8.453,3.423,.672,-.572,.471,-.702,-.694,.16,.236,-.438,-.867);es="Linear";ed="In";};["Foot_Left_end"]={tm=.017;cf=cfr(.011,-.513,2.752,1,-.007,-.007,-.007,.008,-1,.007,1,.008);es="Linear";ed="In";};["RootNode"]={tm=.017;cf=cfr(0,0,0,-1,0,0,0,1,0,0,0,-1);es="Linear";ed="In";};["Head_end"]={tm=.017;cf=cfr(-.669,-1.131,1.59,.594,-.629,.501,.784,.593,-.184,-.182,.502,.846);es="Linear";ed="In";};["Fingers_Left_end"]={tm=.017;cf=cfr(.813,.056,2.151,.445,.474,-.76,-.345,-.692,-.634,-.826,.545,-.144);es="Linear";ed="In";};["MinosPrime"]={tm=.017;cf=cfr(0,0,0,1,0,0,0,1,0,0,0,1);es="Linear";ed="In";};["Fingers_Right_end"]={tm=.017;cf=cfr(-.585,8.634,-.45,.154,-.544,-.825,.37,.806,-.462,.916,-.234,.326);es="Linear";ed="In";};["Armature.001"]={tm=.017;cf=cfr(0,0,0,1,0,0,0,1,0,0,0,1);es="Linear";ed="In";};["Root"]={tm=.017;cf=cfr(0,0,0,1,0,0,0,1,0,0,0,1);es="Linear";ed="In";};["Spine01"]={tm=.017;cf=cfr(0,0,0,.999,-.038,.005,.039,.992,-.124,0,.124,.992);es="Linear";ed="In";};["Spine02"]={tm=.017;cf=cfr(0,0,0,.983,.18,.029,-.182,.97,.159,0,-.161,.987);es="Linear";ed="In";};["Spine03"]={tm=.017;cf=cfr(0,0,0,.994,.092,.052,-.106,.864,.493,0,-.495,.869);es="Linear";ed="In";};["Clavicle_Right"]={tm=.017;cf=cfr(0,0,0,.738,.647,-.192,-.675,.708,-.21,0,.285,.959);es="Linear";ed="In";};["UpperArm_Right"]={tm=.017;cf=cfr(0,0,0,.067,.851,-.521,-.997,.043,-.057,-.026,.524,.852);es="Linear";ed="In";};["LowerArm_Right"]={tm=.017;cf=cfr(0,0,0,.04,.722,.691,-.902,.323,-.285,-.429,-.612,.665);es="Linear";ed="In";};["Wrist_Right"]={tm=.017;cf=cfr(0,0,0,1,0,0,0,.997,.077,0,-.077,.997);es="Linear";ed="In";};["Hand_Right"]={tm=.017;cf=cfr(0,0,0,1,0,0,0,.415,-.91,0,.91,.415);es="Linear";ed="In";};["Fingers_Right"]={tm=.017;cf=cfr(0,0,-.004,1,0,0,0,-.175,-.985,0,.985,-.175);es="Linear";ed="In";};["Clavicle_Left"]={tm=.017;cf=cfr(0,0,0,1,0,0,0,1,0,0,0,1);es="Linear";ed="In";};["UpperArm_Left"]={tm=.017;cf=cfr(0,0,0,.861,-.104,-.498,.298,.896,.329,.412,-.432,.803);es="Linear";ed="In";};["LowerArm_Left"]={tm=.017;cf=cfr(0,0,0,.85,.228,-.474,-.414,-.266,-.87,-.324,.937,-.132);es="Linear";ed="In";};["Wrist_Left"]={tm=.017;cf=cfr(0,0,0,.067,0,.998,0,1,0,-.998,0,.067);es="Linear";ed="In";};["Hand_Left"]={tm=.017;cf=cfr(0,0,0,1,0,0,0,.401,-.916,0,.916,.401);es="Linear";ed="In";};["Fingers_Left"]={tm=.017;cf=cfr(0,0,0,1,0,0,0,-.111,-.994,0,.994,-.111);es="Linear";ed="In";};["Neck"]={tm=.017;cf=cfr(0,0,0,.979,.206,0,-.206,.979,0,0,0,1);es="Linear";ed="In";};["Head"]={tm=.017;cf=cfr(0,0,0,.912,.41,-.01,-.41,.912,.006,.011,-.001,1);es="Linear";ed="In";};["Pelvis_Right"]={tm=.017;cf=cfr(0,0,0,1,0,0,0,1,0,0,0,1);es="Linear";ed="In";};["Thigh_Right"]={tm=.017;cf=cfr(0,0,0,.677,.373,.635,-.523,.851,.057,-.519,-.37,.771);es="Linear";ed="In";};["Calf_Right"]={tm=.017;cf=cfr(0,0,0,1,.006,-.004,.007,-.724,.689,.001,-.689,-.724);es="Linear";ed="In";};["Foot_Right"]={tm=.017;cf=cfr(0,0,0,1,0,0,0,.643,.766,0,-.766,.643);es="Linear";ed="In";};["Pelvis_Left"]={tm=.017;cf=cfr(0,0,0,1,0,0,0,1,0,0,0,1);es="Linear";ed="In";};["Thigh_Left"]={tm=.017;cf=cfr(0,0,0,1,-.007,-.024,-.022,.2,-.98,.012,.98,.2);es="Linear";ed="In";};["Calf_Left"]={tm=.017;cf=cfr(0,0,0,.999,-.032,.001,-.011,-.32,.947,-.03,-.947,-.32);es="Linear";ed="In";};["Foot_Left"]={tm=.017;cf=cfr(0,0,0,1,-.001,.002,-.001,.51,.86,-.002,-.86,.51);es="Linear";ed="In";};};{tm=.017;["Foot_Right_end"]={tm=0;cf=cfr(-4.619,-8.453,3.423,.672,-.572,.471,-.702,-.694,.16,.236,-.438,-.867);es="Linear";ed="In";};["Foot_Left_end"]={tm=0;cf=cfr(.011,-.513,2.752,1,-.007,-.007,-.007,.008,-1,.007,1,.008);es="Linear";ed="In";};["RootNode"]={tm=0;cf=cfr(0,0,0,-1,0,0,0,1,0,0,0,-1);es="Linear";ed="In";};["Head_end"]={tm=0;cf=cfr(-.669,-1.131,1.59,.594,-.629,.501,.784,.593,-.184,-.182,.502,.846);es="Linear";ed="In";};["Fingers_Left_end"]={tm=0;cf=cfr(.813,.056,2.151,.445,.474,-.76,-.345,-.692,-.634,-.826,.545,-.144);es="Linear";ed="In";};["MinosPrime"]={tm=0;cf=cfr(0,0,0,1,0,0,0,1,0,0,0,1);es="Linear";ed="In";};["Fingers_Right_end"]={tm=0;cf=cfr(-.585,8.634,-.45,.154,-.544,-.825,.37,.806,-.462,.916,-.234,.326);es="Linear";ed="In";};["Armature.001"]={tm=0;cf=cfr(0,0,0,1,0,0,0,1,0,0,0,1);es="Linear";ed="In";};["Root"]={tm=0;cf=cfr(0,0,0,1,0,0,0,1,0,0,0,1);es="Linear";ed="In";};["Spine01"]={tm=0;cf=cfr(0,0,0,.999,-.038,.005,.039,.992,-.124,0,.124,.992);es="Linear";ed="In";};["Spine02"]={tm=0;cf=cfr(0,0,0,.983,.18,.029,-.182,.97,.159,0,-.161,.987);es="Linear";ed="In";};["Spine03"]={tm=0;cf=cfr(0,0,0,.994,.092,.052,-.106,.864,.493,0,-.495,.869);es="Linear";ed="In";};["Clavicle_Right"]={tm=0;cf=cfr(0,0,0,.738,.647,-.192,-.675,.708,-.21,0,.285,.959);es="Linear";ed="In";};["UpperArm_Right"]={tm=0;cf=cfr(0,0,0,.067,.851,-.521,-.997,.043,-.057,-.026,.524,.852);es="Linear";ed="In";};["LowerArm_Right"]={tm=0;cf=cfr(0,0,0,.04,.722,.691,-.902,.323,-.285,-.429,-.612,.665);es="Linear";ed="In";};["Wrist_Right"]={tm=0;cf=cfr(0,0,0,1,0,0,0,.997,.077,0,-.077,.997);es="Linear";ed="In";};["Hand_Right"]={tm=0;cf=cfr(0,0,0,1,0,0,0,.415,-.91,0,.91,.415);es="Linear";ed="In";};["Fingers_Right"]={tm=0;cf=cfr(0,0,-.004,1,0,0,0,-.175,-.985,0,.985,-.175);es="Linear";ed="In";};["Clavicle_Left"]={tm=0;cf=cfr(0,0,0,1,0,0,0,1,0,0,0,1);es="Linear";ed="In";};["UpperArm_Left"]={tm=0;cf=cfr(0,0,0,.861,-.104,-.498,.298,.896,.329,.412,-.432,.803);es="Linear";ed="In";};["LowerArm_Left"]={tm=0;cf=cfr(0,0,0,.85,.228,-.474,-.414,-.266,-.87,-.324,.937,-.132);es="Linear";ed="In";};["Wrist_Left"]={tm=0;cf=cfr(0,0,0,.067,0,.998,0,1,0,-.998,0,.067);es="Linear";ed="In";};["Hand_Left"]={tm=0;cf=cfr(0,0,0,1,0,0,0,.401,-.916,0,.916,.401);es="Linear";ed="In";};["Fingers_Left"]={tm=0;cf=cfr(0,0,0,1,0,0,0,-.111,-.994,0,.994,-.111);es="Linear";ed="In";};["Neck"]={tm=0;cf=cfr(0,0,0,.979,.206,0,-.206,.979,0,0,0,1);es="Linear";ed="In";};["Head"]={tm=0;cf=cfr(0,0,0,.912,.41,-.01,-.41,.912,.006,.011,-.001,1);es="Linear";ed="In";};["Pelvis_Right"]={tm=0;cf=cfr(0,0,0,1,0,0,0,1,0,0,0,1);es="Linear";ed="In";};["Thigh_Right"]={tm=0;cf=cfr(0,0,0,.677,.373,.635,-.523,.851,.057,-.519,-.37,.771);es="Linear";ed="In";};["Calf_Right"]={tm=0;cf=cfr(0,0,0,1,.006,-.004,.007,-.724,.689,.001,-.689,-.724);es="Linear";ed="In";};["Foot_Right"]={tm=0;cf=cfr(0,0,0,1,0,0,0,.643,.766,0,-.766,.643);es="Linear";ed="In";};["Pelvis_Left"]={tm=0;cf=cfr(0,0,0,1,0,0,0,1,0,0,0,1);es="Linear";ed="In";};["Thigh_Left"]={tm=0;cf=cfr(0,0,0,1,-.007,-.024,-.022,.2,-.98,.012,.98,.2);es="Linear";ed="In";};["Calf_Left"]={tm=0;cf=cfr(0,0,0,.999,-.032,.001,-.011,-.32,.947,-.03,-.947,-.32);es="Linear";ed="In";};["Foot_Left"]={tm=0;cf=cfr(0,0,0,1,-.001,.002,-.001,.51,.86,-.002,-.86,.51);es="Linear";ed="In";};};}