-- // converted using mech's animoduler
local cfr = CFrame.new

return {{tm=0;["Foot_Right_end"]={tm=.017;cf=cfr(-4.619,-8.453,3.423,.672,-.572,.471,-.702,-.694,.16,.236,-.438,-.867);es="Linear";ed="In";};["Foot_Left_end"]={tm=.017;cf=cfr(.011,-.513,2.752,1,-.007,-.007,-.007,.008,-1,.007,1,.008);es="Linear";ed="In";};["RootNode"]={tm=.017;cf=cfr(0,0,0,-1,0,0,0,1,0,0,0,-1);es="Linear";ed="In";};["Head_end"]={tm=.017;cf=cfr(-.669,-1.131,1.59,.594,-.629,.501,.784,.593,-.184,-.182,.502,.846);es="Linear";ed="In";};["Fingers_Left_end"]={tm=.017;cf=cfr(.813,.056,2.151,.445,.474,-.76,-.345,-.692,-.634,-.826,.545,-.144);es="Linear";ed="In";};["MinosPrime"]={tm=.017;cf=cfr(0,0,0,1,0,0,0,1,0,0,0,1);es="Linear";ed="In";};["Fingers_Right_end"]={tm=.017;cf=cfr(-.585,8.634,-.45,.154,-.544,-.825,.37,.806,-.462,.916,-.234,.326);es="Linear";ed="In";};["Armature.001"]={tm=.017;cf=cfr(0,0,0,1,0,0,0,1,0,0,0,1);es="Linear";ed="In";};["Root"]={tm=.017;cf=cfr(-.029,-3.639,0,1,0,0,0,1,0,0,0,1);es="Linear";ed="In";};["Spine01"]={tm=.017;cf=cfr(0,0,0,.662,.248,.707,-.074,.961,-.267,-.746,.124,.655);es="Linear";ed="In";};["Spine02"]={tm=.017;cf=cfr(0,0,0,.862,.361,-.356,-.505,.669,-.545,.041,.649,.759);es="Linear";ed="In";};["Spine03"]={tm=.017;cf=cfr(0,0,0,.939,.341,.052,-.322,.809,.493,.126,-.479,.869);es="Linear";ed="In";};["Clavicle_Right"]={tm=.017;cf=cfr(0,0,0,.941,-.278,-.192,.237,.949,-.21,.241,.153,.959);es="Linear";ed="In";};["UpperArm_Right"]={tm=.017;cf=cfr(0,0,0,.79,.484,.377,.159,.431,-.888,-.592,.761,.263);es="Linear";ed="In";};["LowerArm_Right"]={tm=.017;cf=cfr(0,0,0,.526,-.062,-.848,-.166,.971,-.173,.834,.232,.5);es="Linear";ed="In";};["Wrist_Right"]={tm=.017;cf=cfr(0,0,0,1,0,0,0,.997,.077,0,-.077,.997);es="Linear";ed="In";};["Hand_Right"]={tm=.017;cf=cfr(0,0,0,1,0,0,0,.415,-.91,0,.91,.415);es="Linear";ed="In";};["Fingers_Right"]={tm=.017;cf=cfr(0,0,-.004,1,0,0,0,-.175,-.985,0,.985,-.175);es="Linear";ed="In";};["Clavicle_Left"]={tm=.017;cf=cfr(0,0,0,1,0,0,0,1,0,0,0,1);es="Linear";ed="In";};["UpperArm_Left"]={tm=.017;cf=cfr(0,0,0,.861,-.104,-.498,.298,.896,.329,.412,-.432,.803);es="Linear";ed="In";};["LowerArm_Left"]={tm=.017;cf=cfr(0,0,0,.85,.228,-.474,-.414,-.266,-.87,-.324,.937,-.132);es="Linear";ed="In";};["Wrist_Left"]={tm=.017;cf=cfr(0,0,0,.067,0,.998,0,1,0,-.998,0,.067);es="Linear";ed="In";};["Hand_Left"]={tm=.017;cf=cfr(0,0,0,1,0,0,0,.401,-.916,0,.916,.401);es="Linear";ed="In";};["Fingers_Left"]={tm=.017;cf=cfr(0,0,0,1,0,0,0,-.111,-.994,0,.994,-.111);es="Linear";ed="In";};["Neck"]={tm=.017;cf=cfr(0,0,0,.985,.174,-.02,-.158,.833,-.53,-.076,.525,.848);es="Linear";ed="In";};["Head"]={tm=.017;cf=cfr(0,0,0,.679,.733,-.041,-.728,.664,-.171,-.098,.146,.984);es="Linear";ed="In";};["Pelvis_Right"]={tm=.017;cf=cfr(0,0,0,1,0,0,0,1,0,0,0,1);es="Linear";ed="In";};["Thigh_Right"]={tm=.017;cf=cfr(0,0,0,.997,.017,.074,.011,.931,-.365,-.075,.365,.928);es="Linear";ed="In";};["Calf_Right"]={tm=.017;cf=cfr(0,0,0,1,.006,-.004,.007,-.724,.689,.001,-.689,-.724);es="Linear";ed="In";};["Foot_Right"]={tm=.017;cf=cfr(0,0,0,1,0,0,0,.643,.766,0,-.766,.643);es="Linear";ed="In";};["Pelvis_Left"]={tm=.017;cf=cfr(0,0,0,1,0,0,0,1,0,0,0,1);es="Linear";ed="In";};["Thigh_Left"]={tm=.017;cf=cfr(0,0,0,1,-.02,-.023,-.029,-.401,-.916,.009,.916,-.401);es="Linear";ed="In";};["Calf_Left"]={tm=.017;cf=cfr(0,0,0,1,-.029,-.002,-.007,-.32,.947,-.028,-.947,-.321);es="Linear";ed="In";};["Foot_Left"]={tm=.017;cf=cfr(0,0,0,1,0,-.012,.001,.995,.1,.012,-.1,.995);es="Linear";ed="In";};};{tm=.017;["Foot_Right_end"]={tm=.016;cf=cfr(-4.619,-8.453,3.423,.672,-.572,.471,-.702,-.694,.16,.236,-.438,-.867);es="Linear";ed="In";};["Foot_Left_end"]={tm=.016;cf=cfr(.011,-.513,2.752,1,-.007,-.007,-.007,.008,-1,.007,1,.008);es="Linear";ed="In";};["RootNode"]={tm=.016;cf=cfr(0,0,0,-1,0,0,0,1,0,0,0,-1);es="Linear";ed="In";};["Head_end"]={tm=.016;cf=cfr(-.669,-1.131,1.59,.594,-.629,.501,.784,.593,-.184,-.182,.502,.846);es="Linear";ed="In";};["Fingers_Left_end"]={tm=.016;cf=cfr(.813,.056,2.151,.445,.474,-.76,-.345,-.692,-.634,-.826,.545,-.144);es="Linear";ed="In";};["MinosPrime"]={tm=.016;cf=cfr(0,0,0,1,0,0,0,1,0,0,0,1);es="Linear";ed="In";};["Fingers_Right_end"]={tm=.016;cf=cfr(-.585,8.634,-.45,.154,-.544,-.825,.37,.806,-.462,.916,-.234,.326);es="Linear";ed="In";};["Armature.001"]={tm=.016;cf=cfr(0,0,0,1,0,0,0,1,0,0,0,1);es="Linear";ed="In";};["Root"]={tm=.016;cf=cfr(-.029,-3.639,0,1,0,0,0,1,0,0,0,1);es="Linear";ed="In";};["Spine01"]={tm=.016;cf=cfr(0,0,0,.654,.323,.684,-.127,.938,-.322,-.746,.124,.655);es="Linear";ed="In";};["Spine02"]={tm=.016;cf=cfr(0,0,0,.88,.342,-.328,-.471,.708,-.526,.052,.618,.784);es="Linear";ed="In";};["Spine03"]={tm=.016;cf=cfr(0,0,0,.879,.475,.022,-.444,.802,.4,.172,-.362,.916);es="Linear";ed="In";};["Clavicle_Right"]={tm=.016;cf=cfr(0,0,0,.919,-.305,-.251,.326,.944,.046,.223,-.124,.967);es="Linear";ed="In";};["UpperArm_Right"]={tm=.016;cf=cfr(0,0,0,.897,.407,.173,.139,.111,-.984,-.42,.907,.043);es="Linear";ed="In";};["LowerArm_Right"]={tm=.016;cf=cfr(0,0,0,.526,-.062,-.848,-.166,.971,-.174,.834,.232,.5);es="Linear";ed="In";};["Wrist_Right"]={tm=.016;cf=cfr(0,0,0,1,0,0,0,.997,.076,0,-.076,.997);es="Linear";ed="In";};["Hand_Right"]={tm=.016;cf=cfr(0,0,0,1,0,0,0,.415,-.91,0,.91,.415);es="Linear";ed="In";};["Fingers_Right"]={tm=.016;cf=cfr(0,0,-.004,1,0,0,0,-.175,-.985,0,.985,-.175);es="Linear";ed="In";};["Clavicle_Left"]={tm=.016;cf=cfr(0,0,0,1,0,0,0,1,0,0,0,1);es="Linear";ed="In";};["UpperArm_Left"]={tm=.016;cf=cfr(0,0,0,.861,-.104,-.498,.298,.896,.329,.412,-.432,.803);es="Linear";ed="In";};["LowerArm_Left"]={tm=.016;cf=cfr(0,0,0,.85,.228,-.474,-.414,-.266,-.87,-.324,.937,-.132);es="Linear";ed="In";};["Wrist_Left"]={tm=.016;cf=cfr(0,0,0,.068,0,.998,0,1,0,-.998,0,.068);es="Linear";ed="In";};["Hand_Left"]={tm=.016;cf=cfr(0,0,0,1,0,0,0,.401,-.916,0,.916,.401);es="Linear";ed="In";};["Fingers_Left"]={tm=.016;cf=cfr(0,0,0,1,0,0,0,-.11,-.994,0,.994,-.11);es="Linear";ed="In";};["Neck"]={tm=.016;cf=cfr(0,0,0,.985,.174,-.02,-.158,.833,-.53,-.076,.525,.848);es="Linear";ed="In";};["Head"]={tm=.016;cf=cfr(0,0,0,.679,.733,-.041,-.728,.664,-.171,-.098,.146,.984);es="Linear";ed="In";};["Pelvis_Right"]={tm=.016;cf=cfr(0,0,0,1,0,0,0,1,0,0,0,1);es="Linear";ed="In";};["Thigh_Right"]={tm=.016;cf=cfr(0,0,0,.997,.017,.074,.011,.931,-.365,-.075,.365,.928);es="Linear";ed="In";};["Calf_Right"]={tm=.016;cf=cfr(0,0,0,1,.015,-.025,.03,-.503,.864,0,-.864,-.504);es="Linear";ed="In";};["Foot_Right"]={tm=.016;cf=cfr(0,0,0,1,.003,.023,-.022,.415,.909,-.007,-.91,.415);es="Linear";ed="In";};["Pelvis_Left"]={tm=.016;cf=cfr(0,0,0,1,0,0,0,1,0,0,0,1);es="Linear";ed="In";};["Thigh_Left"]={tm=.016;cf=cfr(0,0,0,1,-.02,-.023,-.028,-.401,-.916,.009,.916,-.401);es="Linear";ed="In";};["Calf_Left"]={tm=.016;cf=cfr(0,0,0,1,-.029,-.002,-.007,-.32,.947,-.028,-.947,-.321);es="Linear";ed="In";};["Foot_Left"]={tm=.016;cf=cfr(0,0,0,1,0,-.012,.001,.995,.099,.012,-.099,.995);es="Linear";ed="In";};};{tm=.033;["Foot_Right_end"]={tm=.017;cf=cfr(-4.619,-8.453,3.423,.672,-.572,.471,-.702,-.694,.16,.236,-.438,-.867);es="Linear";ed="In";};["Foot_Left_end"]={tm=.017;cf=cfr(.011,-.513,2.752,1,-.007,-.007,-.007,.008,-1,.007,1,.008);es="Linear";ed="In";};["RootNode"]={tm=.017;cf=cfr(0,0,0,-1,0,0,0,1,0,0,0,-1);es="Linear";ed="In";};["Head_end"]={tm=.017;cf=cfr(-.669,-1.131,1.59,.594,-.629,.501,.784,.593,-.184,-.182,.502,.846);es="Linear";ed="In";};["Fingers_Left_end"]={tm=.017;cf=cfr(.813,.056,2.151,.445,.474,-.76,-.345,-.692,-.634,-.826,.545,-.144);es="Linear";ed="In";};["MinosPrime"]={tm=.017;cf=cfr(0,0,0,1,0,0,0,1,0,0,0,1);es="Linear";ed="In";};["Fingers_Right_end"]={tm=.017;cf=cfr(-.585,8.634,-.45,.154,-.544,-.825,.37,.806,-.462,.916,-.234,.326);es="Linear";ed="In";};["Armature.001"]={tm=.017;cf=cfr(0,0,0,1,0,0,0,1,0,0,0,1);es="Linear";ed="In";};["Root"]={tm=.017;cf=cfr(-.029,-3.639,0,1,0,0,0,1,0,0,0,1);es="Linear";ed="In";};["Spine01"]={tm=.017;cf=cfr(0,0,0,.642,.397,.656,-.178,.91,-.376,-.746,.124,.655);es="Linear";ed="In";};["Spine02"]={tm=.017;cf=cfr(0,0,0,.897,.322,-.302,-.437,.744,-.505,.062,.585,.808);es="Linear";ed="In";};["Spine03"]={tm=.017;cf=cfr(0,0,0,.803,.596,-.022,-.562,.768,.309,.201,-.235,.951);es="Linear";ed="In";};["Clavicle_Right"]={tm=.017;cf=cfr(0,0,0,.896,-.314,-.315,.407,.865,.294,.18,-.391,.903);es="Linear";ed="In";};["UpperArm_Right"]={tm=.017;cf=cfr(0,0,0,.967,.254,-.002,.054,-.213,-.976,-.249,.943,-.22);es="Linear";ed="In";};["LowerArm_Right"]={tm=.017;cf=cfr(0,0,0,.526,-.062,-.848,-.166,.971,-.174,.834,.232,.5);es="Linear";ed="In";};["Wrist_Right"]={tm=.017;cf=cfr(0,0,0,1,0,0,0,.997,.075,0,-.075,.997);es="Linear";ed="In";};["Hand_Right"]={tm=.017;cf=cfr(0,0,0,1,0,0,0,.415,-.91,0,.91,.415);es="Linear";ed="In";};["Fingers_Right"]={tm=.017;cf=cfr(0,0,-.004,1,0,0,0,-.175,-.985,0,.985,-.175);es="Linear";ed="In";};["Clavicle_Left"]={tm=.017;cf=cfr(0,0,0,1,0,0,0,1,0,0,0,1);es="Linear";ed="In";};["UpperArm_Left"]={tm=.017;cf=cfr(0,0,0,.861,-.104,-.497,.298,.896,.329,.412,-.432,.803);es="Linear";ed="In";};["LowerArm_Left"]={tm=.017;cf=cfr(0,0,0,.85,.228,-.474,-.414,-.266,-.87,-.324,.937,-.132);es="Linear";ed="In";};["Wrist_Left"]={tm=.017;cf=cfr(0,0,0,.068,0,.998,0,1,0,-.998,0,.068);es="Linear";ed="In";};["Hand_Left"]={tm=.017;cf=cfr(0,0,0,1,0,0,0,.401,-.916,0,.916,.401);es="Linear";ed="In";};["Fingers_Left"]={tm=.017;cf=cfr(0,0,0,1,0,0,0,-.11,-.994,0,.994,-.11);es="Linear";ed="In";};["Neck"]={tm=.017;cf=cfr(0,0,0,.985,.174,-.02,-.158,.833,-.53,-.076,.525,.848);es="Linear";ed="In";};["Head"]={tm=.017;cf=cfr(0,0,0,.679,.733,-.041,-.728,.664,-.171,-.098,.146,.984);es="Linear";ed="In";};["Pelvis_Right"]={tm=.017;cf=cfr(0,0,0,1,0,0,0,1,0,0,0,1);es="Linear";ed="In";};["Thigh_Right"]={tm=.017;cf=cfr(0,0,0,.997,.017,.074,.011,.931,-.365,-.075,.365,.928);es="Linear";ed="In";};["Calf_Right"]={tm=.017;cf=cfr(0,0,0,.999,.018,-.049,.051,-.243,.969,.005,-.97,-.243);es="Linear";ed="In";};["Foot_Right"]={tm=.017;cf=cfr(0,0,0,.999,-.001,.046,-.045,.158,.986,-.008,-.987,.157);es="Linear";ed="In";};["Pelvis_Left"]={tm=.017;cf=cfr(0,0,0,1,0,0,0,1,0,0,0,1);es="Linear";ed="In";};["Thigh_Left"]={tm=.017;cf=cfr(0,0,0,1,-.02,-.022,-.028,-.401,-.916,.009,.916,-.401);es="Linear";ed="In";};["Calf_Left"]={tm=.017;cf=cfr(0,0,0,1,-.029,-.002,-.007,-.32,.947,-.028,-.947,-.321);es="Linear";ed="In";};["Foot_Left"]={tm=.017;cf=cfr(0,0,0,1,0,-.012,.001,.995,.098,.012,-.098,.995);es="Linear";ed="In";};};{tm=.05;["Foot_Right_end"]={tm=.017;cf=cfr(-4.619,-8.453,3.423,.672,-.572,.471,-.702,-.694,.16,.236,-.438,-.867);es="Linear";ed="In";};["Foot_Left_end"]={tm=.017;cf=cfr(.011,-.513,2.752,1,-.007,-.007,-.007,.008,-1,.007,1,.008);es="Linear";ed="In";};["RootNode"]={tm=.017;cf=cfr(0,0,0,-1,0,0,0,1,0,0,0,-1);es="Linear";ed="In";};["Head_end"]={tm=.017;cf=cfr(-.669,-1.131,1.59,.594,-.629,.501,.784,.593,-.184,-.182,.502,.846);es="Linear";ed="In";};["Fingers_Left_end"]={tm=.017;cf=cfr(.813,.056,2.151,.445,.474,-.76,-.345,-.692,-.634,-.826,.545,-.144);es="Linear";ed="In";};["MinosPrime"]={tm=.017;cf=cfr(0,0,0,1,0,0,0,1,0,0,0,1);es="Linear";ed="In";};["Fingers_Right_end"]={tm=.017;cf=cfr(-.585,8.634,-.45,.154,-.544,-.825,.37,.806,-.462,.916,-.234,.326);es="Linear";ed="In";};["Armature.001"]={tm=.017;cf=cfr(0,0,0,1,0,0,0,1,0,0,0,1);es="Linear";ed="In";};["Root"]={tm=.017;cf=cfr(-.029,-3.639,0,1,0,0,0,1,0,0,0,1);es="Linear";ed="In";};["Spine01"]={tm=.017;cf=cfr(0,0,0,.642,.396,.656,-.178,.91,-.375,-.746,.124,.655);es="Linear";ed="In";};["Spine02"]={tm=.017;cf=cfr(0,0,0,.897,.322,-.303,-.438,.743,-.506,.062,.587,.807);es="Linear";ed="In";};["Spine03"]={tm=.017;cf=cfr(0,0,0,.804,.594,-.021,-.559,.769,.311,.201,-.238,.95);es="Linear";ed="In";};["Clavicle_Right"]={tm=.017;cf=cfr(0,0,0,.896,-.315,-.314,.406,.867,.289,.181,-.386,.904);es="Linear";ed="In";};["UpperArm_Right"]={tm=.017;cf=cfr(0,0,0,.966,.258,.001,.056,-.207,-.977,-.252,.944,-.214);es="Linear";ed="In";};["LowerArm_Right"]={tm=.017;cf=cfr(0,0,0,.526,-.062,-.848,-.166,.971,-.174,.834,.232,.5);es="Linear";ed="In";};["Wrist_Right"]={tm=.017;cf=cfr(0,0,0,1,0,0,0,.997,.073,0,-.073,.997);es="Linear";ed="In";};["Hand_Right"]={tm=.017;cf=cfr(0,0,0,1,0,0,0,.416,-.91,0,.91,.416);es="Linear";ed="In";};["Fingers_Right"]={tm=.017;cf=cfr(0,0,-.004,1,0,0,0,-.174,-.985,0,.985,-.174);es="Linear";ed="In";};["Clavicle_Left"]={tm=.017;cf=cfr(0,0,0,1,0,0,0,1,0,0,0,1);es="Linear";ed="In";};["UpperArm_Left"]={tm=.017;cf=cfr(0,0,0,.861,-.104,-.497,.298,.896,.329,.412,-.432,.803);es="Linear";ed="In";};["LowerArm_Left"]={tm=.017;cf=cfr(0,0,0,.85,.228,-.474,-.414,-.266,-.871,-.324,.937,-.132);es="Linear";ed="In";};["Wrist_Left"]={tm=.017;cf=cfr(0,0,0,.068,0,.998,0,1,0,-.998,0,.068);es="Linear";ed="In";};["Hand_Left"]={tm=.017;cf=cfr(0,0,0,1,0,0,0,.402,-.916,0,.916,.402);es="Linear";ed="In";};["Fingers_Left"]={tm=.017;cf=cfr(0,0,0,1,0,0,0,-.11,-.994,0,.994,-.11);es="Linear";ed="In";};["Neck"]={tm=.017;cf=cfr(0,0,0,.985,.174,-.02,-.158,.833,-.53,-.076,.525,.848);es="Linear";ed="In";};["Head"]={tm=.017;cf=cfr(0,0,0,.679,.733,-.041,-.728,.664,-.171,-.098,.146,.984);es="Linear";ed="In";};["Pelvis_Right"]={tm=.017;cf=cfr(0,0,0,1,0,0,0,1,0,0,0,1);es="Linear";ed="In";};["Thigh_Right"]={tm=.017;cf=cfr(0,0,0,.997,.017,.074,.011,.931,-.365,-.075,.365,.928);es="Linear";ed="In";};["Calf_Right"]={tm=.017;cf=cfr(0,0,0,.999,.018,-.049,.051,-.245,.968,.005,-.969,-.245);es="Linear";ed="In";};["Foot_Right"]={tm=.017;cf=cfr(0,0,0,.999,-.001,.046,-.045,.158,.986,-.008,-.987,.158);es="Linear";ed="In";};["Pelvis_Left"]={tm=.017;cf=cfr(0,0,0,1,0,0,0,1,0,0,0,1);es="Linear";ed="In";};["Thigh_Left"]={tm=.017;cf=cfr(0,0,0,1,-.019,-.022,-.028,-.401,-.916,.009,.916,-.401);es="Linear";ed="In";};["Calf_Left"]={tm=.017;cf=cfr(0,0,0,1,-.029,-.002,-.007,-.32,.947,-.028,-.947,-.321);es="Linear";ed="In";};["Foot_Left"]={tm=.017;cf=cfr(0,0,0,1,0,-.012,.001,.995,.097,.012,-.097,.995);es="Linear";ed="In";};};{tm=.067;["Foot_Right_end"]={tm=.016;cf=cfr(-4.619,-8.453,3.423,.672,-.572,.471,-.702,-.694,.16,.236,-.438,-.867);es="Linear";ed="In";};["Foot_Left_end"]={tm=.016;cf=cfr(.011,-.513,2.752,1,-.007,-.007,-.007,.008,-1,.007,1,.008);es="Linear";ed="In";};["RootNode"]={tm=.016;cf=cfr(0,0,0,-1,0,0,0,1,0,0,0,-1);es="Linear";ed="In";};["Head_end"]={tm=.016;cf=cfr(-.669,-1.131,1.59,.594,-.629,.501,.784,.593,-.184,-.182,.502,.846);es="Linear";ed="In";};["Fingers_Left_end"]={tm=.016;cf=cfr(.813,.056,2.151,.445,.474,-.76,-.345,-.692,-.634,-.826,.545,-.144);es="Linear";ed="In";};["MinosPrime"]={tm=.016;cf=cfr(0,0,0,1,0,0,0,1,0,0,0,1);es="Linear";ed="In";};["Fingers_Right_end"]={tm=.016;cf=cfr(-.585,8.634,-.45,.154,-.544,-.825,.37,.806,-.462,.916,-.234,.326);es="Linear";ed="In";};["Armature.001"]={tm=.016;cf=cfr(0,0,0,1,0,0,0,1,0,0,0,1);es="Linear";ed="In";};["Root"]={tm=.016;cf=cfr(-.029,-3.639,0,1,0,0,0,1,0,0,0,1);es="Linear";ed="In";};["Spine01"]={tm=.016;cf=cfr(0,0,0,.644,.387,.66,-.172,.913,-.369,-.746,.124,.655);es="Linear";ed="In";};["Spine02"]={tm=.016;cf=cfr(0,0,0,.897,.323,-.304,-.439,.742,-.507,.062,.588,.807);es="Linear";ed="In";};["Spine03"]={tm=.016;cf=cfr(0,0,0,.816,.578,-.014,-.543,.775,.323,.198,-.256,.946);es="Linear";ed="In";};["Clavicle_Right"]={tm=.016;cf=cfr(0,0,0,.898,-.317,-.306,.398,.881,.255,.189,-.351,.917);es="Linear";ed="In";};["UpperArm_Right"]={tm=.016;cf=cfr(0,0,0,.959,.282,.021,.071,-.166,-.984,-.274,.945,-.179);es="Linear";ed="In";};["LowerArm_Right"]={tm=.016;cf=cfr(0,0,0,.526,-.062,-.848,-.166,.971,-.174,.834,.232,.5);es="Linear";ed="In";};["Wrist_Right"]={tm=.016;cf=cfr(0,0,0,1,0,0,0,.997,.072,0,-.072,.997);es="Linear";ed="In";};["Hand_Right"]={tm=.016;cf=cfr(0,0,0,1,0,0,0,.416,-.91,0,.91,.416);es="Linear";ed="In";};["Fingers_Right"]={tm=.016;cf=cfr(0,0,-.004,1,0,0,0,-.174,-.985,0,.985,-.174);es="Linear";ed="In";};["Clavicle_Left"]={tm=.016;cf=cfr(0,0,0,1,0,0,0,1,0,0,0,1);es="Linear";ed="In";};["UpperArm_Left"]={tm=.016;cf=cfr(0,0,0,.861,-.104,-.497,.298,.896,.329,.412,-.432,.803);es="Linear";ed="In";};["LowerArm_Left"]={tm=.016;cf=cfr(0,0,0,.85,.228,-.474,-.414,-.266,-.871,-.325,.937,-.132);es="Linear";ed="In";};["Wrist_Left"]={tm=.016;cf=cfr(0,0,0,.068,0,.998,-.001,1,0,-.998,-.001,.068);es="Linear";ed="In";};["Hand_Left"]={tm=.016;cf=cfr(0,0,0,1,0,0,0,.402,-.916,0,.916,.402);es="Linear";ed="In";};["Fingers_Left"]={tm=.016;cf=cfr(0,0,0,1,0,0,0,-.11,-.994,0,.994,-.11);es="Linear";ed="In";};["Neck"]={tm=.016;cf=cfr(0,0,0,.985,.174,-.02,-.158,.833,-.53,-.076,.525,.848);es="Linear";ed="In";};["Head"]={tm=.016;cf=cfr(0,0,0,.679,.733,-.041,-.728,.664,-.171,-.098,.146,.984);es="Linear";ed="In";};["Pelvis_Right"]={tm=.016;cf=cfr(0,0,0,1,0,0,0,1,0,0,0,1);es="Linear";ed="In";};["Thigh_Right"]={tm=.016;cf=cfr(0,0,0,.997,.018,.074,.011,.931,-.365,-.075,.365,.928);es="Linear";ed="In";};["Calf_Right"]={tm=.016;cf=cfr(0,0,0,.999,.018,-.048,.051,-.247,.968,.005,-.969,-.248);es="Linear";ed="In";};["Foot_Right"]={tm=.016;cf=cfr(0,0,0,.999,0,.045,-.044,.171,.984,-.008,-.985,.171);es="Linear";ed="In";};["Pelvis_Left"]={tm=.016;cf=cfr(0,0,0,1,0,0,0,1,0,0,0,1);es="Linear";ed="In";};["Thigh_Left"]={tm=.016;cf=cfr(0,0,0,1,-.019,-.022,-.028,-.401,-.916,.009,.916,-.401);es="Linear";ed="In";};["Calf_Left"]={tm=.016;cf=cfr(0,0,0,1,-.029,-.002,-.007,-.32,.947,-.028,-.947,-.321);es="Linear";ed="In";};["Foot_Left"]={tm=.016;cf=cfr(0,0,0,1,0,-.011,.001,.995,.095,.011,-.095,.995);es="Linear";ed="In";};};{tm=.083;["Foot_Right_end"]={tm=.017;cf=cfr(-4.619,-8.453,3.423,.672,-.572,.471,-.702,-.694,.16,.236,-.438,-.867);es="Linear";ed="In";};["Foot_Left_end"]={tm=.017;cf=cfr(.011,-.513,2.752,1,-.007,-.007,-.007,.008,-1,.007,1,.008);es="Linear";ed="In";};["RootNode"]={tm=.017;cf=cfr(0,0,0,-1,0,0,0,1,0,0,0,-1);es="Linear";ed="In";};["Head_end"]={tm=.017;cf=cfr(-.669,-1.131,1.59,.594,-.629,.501,.784,.593,-.184,-.182,.502,.846);es="Linear";ed="In";};["Fingers_Left_end"]={tm=.017;cf=cfr(.813,.056,2.151,.445,.474,-.76,-.345,-.692,-.634,-.826,.545,-.144);es="Linear";ed="In";};["MinosPrime"]={tm=.017;cf=cfr(0,0,0,1,0,0,0,1,0,0,0,1);es="Linear";ed="In";};["Fingers_Right_end"]={tm=.017;cf=cfr(-.585,8.634,-.45,.154,-.544,-.825,.37,.806,-.462,.916,-.234,.326);es="Linear";ed="In";};["Armature.001"]={tm=.017;cf=cfr(0,0,0,1,0,0,0,1,0,0,0,1);es="Linear";ed="In";};["Root"]={tm=.017;cf=cfr(-.029,-3.639,0,1,0,0,0,1,0,0,0,1);es="Linear";ed="In";};["Spine01"]={tm=.017;cf=cfr(0,0,0,.646,.378,.663,-.165,.917,-.362,-.746,.124,.655);es="Linear";ed="In";};["Spine02"]={tm=.017;cf=cfr(0,0,0,.894,.325,-.307,-.443,.737,-.51,.06,.592,.803);es="Linear";ed="In";};["Spine03"]={tm=.017;cf=cfr(0,0,0,.828,.561,-.007,-.526,.781,.336,.194,-.275,.942);es="Linear";ed="In";};["Clavicle_Right"]={tm=.017;cf=cfr(0,0,0,.9,-.319,-.299,.39,.894,.221,.197,-.316,.928);es="Linear";ed="In";};["UpperArm_Right"]={tm=.017;cf=cfr(0,0,0,.951,.305,.043,.085,-.124,-.989,-.297,.944,-.144);es="Linear";ed="In";};["LowerArm_Right"]={tm=.017;cf=cfr(0,0,0,.526,-.062,-.848,-.166,.971,-.174,.834,.232,.5);es="Linear";ed="In";};["Wrist_Right"]={tm=.017;cf=cfr(0,0,0,1,0,0,0,.997,.071,0,-.071,.997);es="Linear";ed="In";};["Hand_Right"]={tm=.017;cf=cfr(0,0,0,1,0,0,0,.416,-.91,0,.91,.416);es="Linear";ed="In";};["Fingers_Right"]={tm=.017;cf=cfr(0,0,-.004,1,0,0,0,-.174,-.985,0,.985,-.174);es="Linear";ed="In";};["Clavicle_Left"]={tm=.017;cf=cfr(0,0,0,1,0,0,0,1,0,0,0,1);es="Linear";ed="In";};["UpperArm_Left"]={tm=.017;cf=cfr(0,0,0,.861,-.104,-.497,.298,.896,.329,.411,-.431,.803);es="Linear";ed="In";};["LowerArm_Left"]={tm=.017;cf=cfr(0,0,0,.85,.228,-.474,-.414,-.266,-.871,-.325,.937,-.132);es="Linear";ed="In";};["Wrist_Left"]={tm=.017;cf=cfr(0,0,0,.068,0,.998,-.001,1,0,-.998,-.001,.068);es="Linear";ed="In";};["Hand_Left"]={tm=.017;cf=cfr(0,0,0,1,0,0,0,.402,-.916,0,.916,.402);es="Linear";ed="In";};["Fingers_Left"]={tm=.017;cf=cfr(0,0,0,1,0,0,0,-.11,-.994,0,.994,-.11);es="Linear";ed="In";};["Neck"]={tm=.017;cf=cfr(0,0,0,.985,.174,-.02,-.158,.833,-.53,-.076,.525,.847);es="Linear";ed="In";};["Head"]={tm=.017;cf=cfr(0,0,0,.679,.733,-.041,-.728,.664,-.171,-.098,.146,.984);es="Linear";ed="In";};["Pelvis_Right"]={tm=.017;cf=cfr(0,0,0,1,0,0,0,1,0,0,0,1);es="Linear";ed="In";};["Thigh_Right"]={tm=.017;cf=cfr(0,0,0,.997,.018,.074,.01,.931,-.365,-.075,.365,.928);es="Linear";ed="In";};["Calf_Right"]={tm=.017;cf=cfr(0,0,0,.999,.018,-.048,.051,-.25,.967,.005,-.968,-.251);es="Linear";ed="In";};["Foot_Right"]={tm=.017;cf=cfr(0,0,0,.999,0,.044,-.043,.184,.982,-.008,-.983,.184);es="Linear";ed="In";};["Pelvis_Left"]={tm=.017;cf=cfr(0,0,0,1,0,0,0,1,0,0,0,1);es="Linear";ed="In";};["Thigh_Left"]={tm=.017;cf=cfr(0,0,0,1,-.019,-.022,-.028,-.401,-.916,.009,.916,-.401);es="Linear";ed="In";};["Calf_Left"]={tm=.017;cf=cfr(0,0,0,1,-.029,-.002,-.007,-.32,.947,-.028,-.947,-.321);es="Linear";ed="In";};["Foot_Left"]={tm=.017;cf=cfr(0,0,0,1,0,-.011,.001,.996,.094,.011,-.094,.996);es="Linear";ed="In";};};{tm=.1;["Foot_Right_end"]={tm=.017;cf=cfr(-4.619,-8.453,3.423,.672,-.572,.471,-.702,-.694,.16,.236,-.438,-.867);es="Linear";ed="In";};["Foot_Left_end"]={tm=.017;cf=cfr(.011,-.513,2.752,1,-.007,-.007,-.007,.008,-1,.007,1,.008);es="Linear";ed="In";};["RootNode"]={tm=.017;cf=cfr(0,0,0,-1,0,0,0,1,0,0,0,-1);es="Linear";ed="In";};["Head_end"]={tm=.017;cf=cfr(-.669,-1.131,1.59,.594,-.629,.501,.784,.593,-.184,-.182,.502,.846);es="Linear";ed="In";};["Fingers_Left_end"]={tm=.017;cf=cfr(.813,.056,2.151,.445,.474,-.76,-.345,-.692,-.634,-.826,.545,-.144);es="Linear";ed="In";};["MinosPrime"]={tm=.017;cf=cfr(0,0,0,1,0,0,0,1,0,0,0,1);es="Linear";ed="In";};["Fingers_Right_end"]={tm=.017;cf=cfr(-.585,8.634,-.45,.154,-.544,-.825,.37,.806,-.462,.916,-.234,.326);es="Linear";ed="In";};["Armature.001"]={tm=.017;cf=cfr(0,0,0,1,0,0,0,1,0,0,0,1);es="Linear";ed="In";};["Root"]={tm=.017;cf=cfr(-.029,-3.639,0,1,0,0,0,1,0,0,0,1);es="Linear";ed="In";};["Spine01"]={tm=.017;cf=cfr(0,0,0,.647,.369,.667,-.159,.921,-.356,-.746,.124,.655);es="Linear";ed="In";};["Spine02"]={tm=.017;cf=cfr(0,0,0,.892,.328,-.31,-.448,.733,-.513,.059,.596,.8);es="Linear";ed="In";};["Spine03"]={tm=.017;cf=cfr(0,0,0,.839,.544,-.001,-.51,.786,.349,.191,-.293,.937);es="Linear";ed="In";};["Clavicle_Right"]={tm=.017;cf=cfr(0,0,0,.901,-.32,-.292,.382,.905,.187,.204,-.28,.938);es="Linear";ed="In";};["UpperArm_Right"]={tm=.017;cf=cfr(0,0,0,.943,.327,.066,.097,-.081,-.992,-.319,.941,-.108);es="Linear";ed="In";};["LowerArm_Right"]={tm=.017;cf=cfr(0,0,0,.526,-.062,-.848,-.166,.971,-.174,.834,.232,.5);es="Linear";ed="In";};["Wrist_Right"]={tm=.017;cf=cfr(0,0,0,1,0,0,0,.998,.07,0,-.07,.998);es="Linear";ed="In";};["Hand_Right"]={tm=.017;cf=cfr(0,0,0,1,0,0,0,.416,-.909,0,.909,.416);es="Linear";ed="In";};["Fingers_Right"]={tm=.017;cf=cfr(0,0,-.004,1,0,0,0,-.174,-.985,0,.985,-.174);es="Linear";ed="In";};["Clavicle_Left"]={tm=.017;cf=cfr(0,0,0,1,0,0,0,1,0,0,0,1);es="Linear";ed="In";};["UpperArm_Left"]={tm=.017;cf=cfr(0,0,0,.861,-.104,-.497,.298,.896,.329,.411,-.431,.803);es="Linear";ed="In";};["LowerArm_Left"]={tm=.017;cf=cfr(0,0,0,.85,.228,-.474,-.414,-.266,-.871,-.325,.937,-.132);es="Linear";ed="In";};["Wrist_Left"]={tm=.017;cf=cfr(0,0,0,.068,0,.998,-.001,1,0,-.998,-.001,.068);es="Linear";ed="In";};["Hand_Left"]={tm=.017;cf=cfr(0,0,0,1,0,0,0,.402,-.916,0,.916,.402);es="Linear";ed="In";};["Fingers_Left"]={tm=.017;cf=cfr(0,0,0,1,0,0,0,-.11,-.994,0,.994,-.11);es="Linear";ed="In";};["Neck"]={tm=.017;cf=cfr(0,0,0,.985,.174,-.02,-.158,.833,-.53,-.076,.525,.847);es="Linear";ed="In";};["Head"]={tm=.017;cf=cfr(0,0,0,.679,.733,-.041,-.728,.664,-.171,-.098,.146,.984);es="Linear";ed="In";};["Pelvis_Right"]={tm=.017;cf=cfr(0,0,0,1,0,0,0,1,0,0,0,1);es="Linear";ed="In";};["Thigh_Right"]={tm=.017;cf=cfr(0,0,0,.997,.018,.073,.01,.931,-.365,-.075,.365,.928);es="Linear";ed="In";};["Calf_Right"]={tm=.017;cf=cfr(0,0,0,.999,.018,-.048,.051,-.254,.966,.005,-.967,-.254);es="Linear";ed="In";};["Foot_Right"]={tm=.017;cf=cfr(0,0,0,.999,0,.043,-.042,.197,.979,-.008,-.98,.197);es="Linear";ed="In";};["Pelvis_Left"]={tm=.017;cf=cfr(0,0,0,1,0,0,0,1,0,0,0,1);es="Linear";ed="In";};["Thigh_Left"]={tm=.017;cf=cfr(0,0,0,1,-.019,-.022,-.028,-.401,-.916,.009,.916,-.401);es="Linear";ed="In";};["Calf_Left"]={tm=.017;cf=cfr(0,0,0,1,-.029,-.002,-.007,-.32,.947,-.028,-.947,-.321);es="Linear";ed="In";};["Foot_Left"]={tm=.017;cf=cfr(0,0,0,1,0,-.011,.001,.996,.093,.011,-.093,.996);es="Linear";ed="In";};};{tm=.117;["Foot_Right_end"]={tm=.016;cf=cfr(-4.619,-8.453,3.423,.672,-.572,.471,-.702,-.694,.16,.236,-.438,-.867);es="Linear";ed="In";};["Foot_Left_end"]={tm=.016;cf=cfr(.011,-.513,2.752,1,-.007,-.007,-.007,.008,-1,.007,1,.008);es="Linear";ed="In";};["RootNode"]={tm=.016;cf=cfr(0,0,0,-1,0,0,0,1,0,0,0,-1);es="Linear";ed="In";};["Head_end"]={tm=.016;cf=cfr(-.669,-1.131,1.59,.594,-.629,.501,.784,.593,-.184,-.182,.502,.846);es="Linear";ed="In";};["Fingers_Left_end"]={tm=.016;cf=cfr(.813,.056,2.151,.445,.474,-.76,-.345,-.692,-.634,-.826,.545,-.144);es="Linear";ed="In";};["MinosPrime"]={tm=.016;cf=cfr(0,0,0,1,0,0,0,1,0,0,0,1);es="Linear";ed="In";};["Fingers_Right_end"]={tm=.016;cf=cfr(-.585,8.634,-.45,.154,-.544,-.825,.37,.806,-.462,.916,-.234,.326);es="Linear";ed="In";};["Armature.001"]={tm=.016;cf=cfr(0,0,0,1,0,0,0,1,0,0,0,1);es="Linear";ed="In";};["Root"]={tm=.016;cf=cfr(-.029,-3.639,0,1,0,0,0,1,0,0,0,1);es="Linear";ed="In";};["Spine01"]={tm=.016;cf=cfr(0,0,0,.649,.36,.67,-.153,.925,-.349,-.746,.124,.655);es="Linear";ed="In";};["Spine02"]={tm=.016;cf=cfr(0,0,0,.89,.331,-.314,-.452,.728,-.515,.058,.601,.797);es="Linear";ed="In";};["Spine03"]={tm=.016;cf=cfr(0,0,0,.85,.527,.006,-.493,.791,.363,.186,-.311,.932);es="Linear";ed="In";};["Clavicle_Right"]={tm=.016;cf=cfr(0,0,0,.903,-.321,-.284,.373,.915,.152,.211,-.243,.947);es="Linear";ed="In";};["UpperArm_Right"]={tm=.016;cf=cfr(0,0,0,.933,.348,.089,.109,-.038,-.993,-.343,.937,-.074);es="Linear";ed="In";};["LowerArm_Right"]={tm=.016;cf=cfr(0,0,0,.526,-.062,-.848,-.166,.971,-.174,.834,.232,.5);es="Linear";ed="In";};["Wrist_Right"]={tm=.016;cf=cfr(0,0,0,1,0,0,0,.998,.069,0,-.069,.998);es="Linear";ed="In";};["Hand_Right"]={tm=.016;cf=cfr(0,0,0,1,0,0,0,.416,-.909,0,.909,.416);es="Linear";ed="In";};["Fingers_Right"]={tm=.016;cf=cfr(0,0,-.004,1,0,0,0,-.174,-.985,0,.985,-.174);es="Linear";ed="In";};["Clavicle_Left"]={tm=.016;cf=cfr(0,0,0,1,0,0,0,1,0,0,0,1);es="Linear";ed="In";};["UpperArm_Left"]={tm=.016;cf=cfr(0,0,0,.861,-.104,-.497,.298,.896,.329,.411,-.431,.803);es="Linear";ed="In";};["LowerArm_Left"]={tm=.016;cf=cfr(0,0,0,.85,.228,-.474,-.414,-.266,-.871,-.325,.937,-.131);es="Linear";ed="In";};["Wrist_Left"]={tm=.016;cf=cfr(0,0,0,.068,0,.998,-.001,1,0,-.998,-.001,.068);es="Linear";ed="In";};["Hand_Left"]={tm=.016;cf=cfr(0,0,0,1,0,0,0,.402,-.916,0,.916,.402);es="Linear";ed="In";};["Fingers_Left"]={tm=.016;cf=cfr(0,0,0,1,0,0,0,-.11,-.994,0,.994,-.11);es="Linear";ed="In";};["Neck"]={tm=.016;cf=cfr(0,0,0,.985,.174,-.02,-.158,.833,-.531,-.076,.525,.847);es="Linear";ed="In";};["Head"]={tm=.016;cf=cfr(0,0,0,.679,.733,-.041,-.728,.664,-.171,-.098,.146,.984);es="Linear";ed="In";};["Pelvis_Right"]={tm=.016;cf=cfr(0,0,0,1,0,0,0,1,0,0,0,1);es="Linear";ed="In";};["Thigh_Right"]={tm=.016;cf=cfr(0,0,0,.997,.018,.073,.01,.931,-.365,-.075,.365,.928);es="Linear";ed="In";};["Calf_Right"]={tm=.016;cf=cfr(0,0,0,.999,.018,-.047,.05,-.257,.965,.005,-.966,-.257);es="Linear";ed="In";};["Foot_Right"]={tm=.016;cf=cfr(0,0,0,.999,.001,.042,-.041,.21,.977,-.008,-.978,.21);es="Linear";ed="In";};["Pelvis_Left"]={tm=.016;cf=cfr(0,0,0,1,0,0,0,1,0,0,0,1);es="Linear";ed="In";};["Thigh_Left"]={tm=.016;cf=cfr(0,0,0,1,-.019,-.022,-.028,-.401,-.916,.009,.916,-.401);es="Linear";ed="In";};["Calf_Left"]={tm=.016;cf=cfr(0,0,0,1,-.029,-.002,-.007,-.32,.947,-.028,-.947,-.321);es="Linear";ed="In";};["Foot_Left"]={tm=.016;cf=cfr(0,0,0,1,0,-.011,.001,.996,.091,.011,-.091,.996);es="Linear";ed="In";};};{tm=.133;["Foot_Right_end"]={tm=.0169;cf=cfr(-4.619,-8.453,3.423,.672,-.572,.471,-.702,-.694,.16,.236,-.438,-.867);es="Linear";ed="In";};["Foot_Left_end"]={tm=.0169;cf=cfr(.011,-.513,2.752,1,-.007,-.007,-.007,.008,-1,.007,1,.008);es="Linear";ed="In";};["RootNode"]={tm=.0169;cf=cfr(0,0,0,-1,0,0,0,1,0,0,0,-1);es="Linear";ed="In";};["Head_end"]={tm=.0169;cf=cfr(-.669,-1.131,1.59,.594,-.629,.501,.784,.593,-.184,-.182,.502,.846);es="Linear";ed="In";};["Fingers_Left_end"]={tm=.0169;cf=cfr(.813,.056,2.151,.445,.474,-.76,-.345,-.692,-.634,-.826,.545,-.144);es="Linear";ed="In";};["MinosPrime"]={tm=.0169;cf=cfr(0,0,0,1,0,0,0,1,0,0,0,1);es="Linear";ed="In";};["Fingers_Right_end"]={tm=.0169;cf=cfr(-.585,8.634,-.45,.154,-.544,-.825,.37,.806,-.462,.916,-.234,.326);es="Linear";ed="In";};["Armature.001"]={tm=.0169;cf=cfr(0,0,0,1,0,0,0,1,0,0,0,1);es="Linear";ed="In";};["Root"]={tm=.0169;cf=cfr(-.029,-3.639,0,1,0,0,0,1,0,0,0,1);es="Linear";ed="In";};["Spine01"]={tm=.0169;cf=cfr(0,0,0,.65,.351,.674,-.146,.928,-.342,-.746,.124,.655);es="Linear";ed="In";};["Spine02"]={tm=.0169;cf=cfr(0,0,0,.888,.333,-.317,-.457,.723,-.518,.057,.605,.794);es="Linear";ed="In";};["Spine03"]={tm=.0169;cf=cfr(0,0,0,.86,.509,.012,-.476,.795,.376,.182,-.329,.927);es="Linear";ed="In";};["Clavicle_Right"]={tm=.0169;cf=cfr(0,0,0,.905,-.322,-.276,.364,.924,.117,.218,-.206,.954);es="Linear";ed="In";};["UpperArm_Right"]={tm=.0169;cf=cfr(0,0,0,.923,.368,.113,.12,.005,-.993,-.366,.93,-.039);es="Linear";ed="In";};["LowerArm_Right"]={tm=.0169;cf=cfr(0,0,0,.526,-.062,-.848,-.166,.971,-.174,.834,.232,.5);es="Linear";ed="In";};["Wrist_Right"]={tm=.0169;cf=cfr(0,0,0,1,0,0,0,.998,.068,0,-.068,.998);es="Linear";ed="In";};["Hand_Right"]={tm=.0169;cf=cfr(0,0,0,1,0,0,0,.416,-.909,0,.909,.416);es="Linear";ed="In";};["Fingers_Right"]={tm=.0169;cf=cfr(0,0,-.004,1,0,0,0,-.174,-.985,0,.985,-.174);es="Linear";ed="In";};["Clavicle_Left"]={tm=.0169;cf=cfr(0,0,0,1,0,0,0,1,0,0,0,1);es="Linear";ed="In";};["UpperArm_Left"]={tm=.0169;cf=cfr(0,0,0,.861,-.104,-.497,.298,.896,.329,.411,-.431,.803);es="Linear";ed="In";};["LowerArm_Left"]={tm=.0169;cf=cfr(0,0,0,.85,.228,-.474,-.414,-.266,-.871,-.325,.937,-.131);es="Linear";ed="In";};["Wrist_Left"]={tm=.0169;cf=cfr(0,0,0,.068,0,.998,-.001,1,0,-.998,-.001,.068);es="Linear";ed="In";};["Hand_Left"]={tm=.0169;cf=cfr(0,0,0,1,0,0,0,.402,-.916,0,.916,.402);es="Linear";ed="In";};["Fingers_Left"]={tm=.0169;cf=cfr(0,0,0,1,0,0,0,-.11,-.994,0,.994,-.11);es="Linear";ed="In";};["Neck"]={tm=.0169;cf=cfr(0,0,0,.985,.174,-.02,-.158,.833,-.531,-.076,.526,.847);es="Linear";ed="In";};["Head"]={tm=.0169;cf=cfr(0,0,0,.679,.733,-.041,-.728,.664,-.171,-.098,.146,.984);es="Linear";ed="In";};["Pelvis_Right"]={tm=.0169;cf=cfr(0,0,0,1,0,0,0,1,0,0,0,1);es="Linear";ed="In";};["Thigh_Right"]={tm=.0169;cf=cfr(0,0,0,.997,.018,.073,.01,.931,-.365,-.075,.365,.928);es="Linear";ed="In";};["Calf_Right"]={tm=.0169;cf=cfr(0,0,0,.999,.018,-.047,.05,-.26,.964,.005,-.965,-.261);es="Linear";ed="In";};["Foot_Right"]={tm=.0169;cf=cfr(0,0,0,.999,.001,.041,-.04,.223,.974,-.008,-.975,.223);es="Linear";ed="In";};["Pelvis_Left"]={tm=.0169;cf=cfr(0,0,0,1,0,0,0,1,0,0,0,1);es="Linear";ed="In";};["Thigh_Left"]={tm=.0169;cf=cfr(0,0,0,1,-.019,-.022,-.028,-.401,-.916,.009,.916,-.401);es="Linear";ed="In";};["Calf_Left"]={tm=.0169;cf=cfr(0,0,0,1,-.029,-.002,-.007,-.32,.947,-.028,-.947,-.321);es="Linear";ed="In";};["Foot_Left"]={tm=.0169;cf=cfr(0,0,0,1,0,-.011,.001,.996,.09,.011,-.09,.996);es="Linear";ed="In";};};{tm=.15;["Foot_Right_end"]={tm=.0170;cf=cfr(-4.619,-8.453,3.423,.672,-.572,.471,-.702,-.694,.16,.236,-.438,-.867);es="Linear";ed="In";};["Foot_Left_end"]={tm=.0170;cf=cfr(.011,-.513,2.752,1,-.007,-.007,-.007,.008,-1,.007,1,.008);es="Linear";ed="In";};["RootNode"]={tm=.0170;cf=cfr(0,0,0,-1,0,0,0,1,0,0,0,-1);es="Linear";ed="In";};["Head_end"]={tm=.0170;cf=cfr(-.669,-1.131,1.59,.594,-.629,.501,.784,.593,-.184,-.182,.502,.846);es="Linear";ed="In";};["Fingers_Left_end"]={tm=.0170;cf=cfr(.813,.056,2.151,.445,.474,-.76,-.345,-.692,-.634,-.826,.545,-.144);es="Linear";ed="In";};["MinosPrime"]={tm=.0170;cf=cfr(0,0,0,1,0,0,0,1,0,0,0,1);es="Linear";ed="In";};["Fingers_Right_end"]={tm=.0170;cf=cfr(-.585,8.634,-.45,.154,-.544,-.825,.37,.806,-.462,.916,-.234,.326);es="Linear";ed="In";};["Armature.001"]={tm=.0170;cf=cfr(0,0,0,1,0,0,0,1,0,0,0,1);es="Linear";ed="In";};["Root"]={tm=.0170;cf=cfr(-.029,-3.639,0,1,0,0,0,1,0,0,0,1);es="Linear";ed="In";};["Spine01"]={tm=.0170;cf=cfr(0,0,0,.652,.342,.677,-.14,.932,-.336,-.746,.124,.655);es="Linear";ed="In";};["Spine02"]={tm=.0170;cf=cfr(0,0,0,.886,.336,-.321,-.461,.718,-.521,.056,.609,.791);es="Linear";ed="In";};["Spine03"]={tm=.0170;cf=cfr(0,0,0,.871,.492,.018,-.459,.799,.389,.177,-.347,.921);es="Linear";ed="In";};["Clavicle_Right"]={tm=.0170;cf=cfr(0,0,0,.908,-.323,-.269,.355,.931,.081,.224,-.169,.96);es="Linear";ed="In";};["UpperArm_Right"]={tm=.0170;cf=cfr(0,0,0,.912,.386,.138,.13,.049,-.99,-.389,.921,-.006);es="Linear";ed="In";};["LowerArm_Right"]={tm=.0170;cf=cfr(0,0,0,.526,-.062,-.848,-.166,.971,-.174,.834,.232,.5);es="Linear";ed="In";};["Wrist_Right"]={tm=.0170;cf=cfr(0,0,0,1,0,0,0,.998,.067,0,-.067,.998);es="Linear";ed="In";};["Hand_Right"]={tm=.0170;cf=cfr(0,0,0,1,0,0,0,.416,-.909,0,.909,.416);es="Linear";ed="In";};["Fingers_Right"]={tm=.0170;cf=cfr(0,0,-.004,1,0,0,0,-.174,-.985,0,.985,-.174);es="Linear";ed="In";};["Clavicle_Left"]={tm=.0170;cf=cfr(0,0,0,1,0,0,0,1,0,0,0,1);es="Linear";ed="In";};["UpperArm_Left"]={tm=.0170;cf=cfr(0,0,0,.861,-.104,-.497,.298,.896,.329,.411,-.431,.803);es="Linear";ed="In";};["LowerArm_Left"]={tm=.0170;cf=cfr(0,0,0,.85,.228,-.474,-.414,-.266,-.871,-.325,.937,-.131);es="Linear";ed="In";};["Wrist_Left"]={tm=.0170;cf=cfr(0,0,0,.068,0,.998,-.001,1,0,-.998,-.001,.068);es="Linear";ed="In";};["Hand_Left"]={tm=.0170;cf=cfr(0,0,0,1,0,0,0,.402,-.916,0,.916,.402);es="Linear";ed="In";};["Fingers_Left"]={tm=.0170;cf=cfr(0,0,0,1,0,0,0,-.11,-.994,0,.994,-.11);es="Linear";ed="In";};["Neck"]={tm=.0170;cf=cfr(0,0,0,.985,.174,-.02,-.158,.833,-.531,-.076,.526,.847);es="Linear";ed="In";};["Head"]={tm=.0170;cf=cfr(0,0,0,.679,.733,-.041,-.728,.664,-.171,-.098,.146,.984);es="Linear";ed="In";};["Pelvis_Right"]={tm=.0170;cf=cfr(0,0,0,1,0,0,0,1,0,0,0,1);es="Linear";ed="In";};["Thigh_Right"]={tm=.0170;cf=cfr(0,0,0,.997,.018,.073,.01,.931,-.365,-.075,.365,.928);es="Linear";ed="In";};["Calf_Right"]={tm=.0170;cf=cfr(0,0,0,.999,.018,-.047,.05,-.263,.963,.005,-.965,-.264);es="Linear";ed="In";};["Foot_Right"]={tm=.0170;cf=cfr(0,0,0,.999,.001,.04,-.039,.236,.971,-.008,-.972,.235);es="Linear";ed="In";};["Pelvis_Left"]={tm=.0170;cf=cfr(0,0,0,1,0,0,0,1,0,0,0,1);es="Linear";ed="In";};["Thigh_Left"]={tm=.0170;cf=cfr(0,0,0,1,-.019,-.022,-.028,-.401,-.916,.009,.916,-.401);es="Linear";ed="In";};["Calf_Left"]={tm=.0170;cf=cfr(0,0,0,1,-.029,-.002,-.007,-.32,.947,-.028,-.947,-.321);es="Linear";ed="In";};["Foot_Left"]={tm=.0170;cf=cfr(0,0,0,1,0,-.011,.001,.996,.089,.011,-.089,.996);es="Linear";ed="In";};};{tm=.167;["Foot_Right_end"]={tm=.0159;cf=cfr(-4.619,-8.453,3.423,.672,-.572,.471,-.702,-.694,.16,.236,-.438,-.867);es="Linear";ed="In";};["Foot_Left_end"]={tm=.0159;cf=cfr(.011,-.513,2.752,1,-.007,-.007,-.007,.008,-1,.007,1,.008);es="Linear";ed="In";};["RootNode"]={tm=.0159;cf=cfr(0,0,0,-1,0,0,0,1,0,0,0,-1);es="Linear";ed="In";};["Head_end"]={tm=.0159;cf=cfr(-.669,-1.131,1.59,.594,-.629,.501,.784,.593,-.184,-.182,.502,.846);es="Linear";ed="In";};["Fingers_Left_end"]={tm=.0159;cf=cfr(.813,.056,2.151,.445,.474,-.76,-.345,-.692,-.634,-.826,.545,-.144);es="Linear";ed="In";};["MinosPrime"]={tm=.0159;cf=cfr(0,0,0,1,0,0,0,1,0,0,0,1);es="Linear";ed="In";};["Fingers_Right_end"]={tm=.0159;cf=cfr(-.585,8.634,-.45,.154,-.544,-.825,.37,.806,-.462,.916,-.234,.326);es="Linear";ed="In";};["Armature.001"]={tm=.0159;cf=cfr(0,0,0,1,0,0,0,1,0,0,0,1);es="Linear";ed="In";};["Root"]={tm=.0159;cf=cfr(-.029,-3.639,0,1,0,0,0,1,0,0,0,1);es="Linear";ed="In";};["Spine01"]={tm=.0159;cf=cfr(0,0,0,.653,.332,.68,-.133,.935,-.329,-.746,.124,.655);es="Linear";ed="In";};["Spine02"]={tm=.0159;cf=cfr(0,0,0,.883,.339,-.324,-.466,.714,-.523,.054,.613,.788);es="Linear";ed="In";};["Spine03"]={tm=.0159;cf=cfr(0,0,0,.88,.474,.023,-.442,.802,.402,.172,-.364,.915);es="Linear";ed="In";};["Clavicle_Right"]={tm=.0159;cf=cfr(0,0,0,.91,-.323,-.261,.346,.937,.045,.23,-.132,.964);es="Linear";ed="In";};["UpperArm_Right"]={tm=.0159;cf=cfr(0,0,0,.9,.403,.164,.138,.092,-.986,-.413,.91,.027);es="Linear";ed="In";};["LowerArm_Right"]={tm=.0159;cf=cfr(0,0,0,.526,-.062,-.848,-.166,.971,-.174,.834,.232,.5);es="Linear";ed="In";};["Wrist_Right"]={tm=.0159;cf=cfr(0,0,0,1,0,0,0,.998,.066,0,-.066,.998);es="Linear";ed="In";};["Hand_Right"]={tm=.0159;cf=cfr(0,0,0,1,0,0,0,.416,-.909,0,.909,.416);es="Linear";ed="In";};["Fingers_Right"]={tm=.0159;cf=cfr(0,0,-.004,1,0,0,0,-.174,-.985,0,.985,-.174);es="Linear";ed="In";};["Clavicle_Left"]={tm=.0159;cf=cfr(0,0,0,1,0,0,0,1,0,0,0,1);es="Linear";ed="In";};["UpperArm_Left"]={tm=.0159;cf=cfr(0,0,0,.861,-.104,-.497,.298,.896,.329,.411,-.431,.803);es="Linear";ed="In";};["LowerArm_Left"]={tm=.0159;cf=cfr(0,0,0,.85,.228,-.474,-.414,-.266,-.871,-.325,.937,-.131);es="Linear";ed="In";};["Wrist_Left"]={tm=.0159;cf=cfr(0,0,0,.068,0,.998,-.001,1,0,-.998,-.001,.068);es="Linear";ed="In";};["Hand_Left"]={tm=.0159;cf=cfr(0,0,0,1,0,0,0,.402,-.916,0,.916,.402);es="Linear";ed="In";};["Fingers_Left"]={tm=.0159;cf=cfr(0,0,0,1,0,0,0,-.11,-.994,0,.994,-.11);es="Linear";ed="In";};["Neck"]={tm=.0159;cf=cfr(0,0,0,.985,.174,-.02,-.158,.833,-.531,-.076,.526,.847);es="Linear";ed="In";};["Head"]={tm=.0159;cf=cfr(0,0,0,.679,.733,-.041,-.728,.664,-.171,-.098,.146,.984);es="Linear";ed="In";};["Pelvis_Right"]={tm=.0159;cf=cfr(0,0,0,1,0,0,0,1,0,0,0,1);es="Linear";ed="In";};["Thigh_Right"]={tm=.0159;cf=cfr(0,0,0,.997,.018,.073,.01,.931,-.365,-.075,.365,.928);es="Linear";ed="In";};["Calf_Right"]={tm=.0159;cf=cfr(0,0,0,.999,.018,-.047,.05,-.267,.963,.004,-.964,-.267);es="Linear";ed="In";};["Foot_Right"]={tm=.0159;cf=cfr(0,0,0,.999,.001,.039,-.038,.248,.968,-.008,-.969,.248);es="Linear";ed="In";};["Pelvis_Left"]={tm=.0159;cf=cfr(0,0,0,1,0,0,0,1,0,0,0,1);es="Linear";ed="In";};["Thigh_Left"]={tm=.0159;cf=cfr(0,0,0,1,-.019,-.022,-.028,-.401,-.916,.009,.916,-.401);es="Linear";ed="In";};["Calf_Left"]={tm=.0159;cf=cfr(0,0,0,1,-.029,-.002,-.007,-.32,.947,-.028,-.947,-.321);es="Linear";ed="In";};["Foot_Left"]={tm=.0159;cf=cfr(0,0,0,1,0,-.011,.001,.996,.088,.011,-.088,.996);es="Linear";ed="In";};};{tm=.183;["Foot_Right_end"]={tm=.0170;cf=cfr(-4.619,-8.453,3.423,.672,-.572,.471,-.702,-.694,.16,.236,-.438,-.867);es="Linear";ed="In";};["Foot_Left_end"]={tm=.0170;cf=cfr(.011,-.513,2.752,1,-.007,-.007,-.007,.008,-1,.007,1,.008);es="Linear";ed="In";};["RootNode"]={tm=.0170;cf=cfr(0,0,0,-1,0,0,0,1,0,0,0,-1);es="Linear";ed="In";};["Head_end"]={tm=.0170;cf=cfr(-.669,-1.131,1.59,.594,-.629,.501,.784,.593,-.184,-.182,.502,.846);es="Linear";ed="In";};["Fingers_Left_end"]={tm=.0170;cf=cfr(.813,.056,2.151,.445,.474,-.76,-.345,-.692,-.634,-.826,.545,-.144);es="Linear";ed="In";};["MinosPrime"]={tm=.0170;cf=cfr(0,0,0,1,0,0,0,1,0,0,0,1);es="Linear";ed="In";};["Fingers_Right_end"]={tm=.0170;cf=cfr(-.585,8.634,-.45,.154,-.544,-.825,.37,.806,-.462,.916,-.234,.326);es="Linear";ed="In";};["Armature.001"]={tm=.0170;cf=cfr(0,0,0,1,0,0,0,1,0,0,0,1);es="Linear";ed="In";};["Root"]={tm=.0170;cf=cfr(-.029,-3.639,0,1,0,0,0,1,0,0,0,1);es="Linear";ed="In";};["Spine01"]={tm=.0170;cf=cfr(0,0,0,.654,.323,.684,-.127,.938,-.322,-.746,.124,.655);es="Linear";ed="In";};["Spine02"]={tm=.0170;cf=cfr(0,0,0,.881,.341,-.328,-.47,.709,-.526,.053,.617,.785);es="Linear";ed="In";};["Spine03"]={tm=.0170;cf=cfr(0,0,0,.89,.455,.028,-.425,.805,.415,.166,-.381,.909);es="Linear";ed="In";};["Clavicle_Right"]={tm=.0170;cf=cfr(0,0,0,.912,-.323,-.254,.336,.942,.01,.236,-.094,.967);es="Linear";ed="In";};["UpperArm_Right"]={tm=.0170;cf=cfr(0,0,0,.888,.419,.189,.145,.135,-.98,-.436,.898,.059);es="Linear";ed="In";};["LowerArm_Right"]={tm=.0170;cf=cfr(0,0,0,.526,-.063,-.848,-.166,.971,-.174,.834,.232,.5);es="Linear";ed="In";};["Wrist_Right"]={tm=.0170;cf=cfr(0,0,0,1,0,0,0,.998,.065,0,-.065,.998);es="Linear";ed="In";};["Hand_Right"]={tm=.0170;cf=cfr(0,0,0,1,0,0,0,.416,-.909,0,.909,.416);es="Linear";ed="In";};["Fingers_Right"]={tm=.0170;cf=cfr(0,0,-.004,1,0,0,0,-.174,-.985,0,.985,-.174);es="Linear";ed="In";};["Clavicle_Left"]=