-- // converted using mech's animoduler
local cfr = CFrame.new

return {{tm=0;["Foot_Right_end"]={tm=.017;cf=cfr(-4.619,-8.453,3.423,.672,-.572,.471,-.702,-.694,.16,.236,-.438,-.867);es="Linear";ed="In";};["Foot_Left_end"]={tm=.017;cf=cfr(.011,-.513,2.752,1,-.007,-.007,-.007,.008,-1,.007,1,.008);es="Linear";ed="In";};["RootNode"]={tm=.017;cf=cfr(0,0,0,-1,0,0,0,1,0,0,0,-1);es="Linear";ed="In";};["Head_end"]={tm=.017;cf=cfr(-.669,-1.131,1.59,.594,-.629,.501,.784,.593,-.184,-.182,.502,.846);es="Linear";ed="In";};["Fingers_Left_end"]={tm=.017;cf=cfr(.813,.056,2.151,.445,.474,-.76,-.345,-.692,-.634,-.826,.545,-.144);es="Linear";ed="In";};["MinosPrime"]={tm=.017;cf=cfr(0,0,0,1,0,0,0,1,0,0,0,1);es="Linear";ed="In";};["Fingers_Right_end"]={tm=.017;cf=cfr(-.585,8.634,-.45,.154,-.544,-.825,.37,.806,-.462,.916,-.234,.326);es="Linear";ed="In";};["Armature.001"]={tm=.017;cf=cfr(0,0,0,1,0,0,0,1,0,0,0,1);es="Linear";ed="In";};["Root"]={tm=.017;cf=cfr(0,0,0,1,0,0,0,1,0,0,0,1);es="Linear";ed="In";};["Spine01"]={tm=.017;cf=cfr(0,0,0,.999,-.039,0,.039,.999,0,0,0,1);es="Linear";ed="In";};["Spine02"]={tm=.017;cf=cfr(0,0,0,1,0,0,0,1,0,0,0,1);es="Linear";ed="In";};["Spine03"]={tm=.017;cf=cfr(0,0,0,1,0,0,0,1,0,0,0,1);es="Linear";ed="In";};["Clavicle_Right"]={tm=.017;cf=cfr(0,0,0,1,0,0,0,1,0,0,0,1);es="Linear";ed="In";};["UpperArm_Right"]={tm=.017;cf=cfr(0,0,0,.981,-.143,-.131,.176,.941,.288,.081,-.306,.949);es="Linear";ed="In";};["LowerArm_Right"]={tm=.017;cf=cfr(0,0,0,.039,-.392,-.919,-.235,.891,-.39,.971,.231,-.057);es="Linear";ed="In";};["Wrist_Right"]={tm=.017;cf=cfr(0,0,0,1,0,0,0,1,0,0,0,1);es="Linear";ed="In";};["Hand_Right"]={tm=.017;cf=cfr(0,0,0,1,0,0,0,.967,-.255,0,.255,.967);es="Linear";ed="In";};["Fingers_Right"]={tm=.017;cf=cfr(0,0,-.004,1,0,0,0,.811,-.585,0,.585,.811);es="Linear";ed="In";};["Clavicle_Left"]={tm=.017;cf=cfr(0,0,0,1,0,0,0,1,0,0,0,1);es="Linear";ed="In";};["UpperArm_Left"]={tm=.017;cf=cfr(0,0,0,.965,.232,.122,-.257,.929,.267,-.052,-.289,.956);es="Linear";ed="In";};["LowerArm_Left"]={tm=.017;cf=cfr(0,0,0,.472,.311,.825,.257,.847,-.466,-.843,.432,.32);es="Linear";ed="In";};["Wrist_Left"]={tm=.017;cf=cfr(0,0,0,1,0,0,0,1,0,0,0,1);es="Linear";ed="In";};["Hand_Left"]={tm=.017;cf=cfr(0,0,0,1,0,0,0,.975,-.221,0,.221,.975);es="Linear";ed="In";};["Fingers_Left"]={tm=.017;cf=cfr(0,0,0,1,0,0,0,.867,-.498,0,.498,.867);es="Linear";ed="In";};["Neck"]={tm=.017;cf=cfr(0,0,0,1,-.03,0,.03,1,0,0,0,1);es="Linear";ed="In";};["Head"]={tm=.017;cf=cfr(0,0,0,.966,.258,-.01,-.258,.966,.004,.011,-.001,1);es="Linear";ed="In";};["Pelvis_Right"]={tm=.017;cf=cfr(0,0,0,1,0,0,0,1,0,0,0,1);es="Linear";ed="In";};["Thigh_Right"]={tm=.017;cf=cfr(0,0,0,1,0,0,0,1,0,0,0,1);es="Linear";ed="In";};["Calf_Right"]={tm=.017;cf=cfr(0,0,0,1,0,0,0,1,0,0,0,1);es="Linear";ed="In";};["Foot_Right"]={tm=.017;cf=cfr(0,0,0,1,0,0,0,1,0,0,0,1);es="Linear";ed="In";};["Pelvis_Left"]={tm=.017;cf=cfr(0,0,0,1,0,0,0,1,0,0,0,1);es="Linear";ed="In";};["Thigh_Left"]={tm=.017;cf=cfr(0,0,0,1,0,0,0,1,0,0,0,1);es="Linear";ed="In";};["Calf_Left"]={tm=.017;cf=cfr(0,0,0,1,0,0,0,1,0,0,0,1);es="Linear";ed="In";};["Foot_Left"]={tm=.017;cf=cfr(0,0,0,1,0,0,0,1,0,0,0,1);es="Linear";ed="In";};};{tm=.017;["Foot_Right_end"]={tm=.016;cf=cfr(-4.619,-8.453,3.423,.672,-.572,.471,-.702,-.694,.16,.236,-.438,-.867);es="Linear";ed="In";};["Foot_Left_end"]={tm=.016;cf=cfr(.011,-.513,2.752,1,-.007,-.007,-.007,.008,-1,.007,1,.008);es="Linear";ed="In";};["RootNode"]={tm=.016;cf=cfr(0,0,0,-1,0,0,0,1,0,0,0,-1);es="Linear";ed="In";};["Head_end"]={tm=.016;cf=cfr(-.669,-1.131,1.59,.594,-.629,.501,.784,.593,-.184,-.182,.502,.846);es="Linear";ed="In";};["Fingers_Left_end"]={tm=.016;cf=cfr(.813,.056,2.151,.445,.474,-.76,-.345,-.692,-.634,-.826,.545,-.144);es="Linear";ed="In";};["MinosPrime"]={tm=.016;cf=cfr(0,0,0,1,0,0,0,1,0,0,0,1);es="Linear";ed="In";};["Fingers_Right_end"]={tm=.016;cf=cfr(-.585,8.634,-.45,.154,-.544,-.825,.37,.806,-.462,.916,-.234,.326);es="Linear";ed="In";};["Armature.001"]={tm=.016;cf=cfr(0,0,0,1,0,0,0,1,0,0,0,1);es="Linear";ed="In";};["Root"]={tm=.016;cf=cfr(-.002,-.007,0,1,0,0,0,1,0,0,0,1);es="Linear";ed="In";};["Spine01"]={tm=.016;cf=cfr(0,0,0,1,-.024,0,.024,1,0,0,0,1);es="Linear";ed="In";};["Spine02"]={tm=.016;cf=cfr(0,0,0,1,.008,0,-.008,1,0,0,0,1);es="Linear";ed="In";};["Spine03"]={tm=.016;cf=cfr(0,0,0,1,.024,0,-.024,1,0,0,0,1);es="Linear";ed="In";};["Clavicle_Right"]={tm=.016;cf=cfr(0,0,0,1,.001,0,-.001,1,-.011,0,.011,1);es="Linear";ed="In";};["UpperArm_Right"]={tm=.016;cf=cfr(0,0,0,.984,-.142,-.111,.166,.95,.265,.067,-.279,.958);es="Linear";ed="In";};["LowerArm_Right"]={tm=.016;cf=cfr(0,0,0,.049,-.393,-.918,-.271,.88,-.39,.961,.268,-.064);es="Linear";ed="In";};["Wrist_Right"]={tm=.016;cf=cfr(0,0,0,1,.002,-.015,-.002,1,.006,.015,-.006,1);es="Linear";ed="In";};["Hand_Right"]={tm=.016;cf=cfr(0,0,0,1,0,0,0,.967,-.255,0,.255,.967);es="Linear";ed="In";};["Fingers_Right"]={tm=.016;cf=cfr(0,0,-.004,1,0,0,0,.811,-.585,0,.585,.811);es="Linear";ed="In";};["Clavicle_Left"]={tm=.016;cf=cfr(0,0,0,1,-.001,0,.001,1,-.009,0,.009,1);es="Linear";ed="In";};["UpperArm_Left"]={tm=.016;cf=cfr(0,0,0,.968,.23,.103,-.248,.938,.243,-.04,-.261,.964);es="Linear";ed="In";};["LowerArm_Left"]={tm=.016;cf=cfr(0,0,0,.487,.3,.82,.281,.835,-.472,-.827,.46,.322);es="Linear";ed="In";};["Wrist_Left"]={tm=.016;cf=cfr(0,0,0,1,-.001,.012,.001,1,.004,-.012,-.004,1);es="Linear";ed="In";};["Hand_Left"]={tm=.016;cf=cfr(0,0,0,1,0,0,0,.975,-.221,0,.221,.975);es="Linear";ed="In";};["Fingers_Left"]={tm=.016;cf=cfr(0,0,0,1,0,0,0,.867,-.498,0,.498,.867);es="Linear";ed="In";};["Neck"]={tm=.016;cf=cfr(0,0,0,1,-.03,0,.03,1,0,0,0,1);es="Linear";ed="In";};["Head"]={tm=.016;cf=cfr(0,0,0,.974,.228,-.011,-.228,.974,.004,.011,-.001,1);es="Linear";ed="In";};["Pelvis_Right"]={tm=.016;cf=cfr(0,0,0,1,0,0,0,1,0,0,0,1);es="Linear";ed="In";};["Thigh_Right"]={tm=.016;cf=cfr(0,0,0,1,0,.001,0,.999,-.039,-.001,.039,.999);es="Linear";ed="In";};["Calf_Right"]={tm=.016;cf=cfr(0,0,0,1,0,-.001,0,.999,.039,.001,-.039,.999);es="Linear";ed="In";};["Foot_Right"]={tm=.016;cf=cfr(0,0,0,1,0,0,0,1,-.021,0,.021,1);es="Linear";ed="In";};["Pelvis_Left"]={tm=.016;cf=cfr(0,0,0,1,0,0,0,1,0,0,0,1);es="Linear";ed="In";};["Thigh_Left"]={tm=.016;cf=cfr(0,0,0,1,0,-.001,-.001,.999,-.038,.001,.038,.999);es="Linear";ed="In";};["Calf_Left"]={tm=.016;cf=cfr(0,0,0,1,0,.001,0,.999,.04,-.001,-.04,.999);es="Linear";ed="In";};["Foot_Left"]={tm=.016;cf=cfr(0,0,0,1,0,.001,0,.999,.045,-.001,-.045,.999);es="Linear";ed="In";};};{tm=.033;["Foot_Right_end"]={tm=.017;cf=cfr(-4.619,-8.453,3.423,.672,-.572,.471,-.702,-.694,.16,.236,-.438,-.867);es="Linear";ed="In";};["Foot_Left_end"]={tm=.017;cf=cfr(.011,-.513,2.752,1,-.007,-.007,-.007,.008,-1,.007,1,.008);es="Linear";ed="In";};["RootNode"]={tm=.017;cf=cfr(0,0,0,-1,0,0,0,1,0,0,0,-1);es="Linear";ed="In";};["Head_end"]={tm=.017;cf=cfr(-.669,-1.131,1.59,.594,-.629,.501,.784,.593,-.184,-.182,.502,.846);es="Linear";ed="In";};["Fingers_Left_end"]={tm=.017;cf=cfr(.813,.056,2.151,.445,.474,-.76,-.345,-.692,-.634,-.826,.545,-.144);es="Linear";ed="In";};["MinosPrime"]={tm=.017;cf=cfr(0,0,0,1,0,0,0,1,0,0,0,1);es="Linear";ed="In";};["Fingers_Right_end"]={tm=.017;cf=cfr(-.585,8.634,-.45,.154,-.544,-.825,.37,.806,-.462,.916,-.234,.326);es="Linear";ed="In";};["Armature.001"]={tm=.017;cf=cfr(0,0,0,1,0,0,0,1,0,0,0,1);es="Linear";ed="In";};["Root"]={tm=.017;cf=cfr(-.01,-.028,0,1,0,0,0,1,0,0,0,1);es="Linear";ed="In";};["Spine01"]={tm=.017;cf=cfr(0,0,0,1,-.01,0,.01,1,0,0,0,1);es="Linear";ed="In";};["Spine02"]={tm=.017;cf=cfr(0,0,0,1,.015,0,-.015,1,0,0,0,1);es="Linear";ed="In";};["Spine03"]={tm=.017;cf=cfr(0,0,0,.999,.048,0,-.048,.999,0,0,0,1);es="Linear";ed="In";};["Clavicle_Right"]={tm=.017;cf=cfr(0,0,0,1,.002,0,-.002,1,-.021,0,.021,1);es="Linear";ed="In";};["UpperArm_Right"]={tm=.017;cf=cfr(0,0,0,.986,-.139,-.09,.157,.958,.241,.053,-.252,.966);es="Linear";ed="In";};["LowerArm_Right"]={tm=.017;cf=cfr(0,0,0,.058,-.393,-.918,-.307,.868,-.391,.95,.304,-.07);es="Linear";ed="In";};["Wrist_Right"]={tm=.017;cf=cfr(0,0,0,1,.004,-.029,-.003,1,.013,.029,-.012,.999);es="Linear";ed="In";};["Hand_Right"]={tm=.017;cf=cfr(0,0,0,1,0,0,0,.967,-.255,0,.255,.967);es="Linear";ed="In";};["Fingers_Right"]={tm=.017;cf=cfr(0,0,-.004,1,0,0,0,.811,-.585,0,.585,.811);es="Linear";ed="In";};["Clavicle_Left"]={tm=.017;cf=cfr(0,0,0,1,-.002,0,.002,1,-.019,0,.019,1);es="Linear";ed="In";};["UpperArm_Left"]={tm=.017;cf=cfr(0,0,0,.97,.228,.083,-.241,.946,.219,-.028,-.233,.972);es="Linear";ed="In";};["LowerArm_Left"]={tm=.017;cf=cfr(0,0,0,.501,.29,.816,.304,.823,-.479,-.81,.488,.325);es="Linear";ed="In";};["Wrist_Left"]={tm=.017;cf=cfr(0,0,0,1,-.002,.024,.002,1,.008,-.024,-.008,1);es="Linear";ed="In";};["Hand_Left"]={tm=.017;cf=cfr(0,0,0,1,0,0,0,.975,-.221,0,.221,.975);es="Linear";ed="In";};["Fingers_Left"]={tm=.017;cf=cfr(0,0,0,1,0,0,0,.867,-.498,0,.498,.867);es="Linear";ed="In";};["Neck"]={tm=.017;cf=cfr(0,0,0,1,-.03,0,.03,1,0,0,0,1);es="Linear";ed="In";};["Head"]={tm=.017;cf=cfr(0,0,0,.98,.197,-.011,-.197,.98,.004,.011,-.001,1);es="Linear";ed="In";};["Pelvis_Right"]={tm=.017;cf=cfr(0,0,0,1,0,0,0,1,0,0,0,1);es="Linear";ed="In";};["Thigh_Right"]={tm=.017;cf=cfr(0,0,0,1,-.001,.001,.001,.997,-.078,-.001,.078,.997);es="Linear";ed="In";};["Calf_Right"]={tm=.017;cf=cfr(0,0,0,1,.001,-.001,-.001,.997,.079,.001,-.079,.997);es="Linear";ed="In";};["Foot_Right"]={tm=.017;cf=cfr(0,0,0,1,0,.001,0,.999,-.041,-.001,.041,.999);es="Linear";ed="In";};["Pelvis_Left"]={tm=.017;cf=cfr(0,0,0,1,0,0,0,1,0,0,0,1);es="Linear";ed="In";};["Thigh_Left"]={tm=.017;cf=cfr(0,0,0,1,.001,-.001,-.001,.997,-.075,.001,.075,.997);es="Linear";ed="In";};["Calf_Left"]={tm=.017;cf=cfr(0,0,0,1,-.002,.003,.002,.98,.197,-.003,-.197,.98);es="Linear";ed="In";};["Foot_Left"]={tm=.017;cf=cfr(0,0,0,1,.001,.001,-.001,.996,.091,-.001,-.091,.996);es="Linear";ed="In";};};{tm=.05;["Foot_Right_end"]={tm=.017;cf=cfr(-4.619,-8.453,3.423,.672,-.572,.471,-.702,-.694,.16,.236,-.438,-.867);es="Linear";ed="In";};["Foot_Left_end"]={tm=.017;cf=cfr(.011,-.513,2.752,1,-.007,-.007,-.007,.008,-1,.007,1,.008);es="Linear";ed="In";};["RootNode"]={tm=.017;cf=cfr(0,0,0,-1,0,0,0,1,0,0,0,-1);es="Linear";ed="In";};["Head_end"]={tm=.017;cf=cfr(-.669,-1.131,1.59,.594,-.629,.501,.784,.593,-.184,-.182,.502,.846);es="Linear";ed="In";};["Fingers_Left_end"]={tm=.017;cf=cfr(.813,.056,2.151,.445,.474,-.76,-.345,-.692,-.634,-.826,.545,-.144);es="Linear";ed="In";};["MinosPrime"]={tm=.017;cf=cfr(0,0,0,1,0,0,0,1,0,0,0,1);es="Linear";ed="In";};["Fingers_Right_end"]={tm=.017;cf=cfr(-.585,8.634,-.45,.154,-.544,-.825,.37,.806,-.462,.916,-.234,.326);es="Linear";ed="In";};["Armature.001"]={tm=.017;cf=cfr(0,0,0,1,0,0,0,1,0,0,0,1);es="Linear";ed="In";};["Root"]={tm=.017;cf=cfr(-.021,-.061,0,1,0,0,0,1,0,0,0,1);es="Linear";ed="In";};["Spine01"]={tm=.017;cf=cfr(0,0,0,1,.005,0,-.005,1,0,0,0,1);es="Linear";ed="In";};["Spine02"]={tm=.017;cf=cfr(0,0,0,1,.023,0,-.023,1,0,0,0,1);es="Linear";ed="In";};["Spine03"]={tm=.017;cf=cfr(0,0,0,.997,.071,0,-.071,.997,0,0,0,1);es="Linear";ed="In";};["Clavicle_Right"]={tm=.017;cf=cfr(0,0,0,1,.003,0,-.003,.999,-.032,0,.032,.999);es="Linear";ed="In";};["UpperArm_Right"]={tm=.017;cf=cfr(0,0,0,.988,-.136,-.07,.148,.965,.216,.039,-.224,.974);es="Linear";ed="In";};["LowerArm_Right"]={tm=.017;cf=cfr(0,0,0,.067,-.393,-.917,-.343,.854,-.391,.937,.34,-.077);es="Linear";ed="In";};["Wrist_Right"]={tm=.017;cf=cfr(0,0,0,.999,.006,-.044,-.005,1,.019,.044,-.019,.999);es="Linear";ed="In";};["Hand_Right"]={tm=.017;cf=cfr(0,0,0,1,0,0,0,.967,-.255,0,.255,.967);es="Linear";ed="In";};["Fingers_Right"]={tm=.017;cf=cfr(0,0,-.004,1,0,0,0,.811,-.585,0,.585,.811);es="Linear";ed="In";};["Clavicle_Left"]={tm=.017;cf=cfr(0,0,0,1,-.003,0,.003,1,-.028,0,.028,1);es="Linear";ed="In";};["UpperArm_Left"]={tm=.017;cf=cfr(0,0,0,.972,.225,.063,-.233,.953,.195,-.017,-.204,.979);es="Linear";ed="In";};["LowerArm_Left"]={tm=.017;cf=cfr(0,0,0,.515,.278,.811,.327,.811,-.486,-.792,.515,.327);es="Linear";ed="In";};["Wrist_Left"]={tm=.017;cf=cfr(0,0,0,.999,-.003,.036,.002,1,.012,-.036,-.012,.999);es="Linear";ed="In";};["Hand_Left"]={tm=.017;cf=cfr(0,0,0,1,0,0,0,.975,-.221,0,.221,.975);es="Linear";ed="In";};["Fingers_Left"]={tm=.017;cf=cfr(0,0,0,1,0,0,0,.867,-.498,0,.498,.867);es="Linear";ed="In";};["Neck"]={tm=.017;cf=cfr(0,0,0,1,-.03,0,.03,1,0,0,0,1);es="Linear";ed="In";};["Head"]={tm=.017;cf=cfr(0,0,0,.986,.166,-.011,-.166,.986,.003,.011,-.001,1);es="Linear";ed="In";};["Pelvis_Right"]={tm=.017;cf=cfr(0,0,0,1,0,0,0,1,0,0,0,1);es="Linear";ed="In";};["Thigh_Right"]={tm=.017;cf=cfr(0,0,0,1,-.001,.002,.001,.993,-.117,-.002,.117,.993);es="Linear";ed="In";};["Calf_Right"]={tm=.017;cf=cfr(0,0,0,1,.001,-.002,-.001,.993,.118,.002,-.118,.993);es="Linear";ed="In";};["Foot_Right"]={tm=.017;cf=cfr(0,0,0,1,0,.001,0,.998,-.062,-.001,.062,.998);es="Linear";ed="In";};["Pelvis_Left"]={tm=.017;cf=cfr(0,0,0,1,0,0,0,1,0,0,0,1);es="Linear";ed="In";};["Thigh_Left"]={tm=.017;cf=cfr(0,0,0,1,.001,-.002,-.002,.994,-.113,.002,.113,.994);es="Linear";ed="In";};["Calf_Left"]={tm=.017;cf=cfr(0,0,0,1,-.005,.005,.003,.937,.35,-.006,-.35,.937);es="Linear";ed="In";};["Foot_Left"]={tm=.017;cf=cfr(0,0,0,1,.001,.002,-.001,.991,.136,-.002,-.136,.991);es="Linear";ed="In";};};{tm=.067;["Foot_Right_end"]={tm=.016;cf=cfr(-4.619,-8.453,3.423,.672,-.572,.471,-.702,-.694,.16,.236,-.438,-.867);es="Linear";ed="In";};["Foot_Left_end"]={tm=.016;cf=cfr(.011,-.513,2.752,1,-.007,-.007,-.007,.008,-1,.007,1,.008);es="Linear";ed="In";};["RootNode"]={tm=.016;cf=cfr(0,0,0,-1,0,0,0,1,0,0,0,-1);es="Linear";ed="In";};["Head_end"]={tm=.016;cf=cfr(-.669,-1.131,1.59,.594,-.629,.501,.784,.593,-.184,-.182,.502,.846);es="Linear";ed="In";};["Fingers_Left_end"]={tm=.016;cf=cfr(.813,.056,2.151,.445,.474,-.76,-.345,-.692,-.634,-.826,.545,-.144);es="Linear";ed="In";};["MinosPrime"]={tm=.016;cf=cfr(0,0,0,1,0,0,0,1,0,0,0,1);es="Linear";ed="In";};["Fingers_Right_end"]={tm=.016;cf=cfr(-.585,8.634,-.45,.154,-.544,-.825,.37,.806,-.462,.916,-.234,.326);es="Linear";ed="In";};["Armature.001"]={tm=.016;cf=cfr(0,0,0,1,0,0,0,1,0,0,0,1);es="Linear";ed="In";};["Root"]={tm=.016;cf=cfr(-.037,-.107,0,1,0,0,0,1,0,0,0,1);es="Linear";ed="In";};["Spine01"]={tm=.016;cf=cfr(0,0,0,1,.019,0,-.019,1,0,0,0,1);es="Linear";ed="In";};["Spine02"]={tm=.016;cf=cfr(0,0,0,1,.031,0,-.031,1,0,0,0,1);es="Linear";ed="In";};["Spine03"]={tm=.016;cf=cfr(0,0,0,.995,.095,0,-.095,.995,0,0,0,1);es="Linear";ed="In";};["Clavicle_Right"]={tm=.016;cf=cfr(0,0,0,1,.004,0,-.004,.999,-.042,0,.042,.999);es="Linear";ed="In";};["UpperArm_Right"]={tm=.016;cf=cfr(0,0,0,.99,-.132,-.05,.14,.972,.191,.024,-.196,.98);es="Linear";ed="In";};["LowerArm_Right"]={tm=.016;cf=cfr(0,0,0,.077,-.393,-.916,-.378,.839,-.391,.923,.376,-.084);es="Linear";ed="In";};["Wrist_Right"]={tm=.016;cf=cfr(0,0,0,.998,.008,-.058,-.006,1,.025,.058,-.025,.998);es="Linear";ed="In";};["Hand_Right"]={tm=.016;cf=cfr(0,0,0,1,0,0,0,.967,-.255,0,.255,.967);es="Linear";ed="In";};["Fingers_Right"]={tm=.016;cf=cfr(0,0,-.004,1,0,0,0,.811,-.585,0,.585,.811);es="Linear";ed="In";};["Clavicle_Left"]={tm=.016;cf=cfr(0,0,0,1,-.004,0,.004,.999,-.037,0,.037,.999);es="Linear";ed="In";};["UpperArm_Left"]={tm=.016;cf=cfr(0,0,0,.974,.221,.044,-.225,.959,.17,-.004,-.175,.984);es="Linear";ed="In";};["LowerArm_Left"]={tm=.016;cf=cfr(0,0,0,.529,.266,.806,.349,.797,-.492,-.774,.542,.328);es="Linear";ed="In";};["Wrist_Left"]={tm=.016;cf=cfr(0,0,0,.999,-.004,.047,.003,1,.016,-.047,-.016,.999);es="Linear";ed="In";};["Hand_Left"]={tm=.016;cf=cfr(0,0,0,1,0,0,0,.975,-.221,0,.221,.975);es="Linear";ed="In";};["Fingers_Left"]={tm=.016;cf=cfr(0,0,0,1,0,0,0,.867,-.498,0,.498,.867);es="Linear";ed="In";};["Neck"]={tm=.016;cf=cfr(0,0,0,1,-.03,0,.03,1,0,0,0,1);es="Linear";ed="In";};["Head"]={tm=.016;cf=cfr(0,0,0,.991,.134,-.011,-.134,.991,.003,.011,-.001,1);es="Linear";ed="In";};["Pelvis_Right"]={tm=.016;cf=cfr(0,0,0,1,0,0,0,1,0,0,0,1);es="Linear";ed="In";};["Thigh_Right"]={tm=.016;cf=cfr(0,0,0,1,-.001,.003,.002,.988,-.156,-.003,.156,.988);es="Linear";ed="In";};["Calf_Right"]={tm=.016;cf=cfr(0,0,0,1,.002,-.002,-.001,.988,.157,.003,-.157,.988);es="Linear";ed="In";};["Foot_Right"]={tm=.016;cf=cfr(0,0,0,1,.001,.001,-.001,.997,-.082,-.001,.082,.997);es="Linear";ed="In";};["Pelvis_Left"]={tm=.016;cf=cfr(0,0,0,1,0,0,0,1,0,0,0,1);es="Linear";ed="In";};["Thigh_Left"]={tm=.016;cf=cfr(0,0,0,1,.001,-.003,-.002,.985,-.175,.003,.175,.985);es="Linear";ed="In";};["Calf_Left"]={tm=.016;cf=cfr(0,0,0,1,-.007,.007,.003,.87,.494,-.009,-.494,.87);es="Linear";ed="In";};["Foot_Left"]={tm=.016;cf=cfr(0,0,0,1,.001,.003,-.002,.983,.181,-.002,-.181,.983);es="Linear";ed="In";};};{tm=.083;["Foot_Right_end"]={tm=.017;cf=cfr(-4.619,-8.453,3.423,.672,-.572,.471,-.702,-.694,.16,.236,-.438,-.867);es="Linear";ed="In";};["Foot_Left_end"]={tm=.017;cf=cfr(.011,-.513,2.752,1,-.007,-.007,-.007,.008,-1,.007,1,.008);es="Linear";ed="In";};["RootNode"]={tm=.017;cf=cfr(0,0,0,-1,0,0,0,1,0,0,0,-1);es="Linear";ed="In";};["Head_end"]={tm=.017;cf=cfr(-.669,-1.131,1.59,.594,-.629,.501,.784,.593,-.184,-.182,.502,.846);es="Linear";ed="In";};["Fingers_Left_end"]={tm=.017;cf=cfr(.813,.056,2.151,.445,.474,-.76,-.345,-.692,-.634,-.826,.545,-.144);es="Linear";ed="In";};["MinosPrime"]={tm=.017;cf=cfr(0,0,0,1,0,0,0,1,0,0,0,1);es="Linear";ed="In";};["Fingers_Right_end"]={tm=.017;cf=cfr(-.585,8.634,-.45,.154,-.544,-.825,.37,.806,-.462,.916,-.234,.326);es="Linear";ed="In";};["Armature.001"]={tm=.017;cf=cfr(0,0,0,1,0,0,0,1,0,0,0,1);es="Linear";ed="In";};["Root"]={tm=.017;cf=cfr(-.057,-.165,0,1,0,0,0,1,0,0,0,1);es="Linear";ed="In";};["Spine01"]={tm=.017;cf=cfr(0,0,0,.999,.034,0,-.034,.999,0,0,0,1);es="Linear";ed="In";};["Spine02"]={tm=.017;cf=cfr(0,0,0,.999,.038,0,-.038,.999,0,0,0,1);es="Linear";ed="In";};["Spine03"]={tm=.017;cf=cfr(0,0,0,.993,.119,0,-.119,.993,0,0,0,1);es="Linear";ed="In";};["Clavicle_Right"]={tm=.017;cf=cfr(0,0,0,1,.005,0,-.005,.999,-.053,0,.053,.999);es="Linear";ed="In";};["UpperArm_Right"]={tm=.017;cf=cfr(0,0,0,.991,-.128,-.03,.131,.977,.166,.008,-.169,.986);es="Linear";ed="In";};["LowerArm_Right"]={tm=.017;cf=cfr(0,0,0,.086,-.392,-.916,-.412,.823,-.391,.907,.411,-.091);es="Linear";ed="In";};["Wrist_Right"]={tm=.017;cf=cfr(0,0,0,.997,.01,-.073,-.007,.999,.032,.073,-.031,.997);es="Linear";ed="In";};["Hand_Right"]={tm=.017;cf=cfr(0,0,0,1,0,0,0,.967,-.255,0,.255,.967);es="Linear";ed="In";};["Fingers_Right"]={tm=.017;cf=cfr(0,0,-.004,1,0,0,0,.811,-.585,0,.585,.811);es="Linear";ed="In";};["Clavicle_Left"]={tm=.017;cf=cfr(0,0,0,1,-.005,0,.005,.999,-.046,0,.046,.999);es="Linear";ed="In";};["UpperArm_Left"]={tm=.017;cf=cfr(0,0,0,.976,.217,.024,-.218,.965,.145,.008,-.147,.989);es="Linear";ed="In";};["LowerArm_Left"]={tm=.017;cf=cfr(0,0,0,.542,.254,.801,.371,.783,-.499,-.754,.568,.33);es="Linear";ed="In";};["Wrist_Left"]={tm=.017;cf=cfr(0,0,0,.998,-.005,.059,.004,1,.02,-.059,-.02,.998);es="Linear";ed="In";};["Hand_Left"]={tm=.017;cf=cfr(0,0,0,1,0,0,0,.975,-.221,0,.221,.975);es="Linear";ed="In";};["Fingers_Left"]={tm=.017;cf=cfr(0,0,0,1,0,0,0,.867,-.498,0,.498,.867);es="Linear";ed="In";};["Neck"]={tm=.017;cf=cfr(0,0,0,1,-.03,0,.03,1,0,0,0,1);es="Linear";ed="In";};["Head"]={tm=.017;cf=cfr(0,0,0,.995,.103,-.011,-.103,.995,.002,.011,-.001,1);es="Linear";ed="In";};["Pelvis_Right"]={tm=.017;cf=cfr(0,0,0,1,0,0,0,1,0,0,0,1);es="Linear";ed="In";};["Thigh_Right"]={tm=.017;cf=cfr(0,0,0,1,-.001,.004,.002,.981,-.195,-.003,.195,.981);es="Linear";ed="In";};["Calf_Right"]={tm=.017;cf=cfr(0,0,0,1,.002,-.003,-.002,.981,.196,.003,-.196,.981);es="Linear";ed="In";};["Foot_Right"]={tm=.017;cf=cfr(0,0,0,1,.001,.001,-.001,.995,-.103,-.001,.103,.995);es="Linear";ed="In";};["Pelvis_Left"]={tm=.017;cf=cfr(0,0,0,1,0,0,0,1,0,0,0,1);es="Linear";ed="In";};["Thigh_Left"]={tm=.017;cf=cfr(0,0,0,1,.002,-.005,-.003,.972,-.236,.004,.236,.972);es="Linear";ed="In";};["Calf_Left"]={tm=.017;cf=cfr(0,0,0,1,-.011,.008,.003,.746,.666,-.014,-.666,.746);es="Linear";ed="In";};["Foot_Left"]={tm=.017;cf=cfr(0,0,0,1,.001,.003,-.002,.974,.226,-.003,-.226,.974);es="Linear";ed="In";};};{tm=.1;["Foot_Right_end"]={tm=.017;cf=cfr(-4.619,-8.453,3.423,.672,-.572,.471,-.702,-.694,.16,.236,-.438,-.867);es="Linear";ed="In";};["Foot_Left_end"]={tm=.017;cf=cfr(.011,-.513,2.752,1,-.007,-.007,-.007,.008,-1,.007,1,.008);es="Linear";ed="In";};["RootNode"]={tm=.017;cf=cfr(0,0,0,-1,0,0,0,1,0,0,0,-1);es="Linear";ed="In";};["Head_end"]={tm=.017;cf=cfr(-.669,-1.131,1.59,.594,-.629,.501,.784,.593,-.184,-.182,.502,.846);es="Linear";ed="In";};["Fingers_Left_end"]={tm=.017;cf=cfr(.813,.056,2.151,.445,.474,-.76,-.345,-.692,-.634,-.826,.545,-.144);es="Linear";ed="In";};["MinosPrime"]={tm=.017;cf=cfr(0,0,0,1,0,0,0,1,0,0,0,1);es="Linear";ed="In";};["Fingers_Right_end"]={tm=.017;cf=cfr(-.585,8.634,-.45,.154,-.544,-.825,.37,.806,-.462,.916,-.234,.326);es="Linear";ed="In";};["Armature.001"]={tm=.017;cf=cfr(0,0,0,1,0,0,0,1,0,0,0,1);es="Linear";ed="In";};["Root"]={tm=.017;cf=cfr(-.08,-.233,0,1,0,0,0,1,0,0,0,1);es="Linear";ed="In";};["Spine01"]={tm=.017;cf=cfr(0,0,0,.999,.048,0,-.048,.999,0,0,0,1);es="Linear";ed="In";};["Spine02"]={tm=.017;cf=cfr(0,0,0,.999,.046,0,-.046,.999,0,0,0,1);es="Linear";ed="In";};["Spine03"]={tm=.017;cf=cfr(0,0,0,.99,.143,0,-.143,.99,0,0,0,1);es="Linear";ed="In";};["Clavicle_Right"]={tm=.017;cf=cfr(0,0,0,1,.006,-.001,-.006,.998,-.063,0,.063,.998);es="Linear";ed="In";};["UpperArm_Right"]={tm=.017;cf=cfr(0,0,0,.992,-.123,-.011,.124,.982,.141,-.007,-.141,.99);es="Linear";ed="In";};["LowerArm_Right"]={tm=.017;cf=cfr(0,0,0,.095,-.391,-.915,-.446,.805,-.391,.89,.445,-.098);es="Linear";ed="In";};["Wrist_Right"]={tm=.017;cf=cfr(0,0,0,.996,.012,-.087,-.009,.999,.038,.087,-.037,.995);es="Linear";ed="In";};["Hand_Right"]={tm=.017;cf=cfr(0,0,0,1,0,0,0,.967,-.255,0,.255,.967);es="Linear";ed="In";};["Fingers_Right"]={tm=.017;cf=cfr(0,0,-.004,1,0,0,0,.811,-.585,0,.585,.811);es="Linear";ed="In";};["Clavicle_Left"]={tm=.017;cf=cfr(0,0,0,1,-.005,0,.006,.998,-.056,0,.056,.998);es="Linear";ed="In";};["UpperArm_Left"]={tm=.017;cf=cfr(0,0,0,.977,.212,.005,-.212,.97,.119,.021,-.118,.993);es="Linear";ed="In";};["LowerArm_Left"]={tm=.017;cf=cfr(0,0,0,.554,.241,.797,.393,.768,-.506,-.734,.594,.331);es="Linear";ed="In";};["Wrist_Left"]={tm=.017;cf=cfr(0,0,0,.997,-.006,.071,.004,1,.024,-.071,-.023,.997);es="Linear";ed="In";};["Hand_Left"]={tm=.017;cf=cfr(0,0,0,1,0,0,0,.975,-.221,0,.221,.975);es="Linear";ed="In";};["Fingers_Left"]={tm=.017;cf=cfr(0,0,0,1,0,0,0,.867,-.498,0,.498,.867);es="Linear";ed="In";};["Neck"]={tm=.017;cf=cfr(0,0,0,1,-.03,0,.03,1,0,0,0,1);es="Linear";ed="In";};["Head"]={tm=.017;cf=cfr(0,0,0,.997,.071,-.011,-.071,.997,.002,.011,-.001,1);es="Linear";ed="In";};["Pelvis_Right"]={tm=.017;cf=cfr(0,0,0,1,0,0,0,1,0,0,0,1);es="Linear";ed="In";};["Thigh_Right"]={tm=.017;cf=cfr(0,0,0,1,-.001,.004,.002,.972,-.233,-.004,.233,.972);es="Linear";ed="In";};["Calf_Right"]={tm=.017;cf=cfr(0,0,0,1,.003,-.004,-.002,.972,.235,.004,-.235,.972);es="Linear";ed="In";};["Foot_Right"]={tm=.017;cf=cfr(0,0,0,1,.001,.002,-.001,.992,-.123,-.002,.123,.992);es="Linear";ed="In";};["Pelvis_Left"]={tm=.017;cf=cfr(0,0,0,1,0,0,0,1,0,0,0,1);es="Linear";ed="In";};["Thigh_Left"]={tm=.017;cf=cfr(0,0,0,1,.002,-.006,-.003,.955,-.296,.005,.296,.955);es="Linear";ed="In";};["Calf_Left"]={tm=.017;cf=cfr(0,0,0,1,-.015,.009,.002,.589,.808,-.018,-.808,.588);es="Linear";ed="In";};["Foot_Left"]={tm=.017;cf=cfr(0,0,0,1,.002,.005,-.003,.944,.329,-.004,-.329,.944);es="Linear";ed="In";};};{tm=.117;["Foot_Right_end"]={tm=.016;cf=cfr(-4.619,-8.453,3.423,.672,-.572,.471,-.702,-.694,.16,.236,-.438,-.867);es="Linear";ed="In";};["Foot_Left_end"]={tm=.016;cf=cfr(.011,-.513,2.752,1,-.007,-.007,-.007,.008,-1,.007,1,.008);es="Linear";ed="In";};["RootNode"]={tm=.016;cf=cfr(0,0,0,-1,0,0,0,1,0,0,0,-1);es="Linear";ed="In";};["Head_end"]={tm=.016;cf=cfr(-.669,-1.131,1.59,.594,-.629,.501,.784,.593,-.184,-.182,.502,.846);es="Linear";ed="In";};["Fingers_Left_end"]={tm=.016;cf=cfr(.813,.056,2.151,.445,.474,-.76,-.345,-.692,-.634,-.826,.545,-.144);es="Linear";ed="In";};["MinosPrime"]={tm=.016;cf=cfr(0,0,0,1,0,0,0,1,0,0,0,1);es="Linear";ed="In";};["Fingers_Right_end"]={tm=.016;cf=cfr(-.585,8.634,-.45,.154,-.544,-.825,.37,.806,-.462,.916,-.234,.326);es="Linear";ed="In";};["Armature.001"]={tm=.016;cf=cfr(0,0,0,1,0,0,0,1,0,0,0,1);es="Linear";ed="In";};["Root"]={tm=.016;cf=cfr(-.107,-.31,0,1,0,0,0,1,0,0,0,1);es="Linear";ed="In";};["Spine01"]={tm=.016;cf=cfr(0,0,0,.998,.063,0,-.063,.998,0,0,0,1);es="Linear";ed="In";};["Spine02"]={tm=.016;cf=cfr(0,0,0,.999,.054,0,-.054,.999,0,0,0,1);es="Linear";ed="In";};["Spine03"]={tm=.016;cf=cfr(0,0,0,.986,.167,0,-.167,.986,0,0,0,1);es="Linear";ed="In";};["Clavicle_Right"]={tm=.016;cf=cfr(0,0,0,1,.007,-.001,-.007,.997,-.074,0,.074,.997);es="Linear";ed="In";};["UpperArm_Right"]={tm=.016;cf=cfr(0,0,0,.993,-.118,.009,.116,.987,.115,-.023,-.113,.993);es="Linear";ed="In";};["LowerArm_Right"]={tm=.016;cf=cfr(0,0,0,.105,-.39,-.915,-.479,.787,-.39,.872,.479,-.105);es="Linear";ed="In";};["Wrist_Right"]={tm=.016;cf=cfr(0,0,0,.995,.014,-.102,-.01,.999,.044,.102,-.043,.994);es="Linear";ed="In";};["Hand_Right"]={tm=.016;cf=cfr(0,0,0,1,0,0,0,.967,-.255,0,.255,.967);es="Linear";ed="In";};["Fingers_Right"]={tm=.016;cf=cfr(0,0,-.004,1,0,0,0,.811,-.585,0,.585,.811);es="Linear";ed="In";};["Clavicle_Left"]={tm=.016;cf=cfr(0,0,0,1,-.006,0,.006,.998,-.065,0,.065,.998);es="Linear";ed="In";};["UpperArm_Left"]={tm=.016;cf=cfr(0,0,0,.978,.207,-.014,-.205,.974,.094,.034,-.089,.995);es="Linear";ed="In";};["LowerArm_Left"]={tm=.016;cf=cfr(0,0,0,.567,.228,.792,.414,.752,-.513,-.712,.618,.332);es="Linear";ed="In";};["Wrist_Left"]={tm=.016;cf=cfr(0,0,0,.997,-.007,.083,.005,1,.028,-.083,-.027,.996);es="Linear";ed="In";};["Hand_Left"]={tm=.016;cf=cfr(0,0,0,1,0,0,0,.975,-.221,0,.221,.975);es="Linear";ed="In";};["Fingers_Left"]={tm=.016;cf=cfr(0,0,0,1,0,0,0,.867,-.498,0,.498,.867);es="Linear";ed="In";};["Neck"]={tm=.016;cf=cfr(0,0,0,1,-.03,0,.03,1,0,0,0,1);es="Linear";ed="In";};["Head"]={tm=.016;cf=cfr(0,0,0,.999,.039,-.011,-.039,.999,.002,.011,-.001,1);es="Linear";ed="In";};["Pelvis_Right"]={tm=.016;cf=cfr(0,0,0,1,0,0,0,1,0,0,0,1);es="Linear";ed="In";};["Thigh_Right"]={tm=.016;cf=cfr(0,0,0,1,-.001,.005,.003,.963,-.271,-.005,.271,.963);es="Linear";ed="In";};["Calf_Right"]={tm=.016;cf=cfr(0,0,0,1,.004,-.004,-.002,.962,.273,.005,-.273,.962);es="Linear";ed="In";};["Foot_Right"]={tm=.016;cf=cfr(0,0,0,1,.001,.002,-.001,.99,-.144,-.002,.144,.99);es="Linear";ed="In";};["Pelvis_Left"]={tm=.016;cf=cfr(0,0,0,1,0,0,0,1,0,0,0,1);es="Linear";ed="In";};["Thigh_Left"]={tm=.016;cf=cfr(0,0,0,1,.002,-.007,-.004,.935,-.355,.006,.355,.935);es="Linear";ed="In";};["Calf_Left"]={tm=.016;cf=cfr(0,0,0,1,-.018,.009,.001,.467,.884,-.02,-.884,.467);es="Linear";ed="In";};["Foot_Left"]={tm=.016;cf=cfr(0,0,0,1,.002,.007,-.004,.903,.429,-.005,-.429,.903);es="Linear";ed="In";};};{tm=.133;["Foot_Right_end"]={tm=.0169;cf=cfr(-4.619,-8.453,3.423,.672,-.572,.471,-.702,-.694,.16,.236,-.438,-.867);es="Linear";ed="In";};["Foot_Left_end"]={tm=.0169;cf=cfr(.011,-.513,2.752,1,-.007,-.007,-.007,.008,-1,.007,1,.008);es="Linear";ed="In";};["RootNode"]={tm=.0169;cf=cfr(0,0,0,-1,0,0,0,1,0,0,0,-1);es="Linear";ed="In";};["Head_end"]={tm=.0169;cf=cfr(-.669,-1.131,1.59,.594,-.629,.501,.784,.593,-.184,-.182,.502,.846);es="Linear";ed="In";};["Fingers_Left_end"]={tm=.0169;cf=cfr(.813,.056,2.151,.445,.474,-.76,-.345,-.692,-.634,-.826,.545,-.144);es="Linear";ed="In";};["MinosPrime"]={tm=.0169;cf=cfr(0,0,0,1,0,0,0,1,0,0,0,1);es="Linear";ed="In";};["Fingers_Right_end"]={tm=.0169;cf=cfr(-.585,8.634,-.45,.154,-.544,-.825,.37,.806,-.462,.916,-.234,.326);es="Linear";ed="In";};["Armature.001"]={tm=.0169;cf=cfr(0,0,0,1,0,0,0,1,0,0,0,1);es="Linear";ed="In";};["Root"]={tm=.0169;cf=cfr(-.137,-.398,0,1,0,0,0,1,0,0,0,1);es="Linear";ed="In";};["Spine01"]={tm=.0169;cf=cfr(0,0,0,.997,.077,0,-.077,.997,0,0,0,1);es="Linear";ed="In";};["Spine02"]={tm=.0169;cf=cfr(0,0,0,.998,.061,0,-.061,.998,0,0,0,1);es="Linear";ed="In";};["Spine03"]={tm=.0169;cf=cfr(0,0,0,.982,.191,0,-.191,.982,0,0,0,1);es="Linear";ed="In";};["Clavicle_Right"]={tm=.0169;cf=cfr(0,0,0,1,.008,-.001,-.008,.996,-.085,0,.085,.996);es="Linear";ed="In";};["UpperArm_Right"]={tm=.0169;cf=cfr(0,0,0,.993,-.112,.029,.109,.99,.089,-.038,-.085,.996);es="Linear";ed="In";};["LowerArm_Right"]={tm=.0169;cf=cfr(0,0,0,.114,-.388,-.915,-.511,.767,-.389,.852,.511,-.111);es="Linear";ed="In";};["Wrist_Right"]={tm=.0169;cf=cfr(0,0,0,.993,.017,-.116,-.011,.999,.051,.117,-.049,.992);es="Linear";ed="In";};["Hand_Right"]={tm=.0169;cf=cfr(0,0,0,1,0,0,0,.967,-.255,0,.255,.967);es="Linear";ed="In";};["Fingers_Right"]={tm=.0169;cf=cfr(0,0,-.004,1,0,0,0,.811,-.585,0,.585,.811);es="Linear";ed="In";};["Clavicle_Left"]={tm=.0169;cf=cfr(0,0,0,1,-.007,.001,.007,.997,-.074,0,.074,.997);es="Linear";ed="In";};["UpperArm_Left"]={tm=.0169;cf=cfr(0,0,0,.979,.201,-.034,-.199,.978,.068,.047,-.06,.997);es="Linear";ed="In";};["LowerArm_Left"]={tm=.0169;cf=cfr(0,0,0,.579,.214,.787,.434,.736,-.52,-.69,.642,.333);es="Linear";ed="In";};["Wrist_Left"]={tm=.0169;cf=cfr(0,0,0,.995,-.008,.095,.005,.999,.032,-.095,-.031,.995);es="Linear";ed="In";};["Hand_Left"]={tm=.0169;cf=cfr(0,0,0,1,0,0,0,.975,-.221,0,.221,.975);es="Linear";ed="In";};["Fingers_Left"]={tm=.0169;cf=cfr(0,0,0,1,0,0,0,.867,-.498,0,.498,.867);es="Linear";ed="In";};["Neck"]={tm=.0169;cf=cfr(0,0,0,1,-.03,0,.03,1,0,0,0,1);es="Linear";ed="In";};["Head"]={tm=.0169;cf=cfr(0,0,0,1,.007,-.011,-.007,1,.001,.011,-.001,1);es="Linear";ed="In";};["Pelvis_Right"]={tm=.0169;cf=cfr(0,0,0,1,0,0,0,1,0,0,0,1);es="Linear";ed="In";};["Thigh_Right"]={tm=.0169;cf=cfr(0,0,0,1,-.002,.006,.003,.951,-.309,-.005,.309,.951);es="Linear";ed="In";};["Calf_Right"]={tm=.0169;cf=cfr(0,0,0,1,.004,-.005,-.002,.95,.311,.006,-.311,.95);es="Linear";ed="In";};["Foot_Right"]={tm=.0169;cf=cfr(0,0,0,1,.001,.002,-.001,.986,-.164,-.002,.164,.986);es="Linear";ed="In";};["Pelvis_Left"]={tm=.0169;cf=cfr(0,0,0,1,0,0,0,1,0,0,0,1);es="Linear";ed="In";};["Thigh_Left"]={tm=.0169;cf=cfr(0,0,0,1,.001,-.008,-.005,.911,-.412,.007,.412,.911);es="Linear";ed="In";};["Calf_Left"]={tm=.0169;cf=cfr(0,0,0,1,-.021,.008,-.001,.336,.942,-.022,-.942,.336);es="Linear";ed="In";};["Foot_Left"]={tm=.0169;cf=cfr(0,0,0,1,.002,.008,-.006,.852,.524,-.006,-.524,.852);es="Linear";ed="In";};};{tm=.15;["Foot_Right_end"]={tm=.0170;cf=cfr(-4.619,-8.453,3.423,.672,-.572,.471,-.702,-.694,.16,.236,-.438,-.867);es="Linear";ed="In";};["Foot_Left_end"]={tm=.0170;cf=cfr(.011,-.513,2.752,1,-.007,-.007,-.007,.008,-1,.007,1,.008);es="Linear";ed="In";};["RootNode"]={tm=.0170;cf=cfr(0,0,0,-1,0,0,0,1,0,0,0,-1);es="Linear";ed="In";};["Head_end"]={tm=.0170;cf=cfr(-.669,-1.131,1.59,.594,-.629,.501,.784,.593,-.184,-.182,.502,.846);es="Linear";ed="In";};["Fingers_Left_end"]={tm=.0170;cf=cfr(.813,.056,2.151,.445,.474,-.76,-.345,-.692,-.634,-.826,.545,-.144);es="Linear";ed="In";};["MinosPrime"]={tm=.0170;cf=cfr(0,0,0,1,0,0,0,1,0,0,0,1);es="Linear";ed="In";};["Fingers_Right_end"]={tm=.0170;cf=cfr(-.585,8.634,-.45,.154,-.544,-.825,.37,.806,-.462,.916,-.234,.326);es="Linear";ed="In";};["Armature.001"]={tm=.0170;cf=cfr(0,0,0,1,0,0,0,1,0,0,0,1);es="Linear";ed="In";};["Root"]={tm=.0170;cf=cfr(-.171,-.497,0,1,0,0,0,1,0,0,0,1);es="Linear";ed="In";};["Spine01"]={tm=.0170;cf=cfr(0,0,0,.996,.092,0,-.092,.996,0,0,0,1);es="Linear";ed="In";};["Spine02"]={tm=.0170;cf=cfr(0,0,0,.998,.069,0,-.069,.998,0,0,0,1);es="Linear";ed="In";};["Spine03"]={tm=.0170;cf=cfr(0,0,0,.977,.214,0,-.214,.977,0,0,0,1);es="Linear";ed="In";};["Clavicle_Right"]={tm=.0170;cf=cfr(0,0,0,1,.009,-.001,-.01,.995,-.095,0,.095,.995);es="Linear";ed="In";};["UpperArm_Right"]={tm=.0170;cf=cfr(0,0,0,.993,-.106,.048,.103,.993,.063,-.054,-.058,.997);es="Linear";ed="In";};["LowerArm_Right"]={tm=.0170;cf=cfr(0,0,0,.156,-.384,-.91,-.542,.737,-.404,.826,.557,-.093);es="Linear";ed="In";};["Wrist_Right"]={tm=.0170;cf=cfr(0,0,0,.991,.019,-.13,-.012,.998,.057,.131,-.055,.99);es="Linear";ed="In";};["Hand_Right"]={tm=.0170;cf=cfr(0,0,0,1,0,0,0,.967,-.255,0,.255,.967);es="Linear";ed="In";};["Fingers_Right"]={tm=.0170;cf=cfr(0,0,-.004,1,0,0,0,.811,-.585,0,.585,.811);es="Linear";ed="In";};["Clavicle_Left"]={tm=.0170;cf=cfr(0,0,0,1,-.008,.001,.008,.996,-.083,0,.083,.997);es="Linear";ed="In";};["UpperArm_Left"]={tm=.0170;cf=cfr(0,0,0,.979,.195,-.052,-.193,.98,.042,.06,-.031,.998);es="Linear";ed="In";};["LowerArm_Left"]={tm=.0170;cf=cfr(0,0,0,.59,.2,.782,.454,.719,-.527,-.668,.666,.333);es="Linear";ed="In";};["Wrist_Left"]={tm=.0170;cf=cfr(0,0,0,.994,-.009,.107,.006,.999,.036,-.107,-.035,.994);es="Linear";ed="In";};["Hand_Left"]={tm=.0170;cf=cfr(0,0,0,1,0,0,0,.975,-.221,0,.221,.975);es="Linear";ed="In";};["Fingers_Left"]={tm=.0170;cf=cfr(0,0,0,1,0,0,0,.867,-.498,0,.498,.867);es="Linear";ed="In";};["Neck"]={tm=.0170;cf=cfr(0,0,0,1,-.03,0,.03,1,0,0,0,1);es="Linear";ed="In";};["Head"]={tm=.0170;cf=cfr(0,0,0,1,-.025,-.011,.025,1,.001,.011,-.001,1);es="Linear";ed="In";};["Pelvis_Right"]={tm=.0170;cf=cfr(0,0,0,1,0,0,0,1,0,0,0,1);es="Linear";ed="In";};["Thigh_Right"]={tm=.0170;cf=cfr(0,0,0,1,-.002,.007,.004,.938,-.346,-.006,.346,.938);es="Linear";ed="In";};["Calf_Right"]={tm=.0170;cf=cfr(0,0,0,1,.006,-.006,-.003,.916,.402,.007,-.402,.916);es="Linear";ed="In";};["Foot_Right"]={tm=.0170;cf=cfr(0,0,0,1,.002,.002,-.001,.983,-.184,-.003,.184,.983);es="Linear";ed="In";};["Pelvis_Left"]={tm=.0170;cf=cfr(0,0,0,1,0,0,0,1,0,0,0,1);es="Linear";ed="In";};["Thigh_Left"]={tm=.0170;cf=cfr(0,0,0,1,.001,-.008,-.004,.914,-.407,.007,.407,.914);es="Linear";ed="In";};["Calf_Left"]={tm=.0170;cf=cfr(0,0,0,1,-.021,.008,-.001,.323,.946,-.023,-.946,.323);es="Linear";ed="In";};["Foot_Left"]={tm=.0170;cf=cfr(0,0,0,1,.001,.01,-.007,.79,.613,-.007,-.613,.79);es="Linear";ed="In";};};{tm=.167;["Foot_Right_end"]={tm=.0159;cf=cfr(-4.619,-8.453,3.423,.672,-.572,.471,-.702,-.694,.16,.236,-.438,-.867);es="Linear";ed="In";};["Foot_Left_end"]={tm=.0159;cf=cfr(.011,-.513,2.752,1,-.007,-.007,-.007,.008,-1,.007,1,.008);es="Linear";ed="In";};["RootNode"]={tm=.0159;cf=cfr(0,0,0,-1,0,0,0,1,0,0,0,-1);es="Linear";ed="In";};["Head_end"]={tm=.0159;cf=cfr(-.669,-1.131,1.59,.594,-.629,.501,.784,.593,-.184,-.182,.502,.846);es="Linear";ed="In";};["Fingers_Left_end"]={tm=.0159;cf=cfr(.813,.056,2.151,.445,.474,-.76,-.345,-.692,-.634,-.826,.545,-.144);es="Linear";ed="In";};["MinosPrime"]={tm=.0159;cf=cfr(0,0,0,1,0,0,0,1,0,0,0,1);es="Linear";ed="In";};["Fingers_Right_end"]={tm=.0159;cf=cfr(-.585,8.634,-.45,.154,-.544,-.825,.37,.806,-.462,.916,-.234,.326);es="Linear";ed="In";};["Armature.001"]={tm=.0159;cf=cfr(0,0,0,1,0,0,0,1,0,0,0,1);es="Linear";ed="In";};["Root"]={tm=.0159;cf=cfr(-.206,-.597,0,1,0,0,0,1,0,0,0,1);es="Linear";ed="In";};["Spine01"]={tm=.0159;cf=cfr(0,0,0,.994,.106,0,-.106,.994,0,0,0,1);es="Linear";ed="In";};["Spine02"]={tm=.0159;cf=cfr(0,0,0,.997,.077,0,-.077,.997,0,0,0,1);es="Linear";ed="In";};["Spine03"]={tm=.0159;cf=cfr(0,0,0,.971,.238,0,-.238,.971,0,0,0,1);es="Linear";ed="In";};["Clavicle_Right"]={tm=.0159;cf=cfr(0,0,0,1,.01,-.002,-.011,.994,-.106,0,.106,.994);es="Linear";ed="In";};["UpperArm_Right"]={tm=.0159;cf=cfr(0,0,0,.993,-.099,.067,.097,.995,.037,-.07,-.03,.997);es="Linear";ed="In";};["LowerArm_Right"]={tm=.0159;cf=cfr(0,0,0,.199,-.378,-.904,-.572,.705,-.42,.796,.6,-.076);es="Linear";ed="In";};["Wrist_Right"]={tm=.0159;cf=cfr(0,0,0,.989,.022,-.145,-.012,.998,.064,.146,-.061,.987);es="Linear";ed="In";};["Hand_Right"]={tm=.0159;cf=cfr(0,0,0,1,0,0,0,.967,-.255,0,.255,.967);es="Linear";ed="In";};["Fingers_Right"]={tm=.0159;cf=cfr(0,0,-.004,1,0,0,0,.811,-.585,0,.585,.811);es="Linear";ed="In";};["Clavicle_Left"]={tm=.0159;cf=cfr(0,0,0,1,-.009,.001,.009,.996,-.093,0,.093,.996);es="Linear";ed="In";};["UpperArm_Left"]={tm=.0159;cf=cfr(0,0,0,.98,.188,-.071,-.188,.982,.016,.073,-.002,.997);es="Linear";ed="In";};["LowerArm_Left"]={tm=.0159;cf=cfr(0,0,0,.601,.186,.777,.473,.701,-.534,-.644,.689,.333);es="Linear";ed="In";};["Wrist_Left"]={tm=.0159;cf=cfr(0,0,0,.993,-.011,.118,.006,.999,.04,-.119,-.039,.992);es="Linear";ed="In";};["Hand_Left"]={tm=.0159;cf=cfr(0,0,0,1,0,0,0,.975,-.221,0,.221,.975);es="Linear";ed="In";};["Fingers_Left"]={tm=.0159;cf=cfr(0,0,0,1,0,0,0,.867,-.498,0,.498,.867);es="Linear";ed="In";};["Neck"]={tm=.0159;cf=cfr(0,0,0,1,-.03,0,.03,1,0,0,0,1);es="Linear";ed="In";};["Head"]={tm=.0159;cf=cfr(0,0,0,.998,-.057,-.011,.057,.998,.001,.011,-.001,1);es="Linear";ed="In";};["Pelvis_Right"]={tm=.0159;cf=cfr(0,0,0,1,0,0,0,1,0,0,0,1);es="Linear";ed="In";};["Thigh_Right"]={tm=.0159;cf=cfr(0,0,0,1,-.002,.007,.004,.924,-.382,-.006,.382,.924);es="Linear";ed="In";};["Calf_Right"]={tm=.0159;cf=cfr(0,0,0,1,.007,-.007,-.003,.871,.491,.009,-.491,.871);es="Linear";ed="In";};["Foot_Right"]={tm=.0159;cf=cfr(0,0,0,1,.002,.003,-.001,.979,-.205,-.003,.205,.979);es="Linear";ed="In";};["Pelvis_Left"]={tm=.0159;cf=cfr(0,0,0,1,0,0,0,1,0,0,0,1);es="Linear";ed="In";};["Thigh_Left"]={tm=.0159;cf=cfr(0,0,0,1,.001,-.008,-.004,.916,-.401,.007,.401,.916);es="Linear";ed="In";};["Calf_Left"]={tm=.0159;cf=cfr(0,0,0,1,-.021,.008,-.001,.311,.951,-.023,-.95,.31);es="Linear";ed="In";};["Foot_Left"]={tm=.0159;cf=cfr(0,0,0,1,.001,.012,-.009,.72,.694,-.008,-.694,.72);es="Linear";ed="In";};};{tm=.183;["Foot_Right_end"]={tm=.0170;cf=cfr(-4.619,-8.453,3.423,.672,-.572,.471,-.702,-.694,.16,.236,-.438,-.867);es="Linear";ed="In";};["Foot_Left_end"]={tm=.0170;cf=cfr(.011,-.513,2.752,1,-.007,-.007,-.007,.008,-1,.007,1,.008);es="Linear";ed="In";};["RootNode"]={tm=.0170;cf=cfr(0,0,0,-1,0,0,0,1,0,0,0,-1);es="Linear";ed="In";};["Head_end"]={tm=.0170;cf=cfr(-.669,-1.131,1.59,.594,-.629,.501,.784,.593,-.184,-.182,.502,.846);es="Linear";ed="In";};["Fingers_Left_end"]={tm=.0170;cf=cfr(.813,.056,2.151,.445,.474,-.76,-.345,-.692,-.634,-.826,.545,-.144);es="Linear";ed="In";};["MinosPrime"]={tm=.0170;cf=cfr(0,0,0,1,0,0,0,1,0,0,0,1);es="Linear";ed="In";};["Fingers_Right_end"]={tm=.0170;cf=cfr(-.585,8.634,-.45,.154,-.544,-.825,.37,.806,-.462,.916,-.234,.326);es="Linear";ed="In";};["Armature.001"]={tm=.0170;cf=cfr(0,0,0,1,0,0,0,1,0,0,0,1);es="Linear";ed="In";};["Root"]={tm=.0170;cf=cfr(-.248,-.72,0,1,0,0,0,1,0,0,0,1);es="Linear";ed="In";};["Spine01"]={tm=.0170;cf=cfr(0,0,0,.993,.12,0,-.12,.993,0,0,0,1);es="Linear";ed="In";};["Spine02"]={tm=.0170;cf=cfr(0,0,0,.996,.084,0,-.084,.996,0,0,0,1);es="Linear";ed="In";};["Spine03"]={tm=.0170;cf=cfr(0,0,0,.965,.261,0,-.261,.965,0,0,0,1);es="Linear";ed="In";};["Clavicle_Right"]={tm=.0170;cf=cfr(0,0,0,1,.012,-.002,-.012,.993,-.116,0,.116,.993);es="Linear";ed="In";};["UpperArm_Right"]={tm=.0170;cf=cfr(0,0,0,.992,-.091,.086,.091,.996,.01,-.087,-.003,.996);es="Linear";ed="In";};["LowerArm_Right"]={tm=.0170;cf=cfr(0,0,0,.241,-.369,-.897,-.599,.671,-.437,.764,.643,-.059);es="Linear";ed="In";};["Wrist_Right"]={tm=.0170;cf=cfr(0,0,0,.987,.024,-.159,-.013,.997,.07,.16,-.067,.985);es="Linear";ed="In";};["Hand_Right"]={tm=.0170;cf=cfr(0,0,0,1,0,0,0,.967,-.255,0,.255,.967);es="Linear";ed="In";};["Fingers_Right"]={tm=.0170;cf=cfr(0,0,-.004,1,0,0,0,.811,-.585,0,.585,.811);es="Linear";ed="In";};["Clavicle_Left"]={tm=.0170;cf=cfr(0,0,0,1,-.01,.001,.01,.995,-.102,0,.102,.995);es="Linear";ed="In";};["UpperArm_Left"]={tm=.0170;cf=cfr(0,0,0,.979,.181,-.09,-.182,.983,-.01,.086,.026,.996);es="Linear";ed="In";};["LowerArm_Left"]={tm=.0170;cf=cfr(0,0,0,.611,.171,.773,.492,.683,-.54,-.62,.71,.333);es="Linear";ed="In";};["Wrist_Left"]={tm=.0170;cf=cfr(0,0,0,.991,-.012,.13,.006,.999,.044,-.131,-.043,.991);es="Linear";ed="In";};["Hand_Left"]={tm=.0170;cf=cfr(0,0,0,1,0,0,0,.975,-.221,0,.221,.975);es="Linear";ed="In";};["Fingers_Left"]={tm=.0170;cf=cfr(0,0,0,1,0,0,0,.867,-.498,0,.498,.867);es="Linear";ed="In";};["Neck"]={tm=.0170;cf=cfr(0,0,0,1,-.03,0,.03,1,0,0,0,1);es="Linear";ed="In";};["Head"]={tm=.0170;cf=cfr(0,0,0,.996,-.089,-.011,.089,.996,0,.011,-.001,1);es="Linear";ed="In";};["Pelvis_Right"]={tm=.0170;cf=cfr(0,0,0,1,0,0,0,1,0,0,0,1);es="Linear";ed="In";};["Thigh_Right"]={tm=.0170;cf=cfr(0,0,0,1,-.002,.008,.005,.908,-.418,-.007,.418,.908);es="Linear";ed="In";};["Calf_Right"]={tm=.0170;cf=cfr(0,0,0,1,.009,-.007,-.003,.818,.575,.011,-.575,.818);es="Linear";ed="In";};["Foot_Right"]={