-- // converted using mech's animoduler
local cfr = CFrame.new

return {{tm=0;["Foot_Right_end"]={tm=.017;cf=cfr(-4.619,-8.453,3.423,.672,-.572,.471,-.702,-.694,.16,.236,-.438,-.867);es="Linear";ed="In";};["Foot_Left_end"]={tm=.017;cf=cfr(.011,-.513,2.752,1,-.007,-.007,-.007,.008,-1,.007,1,.008);es="Linear";ed="In";};["RootNode"]={tm=.017;cf=cfr(0,0,0,-1,0,0,0,1,0,0,0,-1);es="Linear";ed="In";};["Head_end"]={tm=.017;cf=cfr(-.669,-1.131,1.59,.594,-.629,.501,.784,.593,-.184,-.182,.502,.846);es="Linear";ed="In";};["Fingers_Left_end"]={tm=.017;cf=cfr(.813,.056,2.151,.445,.474,-.76,-.345,-.692,-.634,-.826,.545,-.144);es="Linear";ed="In";};["MinosPrime"]={tm=.017;cf=cfr(0,0,0,1,0,0,0,1,0,0,0,1);es="Linear";ed="In";};["Fingers_Right_end"]={tm=.017;cf=cfr(-.585,8.634,-.45,.154,-.544,-.825,.37,.806,-.462,.916,-.234,.326);es="Linear";ed="In";};["Armature.001"]={tm=.017;cf=cfr(0,0,0,1,0,0,0,1,0,0,0,1);es="Linear";ed="In";};["Root"]={tm=.017;cf=cfr(-.029,-3.639,0,1,0,0,0,1,0,0,0,1);es="Linear";ed="In";};["Spine01"]={tm=.017;cf=cfr(0,0,0,1,-.024,.002,.024,1,-.019,-.002,.019,1);es="Linear";ed="In";};["Spine02"]={tm=.017;cf=cfr(0,0,0,.979,.203,-.036,-.2,.977,.069,.049,-.061,.997);es="Linear";ed="In";};["Spine03"]={tm=.017;cf=cfr(0,0,0,.804,.591,.068,-.583,.805,-.105,-.117,.045,.992);es="Linear";ed="In";};["Clavicle_Right"]={tm=.017;cf=cfr(0,0,0,.941,-.278,-.192,.237,.949,-.21,.241,.153,.959);es="Linear";ed="In";};["UpperArm_Right"]={tm=.017;cf=cfr(0,0,0,.963,.09,.256,.083,.8,-.594,-.258,.593,.762);es="Linear";ed="In";};["LowerArm_Right"]={tm=.017;cf=cfr(0,0,0,.373,.127,-.919,-.815,-.429,-.39,-.444,.894,-.057);es="Linear";ed="In";};["Wrist_Right"]={tm=.017;cf=cfr(0,0,0,1,0,0,0,.997,.077,0,-.077,.997);es="Linear";ed="In";};["Hand_Right"]={tm=.017;cf=cfr(0,0,0,1,0,0,0,.415,-.91,0,.91,.415);es="Linear";ed="In";};["Fingers_Right"]={tm=.017;cf=cfr(0,0,-.004,1,0,0,0,-.175,-.985,0,.985,-.175);es="Linear";ed="In";};["Clavicle_Left"]={tm=.017;cf=cfr(0,0,0,1,0,0,0,1,0,0,0,1);es="Linear";ed="In";};["UpperArm_Left"]={tm=.017;cf=cfr(0,0,0,.712,.174,-.68,-.574,.702,-.421,.404,.69,.6);es="Linear";ed="In";};["LowerArm_Left"]={tm=.017;cf=cfr(0,0,0,.85,.228,-.474,-.414,-.266,-.87,-.324,.937,-.132);es="Linear";ed="In";};["Wrist_Left"]={tm=.017;cf=cfr(0,0,0,.067,0,.998,0,1,0,-.998,0,.067);es="Linear";ed="In";};["Hand_Left"]={tm=.017;cf=cfr(0,0,0,1,0,0,0,.401,-.916,0,.916,.401);es="Linear";ed="In";};["Fingers_Left"]={tm=.017;cf=cfr(0,0,0,1,0,0,0,-.111,-.994,0,.994,-.111);es="Linear";ed="In";};["Neck"]={tm=.017;cf=cfr(0,0,0,.97,-.218,.107,.194,.96,.2,-.146,-.174,.974);es="Linear";ed="In";};["Head"]={tm=.017;cf=cfr(0,0,0,.891,.452,-.041,-.452,.875,-.171,-.042,.171,.984);es="Linear";ed="In";};["Pelvis_Right"]={tm=.017;cf=cfr(0,0,0,1,0,0,0,1,0,0,0,1);es="Linear";ed="In";};["Thigh_Right"]={tm=.017;cf=cfr(0,0,0,.997,.066,.036,.011,.348,-.937,-.075,.935,.347);es="Linear";ed="In";};["Calf_Right"]={tm=.017;cf=cfr(0,0,0,1,.006,-.005,.007,-.605,.796,.001,-.796,-.605);es="Linear";ed="In";};["Foot_Right"]={tm=.017;cf=cfr(0,0,0,1,0,0,0,.551,-.834,0,.834,.551);es="Linear";ed="In";};["Pelvis_Left"]={tm=.017;cf=cfr(0,0,0,1,0,0,0,1,0,0,0,1);es="Linear";ed="In";};["Thigh_Left"]={tm=.017;cf=cfr(0,0,0,1,-.011,-.028,-.029,-.071,-.997,.009,.997,-.071);es="Linear";ed="In";};["Calf_Left"]={tm=.017;cf=cfr(0,0,0,1,-.026,-.012,-.007,-.634,.773,-.028,-.773,-.634);es="Linear";ed="In";};["Foot_Left"]={tm=.017;cf=cfr(0,0,0,1,-.008,-.009,.001,.824,-.566,.012,.566,.824);es="Linear";ed="In";};};{tm=.017;["Foot_Right_end"]={tm=.016;cf=cfr(-4.619,-8.453,3.423,.672,-.572,.471,-.702,-.694,.16,.236,-.438,-.867);es="Linear";ed="In";};["Foot_Left_end"]={tm=.016;cf=cfr(.011,-.513,2.752,1,-.007,-.007,-.007,.008,-1,.007,1,.008);es="Linear";ed="In";};["RootNode"]={tm=.016;cf=cfr(0,0,0,-1,0,0,0,1,0,0,0,-1);es="Linear";ed="In";};["Head_end"]={tm=.016;cf=cfr(-.669,-1.131,1.59,.594,-.629,.501,.784,.593,-.184,-.182,.502,.846);es="Linear";ed="In";};["Fingers_Left_end"]={tm=.016;cf=cfr(.813,.056,2.151,.445,.474,-.76,-.345,-.692,-.634,-.826,.545,-.144);es="Linear";ed="In";};["MinosPrime"]={tm=.016;cf=cfr(0,0,0,1,0,0,0,1,0,0,0,1);es="Linear";ed="In";};["Fingers_Right_end"]={tm=.016;cf=cfr(-.585,8.634,-.45,.154,-.544,-.825,.37,.806,-.462,.916,-.234,.326);es="Linear";ed="In";};["Armature.001"]={tm=.016;cf=cfr(0,0,0,1,0,0,0,1,0,0,0,1);es="Linear";ed="In";};["Root"]={tm=.016;cf=cfr(-.024,-3.01,0,1,0,0,0,1,0,0,0,1);es="Linear";ed="In";};["Spine01"]={tm=.016;cf=cfr(0,0,0,1,-.03,.002,.03,.999,-.019,-.002,.019,1);es="Linear";ed="In";};["Spine02"]={tm=.016;cf=cfr(0,0,0,.997,.068,-.043,-.065,.996,.064,.047,-.061,.997);es="Linear";ed="In";};["Spine03"]={tm=.016;cf=cfr(0,0,0,.958,.273,.082,-.266,.96,-.088,-.103,.063,.993);es="Linear";ed="In";};["Clavicle_Right"]={tm=.016;cf=cfr(0,0,0,.941,-.278,-.192,.237,.949,-.21,.241,.153,.959);es="Linear";ed="In";};["UpperArm_Right"]={tm=.016;cf=cfr(0,0,0,.905,.112,.411,.052,.929,-.367,-.423,.353,.834);es="Linear";ed="In";};["LowerArm_Right"]={tm=.016;cf=cfr(0,0,0,.786,.305,-.538,-.618,.399,-.677,.008,.865,.502);es="Linear";ed="In";};["Wrist_Right"]={tm=.016;cf=cfr(0,0,0,1,0,0,0,.997,.077,0,-.077,.997);es="Linear";ed="In";};["Hand_Right"]={tm=.016;cf=cfr(0,0,0,1,0,0,0,.415,-.91,0,.91,.415);es="Linear";ed="In";};["Fingers_Right"]={tm=.016;cf=cfr(0,0,-.004,1,0,0,0,-.175,-.985,0,.985,-.175);es="Linear";ed="In";};["Clavicle_Left"]={tm=.016;cf=cfr(0,0,0,1,0,0,0,1,0,0,0,1);es="Linear";ed="In";};["UpperArm_Left"]={tm=.016;cf=cfr(0,0,0,.64,.184,-.746,-.363,.928,-.082,.677,.324,.66);es="Linear";ed="In";};["LowerArm_Left"]={tm=.016;cf=cfr(0,0,0,.837,.411,-.36,-.529,.443,-.724,-.138,.797,.588);es="Linear";ed="In";};["Wrist_Left"]={tm=.016;cf=cfr(0,0,0,.157,0,.988,0,1,0,-.988,0,.157);es="Linear";ed="In";};["Hand_Left"]={tm=.016;cf=cfr(0,0,0,1,0,0,0,.401,-.916,0,.916,.401);es="Linear";ed="In";};["Fingers_Left"]={tm=.016;cf=cfr(0,0,0,1,0,0,0,-.111,-.994,0,.994,-.111);es="Linear";ed="In";};["Neck"]={tm=.016;cf=cfr(0,0,0,.966,-.226,.122,.215,.972,.099,-.141,-.069,.988);es="Linear";ed="In";};["Head"]={tm=.016;cf=cfr(0,0,0,.996,.033,-.088,-.039,.996,-.078,.085,.081,.993);es="Linear";ed="In";};["Pelvis_Right"]={tm=.016;cf=cfr(0,0,0,1,0,0,0,1,0,0,0,1);es="Linear";ed="In";};["Thigh_Right"]={tm=.016;cf=cfr(0,0,0,.998,.061,.028,-.028,.76,-.649,-.061,.647,.76);es="Linear";ed="In";};["Calf_Right"]={tm=.016;cf=cfr(0,0,0,.997,-.06,-.05,.067,.344,.937,-.039,-.937,.347);es="Linear";ed="In";};["Foot_Right"]={tm=.016;cf=cfr(0,0,0,.997,.038,-.065,-.044,.995,-.086,.061,.089,.994);es="Linear";ed="In";};["Pelvis_Left"]={tm=.016;cf=cfr(0,0,0,1,0,0,0,1,0,0,0,1);es="Linear";ed="In";};["Thigh_Left"]={tm=.016;cf=cfr(0,0,0,1,.001,-.017,-.013,.692,-.721,.011,.721,.692);es="Linear";ed="In";};["Calf_Left"]={tm=.016;cf=cfr(0,0,0,1,-.009,.003,.002,.531,.848,-.01,-.848,.531);es="Linear";ed="In";};["Foot_Left"]={tm=.016;cf=cfr(0,0,0,1,-.006,.006,.005,.977,.215,-.008,-.215,.977);es="Linear";ed="In";};};{tm=.033;["Foot_Right_end"]={tm=.017;cf=cfr(-4.619,-8.453,3.423,.672,-.572,.471,-.702,-.694,.16,.236,-.438,-.867);es="Linear";ed="In";};["Foot_Left_end"]={tm=.017;cf=cfr(.011,-.513,2.752,1,-.007,-.007,-.007,.008,-1,.007,1,.008);es="Linear";ed="In";};["RootNode"]={tm=.017;cf=cfr(0,0,0,-1,0,0,0,1,0,0,0,-1);es="Linear";ed="In";};["Head_end"]={tm=.017;cf=cfr(-.669,-1.131,1.59,.594,-.629,.501,.784,.593,-.184,-.182,.502,.846);es="Linear";ed="In";};["Fingers_Left_end"]={tm=.017;cf=cfr(.813,.056,2.151,.445,.474,-.76,-.345,-.692,-.634,-.826,.545,-.144);es="Linear";ed="In";};["MinosPrime"]={tm=.017;cf=cfr(0,0,0,1,0,0,0,1,0,0,0,1);es="Linear";ed="In";};["Fingers_Right_end"]={tm=.017;cf=cfr(-.585,8.634,-.45,.154,-.544,-.825,.37,.806,-.462,.916,-.234,.326);es="Linear";ed="In";};["Armature.001"]={tm=.017;cf=cfr(0,0,0,1,0,0,0,1,0,0,0,1);es="Linear";ed="In";};["Root"]={tm=.017;cf=cfr(-.019,-2.38,0,1,0,0,0,1,0,0,0,1);es="Linear";ed="In";};["Spine01"]={tm=.017;cf=cfr(0,0,0,.999,-.036,.002,.036,.999,-.019,-.002,.019,1);es="Linear";ed="In";};["Spine02"]={tm=.017;cf=cfr(0,0,0,.996,-.077,-.049,.08,.995,.057,.044,-.061,.997);es="Linear";ed="In";};["Spine03"]={tm=.017;cf=cfr(0,0,0,.992,-.083,.09,.089,.994,-.066,-.084,.074,.994);es="Linear";ed="In";};["Clavicle_Right"]={tm=.017;cf=cfr(0,0,0,.941,-.278,-.192,.237,.949,-.21,.241,.153,.959);es="Linear";ed="In";};["UpperArm_Right"]={tm=.017;cf=cfr(0,0,0,.826,.086,.558,-.027,.993,-.113,-.564,.078,.822);es="Linear";ed="In";};["LowerArm_Right"]={tm=.017;cf=cfr(0,0,0,.872,-.026,-.488,-.17,.92,-.353,.458,.391,.798);es="Linear";ed="In";};["Wrist_Right"]={tm=.017;cf=cfr(0,0,0,1,0,0,0,.997,.077,0,-.077,.997);es="Linear";ed="In";};["Hand_Right"]={tm=.017;cf=cfr(0,0,0,1,0,0,0,.415,-.91,0,.91,.415);es="Linear";ed="In";};["Fingers_Right"]={tm=.017;cf=cfr(0,0,-.004,1,0,0,0,-.175,-.985,0,.985,-.175);es="Linear";ed="In";};["Clavicle_Left"]={tm=.017;cf=cfr(0,0,0,1,0,0,0,1,0,0,0,1);es="Linear";ed="In";};["UpperArm_Left"]={tm=.017;cf=cfr(0,0,0,.567,.234,-.79,-.051,.967,.25,.822,-.102,.56);es="Linear";ed="In";};["LowerArm_Left"]={tm=.017;cf=cfr(0,0,0,.881,.449,-.149,-.467,.877,-.115,.079,.171,.982);es="Linear";ed="In";};["Wrist_Left"]={tm=.017;cf=cfr(0,0,0,.292,0,.957,0,1,0,-.957,0,.292);es="Linear";ed="In";};["Hand_Left"]={tm=.017;cf=cfr(0,0,0,1,0,0,0,.401,-.916,0,.916,.401);es="Linear";ed="In";};["Fingers_Left"]={tm=.017;cf=cfr(0,0,0,1,0,0,0,-.111,-.994,0,.994,-.111);es="Linear";ed="In";};["Neck"]={tm=.017;cf=cfr(0,0,0,.963,-.233,.138,.236,.972,-.003,-.134,.035,.99);es="Linear";ed="In";};["Head"]={tm=.017;cf=cfr(0,0,0,.907,-.385,-.169,.389,.921,-.013,.16,-.054,.986);es="Linear";ed="In";};["Pelvis_Right"]={tm=.017;cf=cfr(0,0,0,1,0,0,0,1,0,0,0,1);es="Linear";ed="In";};["Thigh_Right"]={tm=.017;cf=cfr(0,0,0,.998,.061,.018,-.056,.979,-.196,-.03,.195,.98);es="Linear";ed="In";};["Calf_Right"]={tm=.017;cf=cfr(0,0,0,.991,-.133,-.018,.134,.969,.209,-.011,-.21,.978);es="Linear";ed="In";};["Foot_Right"]={tm=.017;cf=cfr(0,0,0,.991,.113,-.075,-.023,.685,.728,.133,-.719,.682);es="Linear";ed="In";};["Pelvis_Left"]={tm=.017;cf=cfr(0,0,0,1,0,0,0,1,0,0,0,1);es="Linear";ed="In";};["Thigh_Left"]={tm=.017;cf=cfr(0,0,0,1,.001,-.001,0,.999,.049,.001,-.049,.999);es="Linear";ed="In";};["Calf_Left"]={tm=.017;cf=cfr(0,0,0,1,.011,-.007,-.012,.972,-.233,.005,.233,.973);es="Linear";ed="In";};["Foot_Left"]={tm=.017;cf=cfr(0,0,0,1,-.017,.018,-.007,.511,.86,-.024,-.86,.51);es="Linear";ed="In";};};{tm=.05;["Foot_Right_end"]={tm=.017;cf=cfr(-4.619,-8.453,3.423,.672,-.572,.471,-.702,-.694,.16,.236,-.438,-.867);es="Linear";ed="In";};["Foot_Left_end"]={tm=.017;cf=cfr(.011,-.513,2.752,1,-.007,-.007,-.007,.008,-1,.007,1,.008);es="Linear";ed="In";};["RootNode"]={tm=.017;cf=cfr(0,0,0,-1,0,0,0,1,0,0,0,-1);es="Linear";ed="In";};["Head_end"]={tm=.017;cf=cfr(-.669,-1.131,1.59,.594,-.629,.501,.784,.593,-.184,-.182,.502,.846);es="Linear";ed="In";};["Fingers_Left_end"]={tm=.017;cf=cfr(.813,.056,2.151,.445,.474,-.76,-.345,-.692,-.634,-.826,.545,-.144);es="Linear";ed="In";};["MinosPrime"]={tm=.017;cf=cfr(0,0,0,1,0,0,0,1,0,0,0,1);es="Linear";ed="In";};["Fingers_Right_end"]={tm=.017;cf=cfr(-.585,8.634,-.45,.154,-.544,-.825,.37,.806,-.462,.916,-.234,.326);es="Linear";ed="In";};["Armature.001"]={tm=.017;cf=cfr(0,0,0,1,0,0,0,1,0,0,0,1);es="Linear";ed="In";};["Root"]={tm=.017;cf=cfr(-.019,-2.38,0,1,0,0,0,1,0,0,0,1);es="Linear";ed="In";};["Spine01"]={tm=.017;cf=cfr(0,0,0,.999,-.042,.003,.042,.999,-.019,-.002,.019,1);es="Linear";ed="In";};["Spine02"]={tm=.017;cf=cfr(0,0,0,.995,-.092,-.049,.095,.994,.057,.044,-.061,.997);es="Linear";ed="In";};["Spine03"]={tm=.017;cf=cfr(0,0,0,.992,-.09,.09,.096,.993,-.066,-.084,.074,.994);es="Linear";ed="In";};["Clavicle_Right"]={tm=.017;cf=cfr(0,0,0,.941,-.278,-.192,.237,.949,-.21,.241,.153,.959);es="Linear";ed="In";};["UpperArm_Right"]={tm=.017;cf=cfr(0,0,0,.826,.083,.558,-.035,.995,-.097,-.563,.06,.824);es="Linear";ed="In";};["LowerArm_Right"]={tm=.017;cf=cfr(0,0,0,.872,-.026,-.488,-.17,.92,-.353,.458,.391,.798);es="Linear";ed="In";};["Wrist_Right"]={tm=.017;cf=cfr(0,0,0,1,0,0,0,.997,.077,0,-.077,.997);es="Linear";ed="In";};["Hand_Right"]={tm=.017;cf=cfr(0,0,0,1,0,0,0,.415,-.91,0,.91,.415);es="Linear";ed="In";};["Fingers_Right"]={tm=.017;cf=cfr(0,0,-.004,1,0,0,0,-.175,-.985,0,.985,-.175);es="Linear";ed="In";};["Clavicle_Left"]={tm=.017;cf=cfr(0,0,0,1,0,0,0,1,0,0,0,1);es="Linear";ed="In";};["UpperArm_Left"]={tm=.017;cf=cfr(0,0,0,.567,.234,-.79,-.051,.967,.25,.822,-.102,.56);es="Linear";ed="In";};["LowerArm_Left"]={tm=.017;cf=cfr(0,0,0,.899,.415,-.141,-.43,.898,-.092,.088,.143,.986);es="Linear";ed="In";};["Wrist_Left"]={tm=.017;cf=cfr(0,0,0,.367,0,.93,0,1,0,-.93,0,.367);es="Linear";ed="In";};["Hand_Left"]={tm=.017;cf=cfr(0,0,0,1,0,0,0,.401,-.916,0,.916,.401);es="Linear";ed="In";};["Fingers_Left"]={tm=.017;cf=cfr(0,0,0,1,0,0,0,-.111,-.994,0,.994,-.111);es="Linear";ed="In";};["Neck"]={tm=.017;cf=cfr(0,0,0,.963,-.233,.138,.236,.972,-.003,-.134,.035,.99);es="Linear";ed="In";};["Head"]={tm=.017;cf=cfr(0,0,0,.907,-.385,-.169,.389,.921,-.013,.16,-.054,.986);es="Linear";ed="In";};["Pelvis_Right"]={tm=.017;cf=cfr(0,0,0,1,0,0,0,1,0,0,0,1);es="Linear";ed="In";};["Thigh_Right"]={tm=.017;cf=cfr(0,0,0,.998,.06,.018,-.055,.979,-.198,-.03,.197,.98);es="Linear";ed="In";};["Calf_Right"]={tm=.017;cf=cfr(0,0,0,.991,-.133,-.018,.134,.968,.212,-.011,-.213,.977);es="Linear";ed="In";};["Foot_Right"]={tm=.017;cf=cfr(0,0,0,.991,.113,-.075,-.023,.685,.728,.133,-.719,.682);es="Linear";ed="In";};["Pelvis_Left"]={tm=.017;cf=cfr(0,0,0,1,0,0,0,1,0,0,0,1);es="Linear";ed="In";};["Thigh_Left"]={tm=.017;cf=cfr(0,0,0,1,.001,0,0,.996,.085,0,-.085,.996);es="Linear";ed="In";};["Calf_Left"]={tm=.017;cf=cfr(0,0,0,1,.011,-.007,-.012,.973,-.229,.005,.229,.973);es="Linear";ed="In";};["Foot_Left"]={tm=.017;cf=cfr(0,0,0,1,-.017,.018,-.007,.511,.86,-.024,-.86,.51);es="Linear";ed="In";};};{tm=.067;["Foot_Right_end"]={tm=.016;cf=cfr(-4.619,-8.453,3.423,.672,-.572,.471,-.702,-.694,.16,.236,-.438,-.867);es="Linear";ed="In";};["Foot_Left_end"]={tm=.016;cf=cfr(.011,-.513,2.752,1,-.007,-.007,-.007,.008,-1,.007,1,.008);es="Linear";ed="In";};["RootNode"]={tm=.016;cf=cfr(0,0,0,-1,0,0,0,1,0,0,0,-1);es="Linear";ed="In";};["Head_end"]={tm=.016;cf=cfr(-.669,-1.131,1.59,.594,-.629,.501,.784,.593,-.184,-.182,.502,.846);es="Linear";ed="In";};["Fingers_Left_end"]={tm=.016;cf=cfr(.813,.056,2.151,.445,.474,-.76,-.345,-.692,-.634,-.826,.545,-.144);es="Linear";ed="In";};["MinosPrime"]={tm=.016;cf=cfr(0,0,0,1,0,0,0,1,0,0,0,1);es="Linear";ed="In";};["Fingers_Right_end"]={tm=.016;cf=cfr(-.585,8.634,-.45,.154,-.544,-.825,.37,.806,-.462,.916,-.234,.326);es="Linear";ed="In";};["Armature.001"]={tm=.016;cf=cfr(0,0,0,1,0,0,0,1,0,0,0,1);es="Linear";ed="In";};["Root"]={tm=.016;cf=cfr(-.019,-2.38,0,1,0,0,0,1,0,0,0,1);es="Linear";ed="In";};["Spine01"]={tm=.016;cf=cfr(0,0,0,.999,-.049,.003,.049,.999,-.019,-.002,.019,1);es="Linear";ed="In";};["Spine02"]={tm=.016;cf=cfr(0,0,0,.994,-.095,-.049,.098,.994,.056,.044,-.061,.997);es="Linear";ed="In";};["Spine03"]={tm=.016;cf=cfr(0,0,0,.992,-.091,.09,.098,.993,-.066,-.084,.074,.994);es="Linear";ed="In";};["Clavicle_Right"]={tm=.016;cf=cfr(0,0,0,.941,-.278,-.192,.237,.949,-.21,.241,.153,.959);es="Linear";ed="In";};["UpperArm_Right"]={tm=.016;cf=cfr(0,0,0,.826,.083,.558,-.037,.995,-.093,-.563,.056,.825);es="Linear";ed="In";};["LowerArm_Right"]={tm=.016;cf=cfr(0,0,0,.872,-.026,-.488,-.17,.92,-.353,.458,.391,.798);es="Linear";ed="In";};["Wrist_Right"]={tm=.016;cf=cfr(0,0,0,1,0,0,0,.997,.077,0,-.077,.997);es="Linear";ed="In";};["Hand_Right"]={tm=.016;cf=cfr(0,0,0,1,0,0,0,.415,-.91,0,.91,.415);es="Linear";ed="In";};["Fingers_Right"]={tm=.016;cf=cfr(0,0,-.004,1,0,0,0,-.175,-.985,0,.985,-.175);es="Linear";ed="In";};["Clavicle_Left"]={tm=.016;cf=cfr(0,0,0,1,0,0,0,1,0,0,0,1);es="Linear";ed="In";};["UpperArm_Left"]={tm=.016;cf=cfr(0,0,0,.567,.234,-.79,-.051,.967,.25,.822,-.102,.56);es="Linear";ed="In";};["LowerArm_Left"]={tm=.016;cf=cfr(0,0,0,.906,.4,-.138,-.412,.907,-.083,.092,.132,.987);es="Linear";ed="In";};["Wrist_Left"]={tm=.016;cf=cfr(0,0,0,.44,0,.898,0,1,0,-.898,0,.44);es="Linear";ed="In";};["Hand_Left"]={tm=.016;cf=cfr(0,0,0,1,0,0,0,.401,-.916,0,.916,.401);es="Linear";ed="In";};["Fingers_Left"]={tm=.016;cf=cfr(0,0,0,1,0,0,0,-.111,-.994,0,.994,-.111);es="Linear";ed="In";};["Neck"]={tm=.016;cf=cfr(0,0,0,.963,-.233,.138,.236,.972,-.003,-.134,.035,.99);es="Linear";ed="In";};["Head"]={tm=.016;cf=cfr(0,0,0,.907,-.385,-.169,.389,.921,-.013,.16,-.054,.986);es="Linear";ed="In";};["Pelvis_Right"]={tm=.016;cf=cfr(0,0,0,1,0,0,0,1,0,0,0,1);es="Linear";ed="In";};["Thigh_Right"]={tm=.016;cf=cfr(0,0,0,.998,.06,.019,-.055,.977,-.208,-.031,.207,.978);es="Linear";ed="In";};["Calf_Right"]={tm=.016;cf=cfr(0,0,0,.991,-.132,-.02,.133,.963,.236,-.012,-.236,.972);es="Linear";ed="In";};["Foot_Right"]={tm=.016;cf=cfr(0,0,0,.991,.113,-.075,-.023,.685,.728,.133,-.719,.682);es="Linear";ed="In";};["Pelvis_Left"]={tm=.016;cf=cfr(0,0,0,1,0,0,0,1,0,0,0,1);es="Linear";ed="In";};["Thigh_Left"]={tm=.016;cf=cfr(0,0,0,1,0,0,0,.995,.097,0,-.097,.995);es="Linear";ed="In";};["Calf_Left"]={tm=.016;cf=cfr(0,0,0,1,.01,-.007,-.012,.979,-.205,.005,.205,.979);es="Linear";ed="In";};["Foot_Left"]={tm=.016;cf=cfr(0,0,0,1,-.017,.018,-.007,.511,.86,-.024,-.86,.51);es="Linear";ed="In";};};{tm=.083;["Foot_Right_end"]={tm=.017;cf=cfr(-4.619,-8.453,3.423,.672,-.572,.471,-.702,-.694,.16,.236,-.438,-.867);es="Linear";ed="In";};["Foot_Left_end"]={tm=.017;cf=cfr(.011,-.513,2.752,1,-.007,-.007,-.007,.008,-1,.007,1,.008);es="Linear";ed="In";};["RootNode"]={tm=.017;cf=cfr(0,0,0,-1,0,0,0,1,0,0,0,-1);es="Linear";ed="In";};["Head_end"]={tm=.017;cf=cfr(-.669,-1.131,1.59,.594,-.629,.501,.784,.593,-.184,-.182,.502,.846);es="Linear";ed="In";};["Fingers_Left_end"]={tm=.017;cf=cfr(.813,.056,2.151,.445,.474,-.76,-.345,-.692,-.634,-.826,.545,-.144);es="Linear";ed="In";};["MinosPrime"]={tm=.017;cf=cfr(0,0,0,1,0,0,0,1,0,0,0,1);es="Linear";ed="In";};["Fingers_Right_end"]={tm=.017;cf=cfr(-.585,8.634,-.45,.154,-.544,-.825,.37,.806,-.462,.916,-.234,.326);es="Linear";ed="In";};["Armature.001"]={tm=.017;cf=cfr(0,0,0,1,0,0,0,1,0,0,0,1);es="Linear";ed="In";};["Root"]={tm=.017;cf=cfr(-.019,-2.38,0,1,0,0,0,1,0,0,0,1);es="Linear";ed="In";};["Spine01"]={tm=.017;cf=cfr(0,0,0,.998,-.055,.003,.055,.998,-.019,-.002,.019,1);es="Linear";ed="In";};["Spine02"]={tm=.017;cf=cfr(0,0,0,.994,-.098,-.05,.101,.993,.056,.044,-.061,.997);es="Linear";ed="In";};["Spine03"]={tm=.017;cf=cfr(0,0,0,.992,-.093,.09,.099,.993,-.066,-.084,.074,.994);es="Linear";ed="In";};["Clavicle_Right"]={tm=.017;cf=cfr(0,0,0,.941,-.278,-.192,.237,.949,-.21,.241,.153,.959);es="Linear";ed="In";};["UpperArm_Right"]={tm=.017;cf=cfr(0,0,0,.826,.082,.558,-.039,.995,-.089,-.562,.052,.825);es="Linear";ed="In";};["LowerArm_Right"]={tm=.017;cf=cfr(0,0,0,.872,-.026,-.488,-.17,.92,-.353,.458,.391,.798);es="Linear";ed="In";};["Wrist_Right"]={tm=.017;cf=cfr(0,0,0,1,0,0,0,.997,.077,0,-.077,.997);es="Linear";ed="In";};["Hand_Right"]={tm=.017;cf=cfr(0,0,0,1,0,0,0,.415,-.91,0,.91,.415);es="Linear";ed="In";};["Fingers_Right"]={tm=.017;cf=cfr(0,0,-.004,1,0,0,0,-.175,-.985,0,.985,-.175);es="Linear";ed="In";};["Clavicle_Left"]={tm=.017;cf=cfr(0,0,0,1,0,0,0,1,0,0,0,1);es="Linear";ed="In";};["UpperArm_Left"]={tm=.017;cf=cfr(0,0,0,.567,.234,-.79,-.051,.967,.25,.822,-.102,.56);es="Linear";ed="In";};["LowerArm_Left"]={tm=.017;cf=cfr(0,0,0,.914,.383,-.135,-.395,.916,-.073,.095,.12,.988);es="Linear";ed="In";};["Wrist_Left"]={tm=.017;cf=cfr(0,0,0,.511,0,.86,0,1,0,-.86,0,.511);es="Linear";ed="In";};["Hand_Left"]={tm=.017;cf=cfr(0,0,0,1,0,0,0,.401,-.916,0,.916,.401);es="Linear";ed="In";};["Fingers_Left"]={tm=.017;cf=cfr(0,0,0,1,0,0,0,-.111,-.994,0,.994,-.111);es="Linear";ed="In";};["Neck"]={tm=.017;cf=cfr(0,0,0,.963,-.233,.138,.236,.972,-.003,-.134,.035,.99);es="Linear";ed="In";};["Head"]={tm=.017;cf=cfr(0,0,0,.907,-.385,-.169,.389,.921,-.013,.16,-.054,.986);es="Linear";ed="In";};["Pelvis_Right"]={tm=.017;cf=cfr(0,0,0,1,0,0,0,1,0,0,0,1);es="Linear";ed="In";};["Thigh_Right"]={tm=.017;cf=cfr(0,0,0,.998,.06,.019,-.055,.974,-.219,-.031,.217,.976);es="Linear";ed="In";};["Calf_Right"]={tm=.017;cf=cfr(0,0,0,.991,-.131,-.021,.132,.957,.259,-.014,-.259,.966);es="Linear";ed="In";};["Foot_Right"]={tm=.017;cf=cfr(0,0,0,.991,.113,-.075,-.023,.685,.728,.133,-.719,.682);es="Linear";ed="In";};["Pelvis_Left"]={tm=.017;cf=cfr(0,0,0,1,0,0,0,1,0,0,0,1);es="Linear";ed="In";};["Thigh_Left"]={tm=.017;cf=cfr(0,0,0,1,0,0,0,.994,.109,0,-.109,.994);es="Linear";ed="In";};["Calf_Left"]={tm=.017;cf=cfr(0,0,0,1,.01,-.006,-.011,.983,-.181,.005,.181,.983);es="Linear";ed="In";};["Foot_Left"]={tm=.017;cf=cfr(0,0,0,1,-.017,.018,-.007,.511,.86,-.024,-.86,.51);es="Linear";ed="In";};};{tm=.1;["Foot_Right_end"]={tm=.017;cf=cfr(-4.619,-8.453,3.423,.672,-.572,.471,-.702,-.694,.16,.236,-.438,-.867);es="Linear";ed="In";};["Foot_Left_end"]={tm=.017;cf=cfr(.011,-.513,2.752,1,-.007,-.007,-.007,.008,-1,.007,1,.008);es="Linear";ed="In";};["RootNode"]={tm=.017;cf=cfr(0,0,0,-1,0,0,0,1,0,0,0,-1);es="Linear";ed="In";};["Head_end"]={tm=.017;cf=cfr(-.669,-1.131,1.59,.594,-.629,.501,.784,.593,-.184,-.182,.502,.846);es="Linear";ed="In";};["Fingers_Left_end"]={tm=.017;cf=cfr(.813,.056,2.151,.445,.474,-.76,-.345,-.692,-.634,-.826,.545,-.144);es="Linear";ed="In";};["MinosPrime"]={tm=.017;cf=cfr(0,0,0,1,0,0,0,1,0,0,0,1);es="Linear";ed="In";};["Fingers_Right_end"]={tm=.017;cf=cfr(-.585,8.634,-.45,.154,-.544,-.825,.37,.806,-.462,.916,-.234,.326);es="Linear";ed="In";};["Armature.001"]={tm=.017;cf=cfr(0,0,0,1,0,0,0,1,0,0,0,1);es="Linear";ed="In";};["Root"]={tm=.017;cf=cfr(-.019,-2.38,0,1,0,0,0,1,0,0,0,1);es="Linear";ed="In";};["Spine01"]={tm=.017;cf=cfr(0,0,0,.998,-.061,.003,.061,.998,-.019,-.002,.019,1);es="Linear";ed="In";};["Spine02"]={tm=.017;cf=cfr(0,0,0,.994,-.101,-.05,.104,.993,.056,.044,-.061,.997);es="Linear";ed="In";};["Spine03"]={tm=.017;cf=cfr(0,0,0,.991,-.094,.09,.1,.993,-.066,-.084,.074,.994);es="Linear";ed="In";};["Clavicle_Right"]={tm=.017;cf=cfr(0,0,0,.941,-.278,-.192,.237,.949,-.21,.241,.153,.959);es="Linear";ed="In";};["UpperArm_Right"]={tm=.017;cf=cfr(0,0,0,.826,.082,.558,-.04,.995,-.086,-.562,.049,.826);es="Linear";ed="In";};["LowerArm_Right"]={tm=.017;cf=cfr(0,0,0,.872,-.026,-.488,-.17,.92,-.353,.458,.391,.798);es="Linear";ed="In";};["Wrist_Right"]={tm=.017;cf=cfr(0,0,0,1,0,0,0,.997,.077,0,-.077,.997);es="Linear";ed="In";};["Hand_Right"]={tm=.017;cf=cfr(0,0,0,1,0,0,0,.415,-.91,0,.91,.415);es="Linear";ed="In";};["Fingers_Right"]={tm=.017;cf=cfr(0,0,-.004,1,0,0,0,-.175,-.985,0,.985,-.175);es="Linear";ed="In";};["Clavicle_Left"]={tm=.017;cf=cfr(0,0,0,1,0,0,0,1,0,0,0,1);es="Linear";ed="In";};["UpperArm_Left"]={tm=.017;cf=cfr(0,0,0,.567,.234,-.79,-.051,.967,.25,.822,-.102,.56);es="Linear";ed="In";};["LowerArm_Left"]={tm=.017;cf=cfr(0,0,0,.921,.367,-.132,-.377,.924,-.064,.098,.108,.989);es="Linear";ed="In";};["Wrist_Left"]={tm=.017;cf=cfr(0,0,0,.538,0,.843,0,1,0,-.843,0,.538);es="Linear";ed="In";};["Hand_Left"]={tm=.017;cf=cfr(0,0,0,1,0,0,0,.401,-.916,0,.916,.401);es="Linear";ed="In";};["Fingers_Left"]={tm=.017;cf=cfr(0,0,0,1,0,0,0,-.111,-.994,0,.994,-.111);es="Linear";ed="In";};["Neck"]={tm=.017;cf=cfr(0,0,0,.963,-.233,.138,.236,.972,-.003,-.134,.035,.99);es="Linear";ed="In";};["Head"]={tm=.017;cf=cfr(0,0,0,.907,-.385,-.169,.389,.921,-.013,.16,-.054,.986);es="Linear";ed="In";};["Pelvis_Right"]={tm=.017;cf=cfr(0,0,0,1,0,0,0,1,0,0,0,1);es="Linear";ed="In";};["Thigh_Right"]={tm=.017;cf=cfr(0,0,0,.998,.06,.019,-.054,.972,-.229,-.032,.227,.973);es="Linear";ed="In";};["Calf_Right"]={tm=.017;cf=cfr(0,0,0,.991,-.129,-.023,.13,.951,.282,-.015,-.282,.959);es="Linear";ed="In";};["Foot_Right"]={tm=.017;cf=cfr(0,0,0,.991,.113,-.075,-.023,.685,.728,.133,-.719,.682);es="Linear";ed="In";};["Pelvis_Left"]={tm=.017;cf=cfr(0,0,0,1,0,0,0,1,0,0,0,1);es="Linear";ed="In";};["Thigh_Left"]={tm=.017;cf=cfr(0,0,0,1,0,0,0,.993,.121,0,-.121,.993);es="Linear";ed="In";};["Calf_Left"]={tm=.017;cf=cfr(0,0,0,1,.01,-.006,-.011,.988,-.157,.004,.157,.988);es="Linear";ed="In";};["Foot_Left"]={tm=.017;cf=cfr(0,0,0,1,-.017,.018,-.007,.511,.86,-.024,-.86,.51);es="Linear";ed="In";};};{tm=.117;["Foot_Right_end"]={tm=.016;cf=cfr(-4.619,-8.453,3.423,.672,-.572,.471,-.702,-.694,.16,.236,-.438,-.867);es="Linear";ed="In";};["Foot_Left_end"]={tm=.016;cf=cfr(.011,-.513,2.752,1,-.007,-.007,-.007,.008,-1,.007,1,.008);es="Linear";ed="In";};["RootNode"]={tm=.016;cf=cfr(0,0,0,-1,0,0,0,1,0,0,0,-1);es="Linear";ed="In";};["Head_end"]={tm=.016;cf=cfr(-.669,-1.131,1.59,.594,-.629,.501,.784,.593,-.184,-.182,.502,.846);es="Linear";ed="In";};["Fingers_Left_end"]={tm=.016;cf=cfr(.813,.056,2.151,.445,.474,-.76,-.345,-.692,-.634,-.826,.545,-.144);es="Linear";ed="In";};["MinosPrime"]={tm=.016;cf=cfr(0,0,0,1,0,0,0,1,0,0,0,1);es="Linear";ed="In";};["Fingers_Right_end"]={tm=.016;cf=cfr(-.585,8.634,-.45,.154,-.544,-.825,.37,.806,-.462,.916,-.234,.326);es="Linear";ed="In";};["Armature.001"]={tm=.016;cf=cfr(0,0,0,1,0,0,0,1,0,0,0,1);es="Linear";ed="In";};["Root"]={tm=.016;cf=cfr(-.019,-2.38,0,1,0,0,0,1,0,0,0,1);es="Linear";ed="In";};["Spine01"]={tm=.016;cf=cfr(0,0,0,.998,-.067,.003,.067,.998,-.018,-.002,.019,1);es="Linear";ed="In";};["Spine02"]={tm=.016;cf=cfr(0,0,0,.993,-.105,-.05,.107,.993,.056,.044,-.061,.997);es="Linear";ed="In";};["Spine03"]={tm=.016;cf=cfr(0,0,0,.991,-.095,.09,.101,.993,-.066,-.084,.074,.994);es="Linear";ed="In";};["Clavicle_Right"]={tm=.016;cf=cfr(0,0,0,.941,-.278,-.192,.237,.949,-.21,.241,.153,.959);es="Linear";ed="In";};["UpperArm_Right"]={tm=.016;cf=cfr(0,0,0,.826,.081,.557,-.042,.996,-.082,-.562,.045,.826);es="Linear";ed="In";};["LowerArm_Right"]={tm=.016;cf=cfr(0,0,0,.872,-.026,-.488,-.17,.92,-.353,.458,.391,.798);es="Linear";ed="In";};["Wrist_Right"]={tm=.016;cf=cfr(0,0,0,1,0,0,0,.997,.077,0,-.077,.997);es="Linear";ed="In";};["Hand_Right"]={tm=.016;cf=cfr(0,0,0,1,0,0,0,.415,-.91,0,.91,.415);es="Linear";ed="In";};["Fingers_Right"]={tm=.016;cf=cfr(0,0,-.004,1,0,0,0,-.175,-.985,0,.985,-.175);es="Linear";ed="In";};["Clavicle_Left"]={tm=.016;cf=cfr(0,0,0,1,0,0,0,1,0,0,0,1);es="Linear";ed="In";};["UpperArm_Left"]={tm=.016;cf=cfr(0,0,0,.567,.234,-.79,-.051,.967,.25,.822,-.102,.56);es="Linear";ed="In";};["LowerArm_Left"]={tm=.016;cf=cfr(0,0,0,.928,.351,-.129,-.36,.931,-.054,.101,.096,.99);es="Linear";ed="In";};["Wrist_Left"]={tm=.016;cf=cfr(0,0,0,.565,0,.825,0,1,0,-.825,0,.565);es="Linear";ed="In";};["Hand_Left"]={tm=.016;cf=cfr(0,0,0,1,0,0,0,.401,-.916,0,.916,.401);es="Linear";ed="In";};["Fingers_Left"]={tm=.016;cf=cfr(0,0,0,1,0,0,0,-.111,-.994,0,.994,-.111);es="Linear";ed="In";};["Neck"]={tm=.016;cf=cfr(0,0,0,.963,-.233,.138,.236,.972,-.003,-.134,.035,.99);es="Linear";ed="In";};["Head"]={tm=.016;cf=cfr(0,0,0,.907,-.385,-.169,.389,.921,-.013,.16,-.054,.986);es="Linear";ed="In";};["Pelvis_Right"]={tm=.016;cf=cfr(0,0,0,1,0,0,0,1,0,0,0,1);es="Linear";ed="In";};["Thigh_Right"]={tm=.016;cf=cfr(0,0,0,.998,.06,.019,-.054,.969,-.239,-.033,.238,.971);es="Linear";ed="In";};["Calf_Right"]={tm=.016;cf=cfr(0,0,0,.991,-.128,-.024,.129,.944,.305,-.016,-.305,.952);es="Linear";ed="In";};["Foot_Right"]={tm=.016;cf=cfr(0,0,0,.991,.113,-.075,-.023,.685,.728,.133,-.719,.682);es="Linear";ed="In";};["Pelvis_Left"]={tm=.016;cf=cfr(0,0,0,1,0,0,0,1,0,0,0,1);es="Linear";ed="In";};["Thigh_Left"]={tm=.016;cf=cfr(0,0,0,1,0,0,0,.991,.133,0,-.133,.991);es="Linear";ed="In";};["Calf_Left"]={tm=.016;cf=cfr(0,0,0,1,.01,-.006,-.01,.991,-.133,.004,.133,.991);es="Linear";ed="In";};["Foot_Left"]={tm=.016;cf=cfr(0,0,0,1,-.017,.018,-.007,.511,.86,-.024,-.86,.51);es="Linear";ed="In";};};{tm=.133;["Foot_Right_end"]={tm=.0169;cf=cfr(-4.619,-8.453,3.423,.672,-.572,.471,-.702,-.694,.16,.236,-.438,-.867);es="Linear";ed="In";};["Foot_Left_end"]={tm=.0169;cf=cfr(.011,-.513,2.752,1,-.007,-.007,-.007,.008,-1,.007,1,.008);es="Linear";ed="In";};["RootNode"]={tm=.0169;cf=cfr(0,0,0,-1,0,0,0,1,0,0,0,-1);es="Linear";ed="In";};["Head_end"]={tm=.0169;cf=cfr(-.669,-1.131,1.59,.594,-.629,.501,.784,.593,-.184,-.182,.502,.846);es="Linear";ed="In";};["Fingers_Left_end"]={tm=.0169;cf=cfr(.813,.056,2.151,.445,.474,-.76,-.345,-.692,-.634,-.826,.545,-.144);es="Linear";ed="In";};["MinosPrime"]={tm=.0169;cf=cfr(0,0,0,1,0,0,0,1,0,0,0,1);es="Linear";ed="In";};["Fingers_Right_end"]={tm=.0169;cf=cfr(-.585,8.634,-.45,.154,-.544,-.825,.37,.806,-.462,.916,-.234,.326);es="Linear";ed="In";};["Armature.001"]={tm=.0169;cf=cfr(0,0,0,1,0,0,0,1,0,0,0,1);es="Linear";ed="In";};["Root"]={tm=.0169;cf=cfr(-.019,-2.38,0,1,0,0,0,1,0,0,0,1);es="Linear";ed="In";};["Spine01"]={tm=.0169;cf=cfr(0,0,0,.997,-.073,.003,.073,.997,-.018,-.002,.019,1);es="Linear";ed="In";};["Spine02"]={tm=.0169;cf=cfr(0,0,0,.993,-.108,-.05,.11,.992,.056,.043,-.061,.997);es="Linear";ed="In";};["Spine03"]={tm=.0169;cf=cfr(0,0,0,.991,-.096,.09,.102,.993,-.066,-.083,.074,.994);es="Linear";ed="In";};["Clavicle_Right"]={tm=.0169;cf=cfr(0,0,0,.941,-.278,-.192,.237,.949,-.21,.241,.153,.959);es="Linear";ed="In";};["UpperArm_Right"]={tm=.0169;cf=cfr(0,0,0,.826,.08,.557,-.044,.996,-.079,-.561,.041,.827);es="Linear";ed="In";};["LowerArm_Right"]={tm=.0169;cf=cfr(0,0,0,.872,-.026,-.488,-.17,.92,-.353,.458,.391,.798);es="Linear";ed="In";};["Wrist_Right"]={tm=.0169;cf=cfr(0,0,0,1,0,0,0,.997,.077,0,-.077,.997);es="Linear";ed="In";};["Hand_Right"]={tm=.0169;cf=cfr(0,0,0,1,0,0,0,.415,-.91,0,.91,.415);es="Linear";ed="In";};["Fingers_Right"]={tm=.0169;cf=cfr(0,0,-.004,1,0,0,0,-.175,-.985,0,.985,-.175);es="Linear";ed="In";};["Clavicle_Left"]={tm=.0169;cf=cfr(0,0,0,1,0,0,0,1,0,0,0,1);es="Linear";ed="In";};["UpperArm_Left"]={tm=.0169;cf=cfr(0,0,0,.567,.234,-.79,-.051,.967,.25,.822,-.102,.56);es="Linear";ed="In";};["LowerArm_Left"]={tm=.0169;cf=cfr(0,0,0,.934,.334,-.126,-.342,.939,-.044,.104,.085,.991);es="Linear";ed="In";};["Wrist_Left"]={tm=.0169;cf=cfr(0,0,0,.591,0,.807,0,1,0,-.807,0,.591);es="Linear";ed="In";};["Hand_Left"]={tm=.0169;cf=cfr(0,0,0,1,0,0,0,.401,-.916,0,.916,.401);es="Linear";ed="In";};["Fingers_Left"]={tm=.0169;cf=cfr(0,0,0,1,0,0,0,-.111,-.994,0,.994,-.111);es="Linear";ed="In";};["Neck"]={tm=.0169;cf=cfr(0,0,0,.963,-.233,.138,.236,.972,-.003,-.134,.035,.99);es="Linear";ed="In";};["Head"]={tm=.0169;cf=cfr(0,0,0,.907,-.385,-.169,.389,.921,-.013,.16,-.054,.986);es="Linear";ed="In";};["Pelvis_Right"]={tm=.0169;cf=cfr(0,0,0,1,0,0,0,1,0,0,0,1);es="Linear";ed="In";};["Thigh_Right"]={tm=.0169;cf=cfr(0,0,0,.998,.06,.019,-.054,.967,-.249,-.034,.248,.968);es="Linear";ed="In";};["Calf_Right"]={tm=.0169;cf=cfr(0,0,0,.992,-.127,-.026,.128,.936,.327,-.018,-.328,.945);es="Linear";ed="In";};["Foot_Right"]={tm=.0169;cf=cfr(0,0,0,.991,.113,-.075,-.023,.685,.728,.133,-.719,.682);es="Linear";ed="In";};["Pelvis_Left"]={tm=.0169;cf=cfr(0,0,0,1,0,0,0,1,0,0,0,1);es="Linear";ed="In";};["Thigh_Left"]={tm=.0169;cf=cfr(0,0,0,1,0,.001,0,.989,.145,-.001,-.145,.989);es="Linear";ed="In";};["Calf_Left"]={tm=.0169;cf=cfr(0,0,0,1,.009,-.005,-.01,.994,-.108,.004,.108,.994);es="Linear";ed="In";};["Foot_Left"]={tm=.0169;cf=cfr(0,0,0,1,-.017,.018,-.007,.511,.86,-.024,-.86,.51);es="Linear";ed="In";};};{tm=.15;["Foot_Right_end"]={tm=.0170;cf=cfr(-4.619,-8.453,3.423,.672,-.572,.471,-.702,-.694,.16,.236,-.438,-.867);es="Linear";ed="In";};["Foot_Left_end"]={tm=.0170;cf=cfr(.011,-.513,2.752,1,-.007,-.007,-.007,.008,-1,.007,1,.008);es="Linear";ed="In";};["RootNode"]={tm=.0170;cf=cfr(0,0,0,-1,0,0,0,1,0,0,0,-1);es="Linear";ed="In";};["Head_end"]={tm=.0170;cf=cfr(-.669,-1.131,1.59,.594,-.629,.501,.784,.593,-.184,-.182,.502,.846);es="Linear";ed="In";};["Fingers_Left_end"]={tm=.0170;cf=cfr(.813,.056,2.151,.445,.474,-.76,-.345,-.692,-.634,-.826,.545,-.144);es="Linear";ed="In";};["MinosPrime"]={tm=.0170;cf=cfr(0,0,0,1,0,0,0,1,0,0,0,1);es="Linear";ed="In";};["Fingers_Right_end"]={tm=.0170;cf=cfr(-.585,8.634,-.45,.154,-.544,-.825,.37,.806,-.462,.916,-.234,.326);es="Linear";ed="In";};["Armature.001"]={tm=.0170;cf=cfr(0,0,0,1,0,0,0,1,0,0,0,1);es="Linear";ed="In";};["Root"]={tm=.0170;cf=cfr(-.019,-2.38,0,1,0,0,0,1,0,0,0,1);es="Linear";ed="In";};["Spine01"]={tm=.0170;cf=cfr(0,0,0,.997,-.08,.003,.08,.997,-.018,-.002,.019,1);es="Linear";ed="In";};["Spine02"]={tm=.0170;cf=cfr(0,0,0,.993,-.111,-.05,.113,.992,.056,.043,-.061,.997);es="Linear";ed="In";};["Spine03"]={tm=.0170;cf=cfr(0,0,0,.991,-.097,.09,.104,.992,-.065,-.083,.074,.994);es="Linear";ed="In";};["Clavicle_Right"]={tm=.0170;cf=cfr(0,0,0,.941,-.278,-.192,.237,.949,-.21,.241,.153,.959);es="Linear";ed="In";};["UpperArm_Right"]={tm=.0170;cf=cfr(0,0,0,.827,.08,.557,-.045,.996,-.075,-.561,.037,.827);es="Linear";ed="In";};["LowerArm_Right"]={tm=.0170;cf=cfr(0,0,0,.872,-.026,-.488,-.17,.92,-.353,.458,.391,.798);es="Linear";ed="In";};["Wrist_Right"]={tm=.0170;cf=cfr(0,0,0,1,0,0,0,.997,.077,0,-.077,.997);es="Linear";ed="In";};["Hand_Right"]={tm=.0170;cf=cfr(0,0,0,1,0,0,0,.415,-.91,0,.91,.415);es="Linear";ed="In";};["Fingers_Right"]={tm=.0170;cf=cfr(0,0,-.004,1,0,0,0,-.175,-.985,0,.985,-.175);es="Linear";ed="In";};["Clavicle_Left"]={tm=.0170;cf=cfr(0,0,0,1,0,0,0,1,0,0,0,1);es="Linear";ed="In";};["UpperArm_Left"]={tm=.0170;cf=cfr(0,0,0,.567,.234,-.79,-.051,.967,.25,.822,-.102,.56);es="Linear";ed="In";};["LowerArm_Left"]={tm=.0170;cf=cfr(0,0,0,.94,.317,-.124,-.324,.946,-.035,.106,.073,.992);es="Linear";ed="In";};["Wrist_Left"]={tm=.0170;cf=cfr(0,0,0,.617,0,.787,0,1,0,-.787,0,.617);es="Linear";ed="In";};["Hand_Left"]={tm=.0170;cf=cfr(0,0,0,1,0,0,0,.401,-.916,0,.916,.401);es="Linear";ed="In";};["Fingers_Left"]={tm=.0170;cf=cfr(0,0,0,1,0,0,0,-.111,-.994,0,.994,-.111);es="Linear";ed="In";};["Neck"]={tm=.0170;cf=cfr(0,0,0,.963,-.233,.138,.236,.972,-.003,-.134,.035,.99);es="Linear";ed="In";};["Head"]={tm=.0170;cf=cfr(0,0,0,.907,-.385,-.169,.389,.921,-.013,.16,-.054,.986);es="Linear";ed="In";};["Pelvis_Right"]={tm=.0170;cf=cfr(0,0,0,1,0,0,0,1,0,0,0,1);es="Linear";ed="In";};["Thigh_Right"]={tm=.0170;cf=cfr(0,0,0,.998,.06,.02,-.053,.964,-.26,-.034,.258,.965);es="Linear";ed="In";};["Calf_Right"]={tm=.0170;cf=cfr(0,0,0,.992,-.125,-.027,.127,.928,.35,-.019,-.35,.936);es="Linear";ed="In";};["Foot_Right"]={tm=.0170;cf=cfr(0,0,0,.991,.113,-.075,-.023,.685,.728,.133,-.719,.682);es="Linear";ed="In";};["Pelvis_Left"]={tm=.0170;cf=cfr(0,0,0,1,0,0,0,1,0,0,0,1);es="Linear";ed="In";};["Thigh_Left"]={tm=.0170;cf=cfr(0,0,0,1,0,.001,0,.988,.157,-.001,-.157,.988);es="Linear";ed="In";};["Calf_Left"]={tm=.0170;cf=cfr(0,0,0,1,.009,-.005,-.01,.996,-.084,.004,.084,.996);es="Linear";ed="In";};["Foot_Left"]={tm=.0170;cf=cfr(0,0,0,1,-.017,.018,-.007,.511,.86,-.024,-.86,.51);es="Linear";ed="In";};};{tm=.167;["Foot_Right_end"]={tm=.0159;cf=cfr(-4.619,-8.453,3.423,.672,-.572,.471,-.702,-.694,.16,.236,-.438,-.867);es="Linear";ed="In";};["Foot_Left_end"]={tm=.0159;cf=cfr(.011,-.513,2.752,1,-.007,-.007,-.007,.008,-1,.007,1,.008);es="Linear";ed="In";};["RootNode"]={tm=.0159;cf=cfr(0,0,0,-1,0,0,0,1,0,0,0,-1);es="Linear";ed="In";};["Head_end"]={tm=.0159;cf=cfr(-.669,-1.131,1.59,.594,-.629,.501,.784,.593,-.184,-.182,.502,.846);es="Linear";ed="In";};["Fingers_Left_end"]={tm=.0159;cf=cfr(.813,.056,2.151,.445,.474,-.76,-.345,-.692,-.634,-.826,.545,-.144);es="Linear";ed="In";};["MinosPrime"]={tm=.0159;cf=cfr(0,0,0,1,0,0,0,1,0,0,0,1);es="Linear";ed="In";};["Fingers_Right_end"]={tm=.0159;cf=cfr(-.585,8.634,-.45,.154,-.544,-.825,.37,.806,-.462,.916,-.234,.326);es="Linear";ed="In";};["Armature.001"]={tm=.0159;cf=cfr(0,0,0,1,0,0,0,1,0,0,0,1);es="Linear";ed="In";};["Root"]={tm=.0159;cf=cfr(-.019,-2.38,0,1,0,0,0,1,0,0,0,1);es="Linear";ed="In";};["Spine01"]={tm=.0159;cf=cfr(0,0,0,.996,-.086,.003,.086,.996,-.018,-.002,.019,1);es="Linear";ed="In";};["Spine02"]={tm=.0159;cf=cfr(0,0,0,.992,-.114,-.05,.116,.992,.056,.043,-.061,.997);es="Linear";ed="In";};["Spine03"]={tm=.0159;cf=cfr(0,0,0,.991,-.099,.09,.105,.992,-.065,-.083,.074,.994);es="Linear";ed="In";};["Clavicle_Right"]={tm=.0159;cf=cfr(0,0,0,.941,-.278,-.192,.237,.949,-.21,.241,.153,.959);es="Linear";ed="In";};["UpperArm_Right"]={tm=.0159;cf=cfr(0,0,0,.827,.079,.557,-.047,.996,-.072,-.561,.033,.827);es="Linear";ed="In";};["LowerArm_Right"]={tm=.0159;cf=cfr(0,0,0,.872,-.026,-.488,-.17,.92,-.353,.458,.391,.798);es="Linear";ed="In";};["Wrist_Right"]={tm=.0159;cf=cfr(0,0,0,1,0,0,0,.997,.077,0,-.077,.997);es="Linear";ed="In";};["Hand_Right"]={tm=.0159;cf=cfr(0,0,0,1,0,0,0,.415,-.91,0,.91,.415);es="Linear";ed="In";};["Fingers_Right"]={tm=.0159;cf=cfr(0,0,-.004,1,0,0,0,-.175,-.985,0,.985,-.175);es="Linear";ed="In";};["Clavicle_Left"]={tm=.0159;cf=cfr(0,0,0,1,0,0,0,1,0,0,0,1);es="Linear";ed="In";};["UpperArm_Left"]={tm=.0159;cf=cfr(0,0,0,.567,.234,-.79,-.051,.967,.25,.822,-.102,.56);es="Linear";ed="In";};["LowerArm_Left"]={tm=.0159;cf=cfr(0,0,0,.946,.3,-.122,-.306,.952,-.025,.108,.061,.992);es="Linear";ed="In";};["Wrist_Left"]={tm=.0159;cf=cfr(0,0,0,.642,0,.767,0,1,0,-.767,0,.642);es="Linear";ed="In";};["Hand_Left"]={tm=.0159;cf=cfr(0,0,0,1,0,0,0,.401,-.916,0,.916,.401);es="Linear";ed="In";};["Fingers_Left"]={tm=.0159;cf=cfr(0,0,0,1,0,0,0,-.111,-.994,0,.994,-.111);es="Linear";ed="In";};["Neck"]={tm=.0159;cf=cfr(0,0,0,.963,-.233,.138,.236,.972,-.003,-.134,.035,.99);es="Linear";ed="In";};["Head"]={tm=.0159;cf=cfr(0,0,0,.907,-.385,-.169,.389,.921,-.013,.16,-.054,.986);es="Linear";ed="In";};["Pelvis_Right"]={tm=.0159;cf=cfr(0,0,0,1,0,0,0,1,0,0,0,1);es="Linear";ed="In";};["Thigh_Right"]={tm=.0159;cf=cfr(0,0,0,.998,.06,.02,-.053,.961,-.27,-.035,.268,.963);es="Linear";ed="In";};["Calf_Right"]={tm=.0159;cf=cfr(0,0,0,.992,-.124,-.028,.125,.92,.372,-.02,-.373,.928);es="Linear";ed="In";};["Foot_Right"]={tm=.0159;cf=cfr(0,0,0,.991,.113,-.075,-.023,.685,.728,.133,-.719,.682);es="Linear";ed="In";};["Pelvis_Left"]={tm=.0159;cf=cfr(0,0,0,1,0,0,0,1,0,0,0,1);es="Linear";ed="In";};["Thigh_Left"]={tm=.0159;cf=cfr(0,0,0,1,0,.001,0,.986,.169,-.001,-.169,.986);es="Linear";ed="In";};["Calf_Left"]={tm=.0159;cf=cfr(0,0,0,1,.009,-.004,-.009,.998,-.059,.004,.059,.998);es="Linear";ed="In";};["Foot_Left"]={tm=.0159;cf=cfr(0,0,0,1,-.017,.018,-.007,.511,.86,-.024,-.86,.51);es="Linear";ed="In";};};{tm=.183;["Foot_Right_end"]={tm=.0170;cf=cfr(-4.619,-8.453,3.423,.672,-.572,.471,-.702,-.694,.16,.236,-.438,-.867);es="Linear";ed="In";};["Foot_Left_end"]={tm=.0170;cf=cfr(.011,-.513,2.752,1,-.007,-.007,-.007,.008,-1,.007,1,.008);es="Linear";ed="In";};["RootNode"]={tm=.0170;cf=cfr(0,0,0,-1,0,0,0,1,0,0,0,-1);es="Linear";ed="In";};["Head_end"]={tm=.0170;cf=cfr(-.669,-1.131,1.59,.594,-.629,.501,.784,.593,-.184,-.182,.502,.846);es="Linear";ed="In";};["Fingers_Left_end"]={tm=.0170;cf=cfr(.813,.056,2.151,.445,.474,-.76,-.345,-.692,-.634,-.826,.545,-.144);es="Linear";ed="In";};["MinosPrime"]={tm=.0170;cf=cfr(0,0,0,1,0,0,0,1,0,0,0,1);es="Linear";ed="In";};["Fingers_Right_end"]={tm=.0170;cf=cfr(-.585,8.634,-.45,.154,-.544,-.825,.37,.806,-.462,.916,-.234,.326);es="Linear";ed="In";};["Armature.001"]={tm=.0170;cf=cfr(0,0,0,1,0,0,0,1,0,0,0,1);es="Linear";ed="In";};["Root"]={tm=.0170;cf=cfr(-.019,-2.38,0,1,0,0,0,1,0,0,0,1);es="Linear";ed="In";};["Spine01"]={tm=.0170;cf=cfr(0,0,0,.996,-.092,.003,.092,.996,-.018,-.002,.019,1);es="Linear";ed="In";};["Spine02"]={tm=.0170;cf=cfr(0,0,0,.992,-.117,-.05,.119,.991,.055,.043,-.061,.997);es="Linear";ed="In";};["Spine03"]={tm=.0170;cf=cfr(0,0,0,.991,-.1,.09,.106,.992,-.065,-.083,.074,.994);es="Linear";ed="In";};["Clavicle_Right"]={tm=.0170;cf=cfr(0,0,0,.941,-.278,-.192,.237,.949,-.21,.241,.153,.959);es="Linear";ed="In";};["UpperArm_Right"]={tm=.0170;cf=cfr(0,0,0,.827,.079,.557,-.049,.996,-.068,-.56,.029,.828);es="Linear";ed="In";};["LowerArm_Right"]={tm=.0170;cf=cfr(0,0,0,.872,-.026,-.488,-.17,.92,-.353,.458,.391,.798);es="Linear";ed="In";};["Wrist_Right"]={tm=.0170;cf=cfr(0,0,0,1,0,0,0,.997,.077,0,-.077,.997);es="Linear";ed="In";};["Hand_Right"]={tm=.0170;cf=cfr(0,0,0,1,0,0,0,.415,-.91,0,.91,.415);es="Linear";ed="In";};["Fingers_Right"]={tm=.0170;cf=cfr(0,0,-.004,1,0,0,0,-.175,-.985,0,.985,-.175);es="Linear";ed="In";};["Clavicle_Left"]={tm=.0170;cf=cfr(0,0,0,1,0,0,0,1,0,0,0,1);es="Linear";ed="In";};["UpperArm_Left"]={tm=.0170;cf=cfr(0,0,0,.567,.234,-.79,-.051,.967,.25,.822,-.102,.56);es="Linear";ed="In";};["LowerArm_Left"]={tm=.0170;cf=cfr(0,0,0,.951,.283,-.12,-.287,.958,-.015,.11,.049,.993);es="Linear";ed="In";};["Wri