-- // converted using mech's animoduler
local cfr = CFrame.new

return {{tm=0;["Foot_Right_end"]={tm=.017;cf=cfr(-4.619,-8.453,3.423,.672,-.572,.471,-.702,-.694,.16,.236,-.438,-.867);es="Linear";ed="In";};["Foot_Left_end"]={tm=.017;cf=cfr(.011,-.513,2.752,1,-.007,-.007,-.007,.008,-1,.007,1,.008);es="Linear";ed="In";};["RootNode"]={tm=.017;cf=cfr(0,0,0,-1,0,0,0,1,0,0,0,-1);es="Linear";ed="In";};["Head_end"]={tm=.017;cf=cfr(-.669,-1.131,1.59,.594,-.629,.501,.784,.593,-.184,-.182,.502,.846);es="Linear";ed="In";};["Fingers_Left_end"]={tm=.017;cf=cfr(.813,.056,2.151,.445,.474,-.76,-.345,-.692,-.634,-.826,.545,-.144);es="Linear";ed="In";};["MinosPrime"]={tm=.017;cf=cfr(0,0,0,1,0,0,0,1,0,0,0,1);es="Linear";ed="In";};["Fingers_Right_end"]={tm=.017;cf=cfr(-.585,8.634,-.45,.154,-.544,-.825,.37,.806,-.462,.916,-.234,.326);es="Linear";ed="In";};["Armature.001"]={tm=.017;cf=cfr(0,0,0,1,0,0,0,1,0,0,0,1);es="Linear";ed="In";};["Root"]={tm=.017;cf=cfr(0,0,0,1,0,0,0,1,0,0,0,1);es="Linear";ed="In";};["Spine01"]={tm=.017;cf=cfr(0,0,0,.999,-.039,0,.039,.999,0,0,0,1);es="Linear";ed="In";};["Spine02"]={tm=.017;cf=cfr(0,0,0,1,0,0,0,1,0,0,0,1);es="Linear";ed="In";};["Spine03"]={tm=.017;cf=cfr(0,0,0,1,0,0,0,1,0,0,0,1);es="Linear";ed="In";};["Clavicle_Right"]={tm=.017;cf=cfr(0,0,0,1,0,0,0,1,0,0,0,1);es="Linear";ed="In";};["UpperArm_Right"]={tm=.017;cf=cfr(0,0,0,.981,-.143,-.131,.176,.941,.288,.081,-.306,.949);es="Linear";ed="In";};["LowerArm_Right"]={tm=.017;cf=cfr(0,0,0,.039,-.392,-.919,-.235,.891,-.39,.971,.231,-.057);es="Linear";ed="In";};["Wrist_Right"]={tm=.017;cf=cfr(0,0,0,1,0,0,0,1,0,0,0,1);es="Linear";ed="In";};["Hand_Right"]={tm=.017;cf=cfr(0,0,0,1,0,0,0,.967,-.255,0,.255,.967);es="Linear";ed="In";};["Fingers_Right"]={tm=.017;cf=cfr(0,0,-.004,1,0,0,0,.811,-.585,0,.585,.811);es="Linear";ed="In";};["Clavicle_Left"]={tm=.017;cf=cfr(0,0,0,1,0,0,0,1,0,0,0,1);es="Linear";ed="In";};["UpperArm_Left"]={tm=.017;cf=cfr(0,0,0,.965,.232,.122,-.257,.929,.267,-.052,-.289,.956);es="Linear";ed="In";};["LowerArm_Left"]={tm=.017;cf=cfr(0,0,0,.472,.311,.825,.257,.847,-.466,-.843,.432,.32);es="Linear";ed="In";};["Wrist_Left"]={tm=.017;cf=cfr(0,0,0,1,0,0,0,1,0,0,0,1);es="Linear";ed="In";};["Hand_Left"]={tm=.017;cf=cfr(0,0,0,1,0,0,0,.975,-.221,0,.221,.975);es="Linear";ed="In";};["Fingers_Left"]={tm=.017;cf=cfr(0,0,0,1,0,0,0,.867,-.498,0,.498,.867);es="Linear";ed="In";};["Neck"]={tm=.017;cf=cfr(0,0,0,1,-.03,0,.03,1,0,0,0,1);es="Linear";ed="In";};["Head"]={tm=.017;cf=cfr(0,0,0,.966,.258,-.01,-.258,.966,.004,.011,-.001,1);es="Linear";ed="In";};["Pelvis_Right"]={tm=.017;cf=cfr(0,0,0,1,0,0,0,1,0,0,0,1);es="Linear";ed="In";};["Thigh_Right"]={tm=.017;cf=cfr(0,0,0,1,0,0,0,1,0,0,0,1);es="Linear";ed="In";};["Calf_Right"]={tm=.017;cf=cfr(0,0,0,1,0,0,0,1,0,0,0,1);es="Linear";ed="In";};["Foot_Right"]={tm=.017;cf=cfr(0,0,0,1,0,0,0,1,0,0,0,1);es="Linear";ed="In";};["Pelvis_Left"]={tm=.017;cf=cfr(0,0,0,1,0,0,0,1,0,0,0,1);es="Linear";ed="In";};["Thigh_Left"]={tm=.017;cf=cfr(0,0,0,1,0,0,0,1,0,0,0,1);es="Linear";ed="In";};["Calf_Left"]={tm=.017;cf=cfr(0,0,0,1,0,0,0,1,0,0,0,1);es="Linear";ed="In";};["Foot_Left"]={tm=.017;cf=cfr(0,0,0,1,0,0,0,1,0,0,0,1);es="Linear";ed="In";};};{tm=.017;["Foot_Right_end"]={tm=.017;cf=cfr(-4.619,-8.453,3.423,.672,-.572,.471,-.702,-.694,.16,.236,-.438,-.867);es="Linear";ed="In";};["Foot_Left_end"]={tm=.017;cf=cfr(.011,-.513,2.752,1,-.007,-.007,-.007,.008,-1,.007,1,.008);es="Linear";ed="In";};["RootNode"]={tm=.017;cf=cfr(0,0,0,-1,0,0,0,1,0,0,0,-1);es="Linear";ed="In";};["Head_end"]={tm=.017;cf=cfr(-.669,-1.131,1.59,.594,-.629,.501,.784,.593,-.184,-.182,.502,.846);es="Linear";ed="In";};["Fingers_Left_end"]={tm=.017;cf=cfr(.813,.056,2.151,.445,.474,-.76,-.345,-.692,-.634,-.826,.545,-.144);es="Linear";ed="In";};["MinosPrime"]={tm=.017;cf=cfr(0,0,0,1,0,0,0,1,0,0,0,1);es="Linear";ed="In";};["Fingers_Right_end"]={tm=.017;cf=cfr(-.585,8.634,-.45,.154,-.544,-.825,.37,.806,-.462,.916,-.234,.326);es="Linear";ed="In";};["Armature.001"]={tm=.017;cf=cfr(0,0,0,1,0,0,0,1,0,0,0,1);es="Linear";ed="In";};["Root"]={tm=.017;cf=cfr(-.051,-.079,0,1,0,0,0,1,0,0,0,1);es="Linear";ed="In";};["Spine01"]={tm=.017;cf=cfr(0,0,0,.999,-.039,.003,.039,.999,0,-.003,0,1);es="Linear";ed="In";};["Spine02"]={tm=.017;cf=cfr(0,0,0,.999,0,-.052,0,1,0,.052,0,.999);es="Linear";ed="In";};["Spine03"]={tm=.017;cf=cfr(0,0,0,1,0,-.03,0,1,0,.03,0,1);es="Linear";ed="In";};["Clavicle_Right"]={tm=.017;cf=cfr(0,0,0,1,0,0,0,1,0,0,0,1);es="Linear";ed="In";};["UpperArm_Right"]={tm=.017;cf=cfr(0,0,0,.987,-.106,-.118,.138,.94,.312,.078,-.324,.943);es="Linear";ed="In";};["LowerArm_Right"]={tm=.017;cf=cfr(0,0,0,.054,-.392,-.918,-.301,.871,-.389,.952,.297,-.071);es="Linear";ed="In";};["Wrist_Right"]={tm=.017;cf=cfr(0,0,0,1,0,0,0,1,0,0,0,1);es="Linear";ed="In";};["Hand_Right"]={tm=.017;cf=cfr(0,0,0,1,0,0,0,.95,-.312,0,.312,.95);es="Linear";ed="In";};["Fingers_Right"]={tm=.017;cf=cfr(0,0,-.004,1,0,0,0,.775,-.632,0,.632,.775);es="Linear";ed="In";};["Clavicle_Left"]={tm=.017;cf=cfr(0,0,0,1,0,0,0,1,0,0,0,1);es="Linear";ed="In";};["UpperArm_Left"]={tm=.017;cf=cfr(0,0,0,.973,.19,.133,-.218,.944,.246,-.079,-.268,.96);es="Linear";ed="In";};["LowerArm_Left"]={tm=.017;cf=cfr(0,0,0,.45,.314,.836,.221,.868,-.445,-.865,.385,.321);es="Linear";ed="In";};["Wrist_Left"]={tm=.017;cf=cfr(0,0,0,1,0,0,0,.999,.048,0,-.048,.999);es="Linear";ed="In";};["Hand_Left"]={tm=.017;cf=cfr(0,0,0,1,0,0,0,.983,-.181,0,.181,.983);es="Linear";ed="In";};["Fingers_Left"]={tm=.017;cf=cfr(0,0,0,1,0,0,0,.884,-.467,0,.467,.884);es="Linear";ed="In";};["Neck"]={tm=.017;cf=cfr(0,0,0,.999,-.021,.034,.021,1,.008,-.034,-.007,.999);es="Linear";ed="In";};["Head"]={tm=.017;cf=cfr(0,0,0,.965,.258,.033,-.258,.966,-.007,-.033,-.001,.999);es="Linear";ed="In";};["Pelvis_Right"]={tm=.017;cf=cfr(0,0,0,1,0,0,0,1,0,0,0,1);es="Linear";ed="In";};["Thigh_Right"]={tm=.017;cf=cfr(0,0,0,1,0,-.001,0,.999,.041,.001,-.041,.999);es="Linear";ed="In";};["Calf_Right"]={tm=.017;cf=cfr(0,0,0,1,0,-.001,0,.999,.033,.001,-.033,.999);es="Linear";ed="In";};["Foot_Right"]={tm=.017;cf=cfr(0,0,0,1,0,0,0,.999,-.033,0,.033,.999);es="Linear";ed="In";};["Pelvis_Left"]={tm=.017;cf=cfr(0,0,0,1,0,0,0,1,0,0,0,1);es="Linear";ed="In";};["Thigh_Left"]={tm=.017;cf=cfr(0,0,0,1,.001,-.001,-.001,.999,-.046,.001,.046,.999);es="Linear";ed="In";};["Calf_Left"]={tm=.017;cf=cfr(0,0,0,1,0,.001,0,.999,.045,-.001,-.045,.999);es="Linear";ed="In";};["Foot_Left"]={tm=.017;cf=cfr(0,0,0,1,0,0,0,1,0,0,0,1);es="Linear";ed="In";};};{tm=.034;["Foot_Right_end"]={tm=.0169;cf=cfr(-4.619,-8.453,3.423,.672,-.572,.471,-.702,-.694,.16,.236,-.438,-.867);es="Linear";ed="In";};["Foot_Left_end"]={tm=.0169;cf=cfr(.011,-.513,2.752,1,-.007,-.007,-.007,.008,-1,.007,1,.008);es="Linear";ed="In";};["RootNode"]={tm=.0169;cf=cfr(0,0,0,-1,0,0,0,1,0,0,0,-1);es="Linear";ed="In";};["Head_end"]={tm=.0169;cf=cfr(-.669,-1.131,1.59,.594,-.629,.501,.784,.593,-.184,-.182,.502,.846);es="Linear";ed="In";};["Fingers_Left_end"]={tm=.0169;cf=cfr(.813,.056,2.151,.445,.474,-.76,-.345,-.692,-.634,-.826,.545,-.144);es="Linear";ed="In";};["MinosPrime"]={tm=.0169;cf=cfr(0,0,0,1,0,0,0,1,0,0,0,1);es="Linear";ed="In";};["Fingers_Right_end"]={tm=.0169;cf=cfr(-.585,8.634,-.45,.154,-.544,-.825,.37,.806,-.462,.916,-.234,.326);es="Linear";ed="In";};["Armature.001"]={tm=.0169;cf=cfr(0,0,0,1,0,0,0,1,0,0,0,1);es="Linear";ed="In";};["Root"]={tm=.0169;cf=cfr(-.195,-.289,0,1,0,0,0,1,0,0,0,1);es="Linear";ed="In";};["Spine01"]={tm=.0169;cf=cfr(0,0,0,.999,-.039,.007,.039,.999,0,-.007,0,1);es="Linear";ed="In";};["Spine02"]={tm=.0169;cf=cfr(0,0,0,.995,0,-.104,0,1,0,.104,0,.995);es="Linear";ed="In";};["Spine03"]={tm=.0169;cf=cfr(0,0,0,.998,0,-.06,0,1,0,.06,0,.998);es="Linear";ed="In";};["Clavicle_Right"]={tm=.0169;cf=cfr(0,0,0,1,0,0,0,1,0,0,0,1);es="Linear";ed="In";};["UpperArm_Right"]={tm=.0169;cf=cfr(0,0,0,.997,.042,-.057,-.016,.918,.397,.07,-.395,.916);es="Linear";ed="In";};["LowerArm_Right"]={tm=.0169;cf=cfr(0,0,0,.112,-.382,-.918,-.502,.775,-.383,.857,.504,-.105);es="Linear";ed="In";};["Wrist_Right"]={tm=.0169;cf=cfr(0,0,0,1,0,0,0,1,0,0,0,1);es="Linear";ed="In";};["Hand_Right"]={tm=.0169;cf=cfr(0,0,0,1,0,0,0,.929,-.369,0,.369,.929);es="Linear";ed="In";};["Fingers_Right"]={tm=.0169;cf=cfr(0,0,-.004,1,0,0,0,.736,-.677,0,.677,.736);es="Linear";ed="In";};["Clavicle_Left"]={tm=.0169;cf=cfr(0,0,0,1,0,0,0,1,0,0,0,1);es="Linear";ed="In";};["UpperArm_Left"]={tm=.0169;cf=cfr(0,0,0,.983,.019,.185,-.05,.985,.163,-.179,-.169,.969);es="Linear";ed="In";};["LowerArm_Left"]={tm=.0169;cf=cfr(0,0,0,.428,.317,.846,.183,.887,-.425,-.885,.337,.321);es="Linear";ed="In";};["Wrist_Left"]={tm=.0169;cf=cfr(0,0,0,1,0,0,0,.971,.241,0,-.241,.971);es="Linear";ed="In";};["Hand_Left"]={tm=.0169;cf=cfr(0,0,0,1,0,0,0,.99,-.142,0,.142,.99);es="Linear";ed="In";};["Fingers_Left"]={tm=.0169;cf=cfr(0,0,0,1,0,0,0,.901,-.435,0,.435,.901);es="Linear";ed="In";};["Neck"]={tm=.0169;cf=cfr(0,0,0,.998,-.013,.067,.012,1,.015,-.068,-.014,.998);es="Linear";ed="In";};["Head"]={tm=.0169;cf=cfr(0,0,0,.963,.258,.076,-.258,.966,-.019,-.078,-.001,.997);es="Linear";ed="In";};["Pelvis_Right"]={tm=.0169;cf=cfr(0,0,0,1,0,0,0,1,0,0,0,1);es="Linear";ed="In";};["Thigh_Right"]={tm=.0169;cf=cfr(0,0,0,1,0,-.001,0,.997,.081,.001,-.081,.997);es="Linear";ed="In";};["Calf_Right"]={tm=.0169;cf=cfr(0,0,0,1,.001,-.001,-.001,.998,.066,.001,-.066,.998);es="Linear";ed="In";};["Foot_Right"]={tm=.0169;cf=cfr(0,0,0,1,.001,.002,-.001,.987,-.162,-.002,.162,.987);es="Linear";ed="In";};["Pelvis_Left"]={tm=.0169;cf=cfr(0,0,0,1,0,0,0,1,0,0,0,1);es="Linear";ed="In";};["Thigh_Left"]={tm=.0169;cf=cfr(0,0,0,1,.002,-.004,-.002,.973,-.23,.004,.23,.973);es="Linear";ed="In";};["Calf_Left"]={tm=.0169;cf=cfr(0,0,0,1,-.003,.003,.002,.975,.222,-.004,-.222,.975);es="Linear";ed="In";};["Foot_Left"]={tm=.0169;cf=cfr(0,0,0,1,0,0,0,1,0,0,0,1);es="Linear";ed="In";};};{tm=.051;["Foot_Right_end"]={tm=.0170;cf=cfr(-4.619,-8.453,3.423,.672,-.572,.471,-.702,-.694,.16,.236,-.438,-.867);es="Linear";ed="In";};["Foot_Left_end"]={tm=.0170;cf=cfr(.011,-.513,2.752,1,-.007,-.007,-.007,.008,-1,.007,1,.008);es="Linear";ed="In";};["RootNode"]={tm=.0170;cf=cfr(0,0,0,-1,0,0,0,1,0,0,0,-1);es="Linear";ed="In";};["Head_end"]={tm=.0170;cf=cfr(-.669,-1.131,1.59,.594,-.629,.501,.784,.593,-.184,-.182,.502,.846);es="Linear";ed="In";};["Fingers_Left_end"]={tm=.0170;cf=cfr(.813,.056,2.151,.445,.474,-.76,-.345,-.692,-.634,-.826,.545,-.144);es="Linear";ed="In";};["MinosPrime"]={tm=.0170;cf=cfr(0,0,0,1,0,0,0,1,0,0,0,1);es="Linear";ed="In";};["Fingers_Right_end"]={tm=.0170;cf=cfr(-.585,8.634,-.45,.154,-.544,-.825,.37,.806,-.462,.916,-.234,.326);es="Linear";ed="In";};["Armature.001"]={tm=.0170;cf=cfr(0,0,0,1,0,0,0,1,0,0,0,1);es="Linear";ed="In";};["Root"]={tm=.0170;cf=cfr(-.419,-.594,0,1,0,0,0,1,0,0,0,1);es="Linear";ed="In";};["Spine01"]={tm=.0170;cf=cfr(0,0,0,.999,-.039,.01,.039,.999,0,-.01,0,1);es="Linear";ed="In";};["Spine02"]={tm=.0170;cf=cfr(0,0,0,.973,0,-.231,0,1,0,.231,0,.973);es="Linear";ed="In";};["Spine03"]={tm=.0170;cf=cfr(0,0,0,.996,0,-.089,0,1,0,.089,0,.996);es="Linear";ed="In";};["Clavicle_Right"]={tm=.0170;cf=cfr(0,0,0,1,0,0,0,1,0,0,0,1);es="Linear";ed="In";};["UpperArm_Right"]={tm=.0170;cf=cfr(0,0,0,.983,.186,.016,-.171,.866,.47,.073,-.465,.882);es="Linear";ed="In";};["LowerArm_Right"]={tm=.0170;cf=cfr(0,0,0,.166,-.358,-.919,-.677,.636,-.37,.717,.683,-.137);es="Linear";ed="In";};["Wrist_Right"]={tm=.0170;cf=cfr(0,0,0,1,0,0,0,1,0,0,0,1);es="Linear";ed="In";};["Hand_Right"]={tm=.0170;cf=cfr(0,0,0,1,0,0,0,.864,-.504,0,.504,.864);es="Linear";ed="In";};["Fingers_Right"]={tm=.0170;cf=cfr(0,0,-.004,1,0,0,0,.628,-.778,0,.778,.628);es="Linear";ed="In";};["Clavicle_Left"]={tm=.0170;cf=cfr(0,0,0,1,0,0,0,1,0,0,0,1);es="Linear";ed="In";};["UpperArm_Left"]={tm=.0170;cf=cfr(0,0,0,.957,-.147,.251,.129,.988,.088,-.261,-.052,.964);es="Linear";ed="In";};["LowerArm_Left"]={tm=.0170;cf=cfr(0,0,0,.373,.317,.872,.087,.924,-.373,-.924,.215,.317);es="Linear";ed="In";};["Wrist_Left"]={tm=.0170;cf=cfr(0,0,0,1,0,0,0,.905,.426,0,-.426,.905);es="Linear";ed="In";};["Hand_Left"]={tm=.0170;cf=cfr(0,0,0,1,0,0,0,.995,-.102,0,.102,.995);es="Linear";ed="In";};["Fingers_Left"]={tm=.0170;cf=cfr(0,0,0,1,0,0,0,.935,-.354,0,.354,.935);es="Linear";ed="In";};["Neck"]={tm=.0170;cf=cfr(0,0,0,.995,-.004,.101,.002,1,.022,-.101,-.022,.995);es="Linear";ed="In";};["Head"]={tm=.0170;cf=cfr(0,0,0,.959,.259,.118,-.257,.966,-.03,-.122,-.001,.992);es="Linear";ed="In";};["Pelvis_Right"]={tm=.0170;cf=cfr(0,0,0,1,0,0,0,1,0,0,0,1);es="Linear";ed="In";};["Thigh_Right"]={tm=.0170;cf=cfr(0,0,0,1,.001,-.003,0,.984,.18,.003,-.18,.984);es="Linear";ed="In";};["Calf_Right"]={tm=.0170;cf=cfr(0,0,0,1,.001,-.002,-.001,.995,.099,.002,-.099,.995);es="Linear";ed="In";};["Foot_Right"]={tm=.0170;cf=cfr(0,0,0,1,.003,.004,-.001,.958,-.287,-.004,.287,.958);es="Linear";ed="In";};["Pelvis_Left"]={tm=.0170;cf=cfr(0,0,0,1,0,0,0,1,0,0,0,1);es="Linear";ed="In";};["Thigh_Left"]={tm=.0170;cf=cfr(0,0,0,1,.002,-.008,-.005,.913,-.408,.007,.408,.913);es="Linear";ed="In";};["Calf_Left"]={tm=.0170;cf=cfr(0,0,0,1,-.006,.006,.003,.92,.393,-.007,-.393,.92);es="Linear";ed="In";};["Foot_Left"]={tm=.0170;cf=cfr(0,0,0,1,0,0,0,1,0,0,0,1);es="Linear";ed="In";};};{tm=.068;["Foot_Right_end"]={tm=.017;cf=cfr(-4.619,-8.453,3.423,.672,-.572,.471,-.702,-.694,.16,.236,-.438,-.867);es="Linear";ed="In";};["Foot_Left_end"]={tm=.017;cf=cfr(.011,-.513,2.752,1,-.007,-.007,-.007,.008,-1,.007,1,.008);es="Linear";ed="In";};["RootNode"]={tm=.017;cf=cfr(0,0,0,-1,0,0,0,1,0,0,0,-1);es="Linear";ed="In";};["Head_end"]={tm=.017;cf=cfr(-.669,-1.131,1.59,.594,-.629,.501,.784,.593,-.184,-.182,.502,.846);es="Linear";ed="In";};["Fingers_Left_end"]={tm=.017;cf=cfr(.813,.056,2.151,.445,.474,-.76,-.345,-.692,-.634,-.826,.545,-.144);es="Linear";ed="In";};["MinosPrime"]={tm=.017;cf=cfr(0,0,0,1,0,0,0,1,0,0,0,1);es="Linear";ed="In";};["Fingers_Right_end"]={tm=.017;cf=cfr(-.585,8.634,-.45,.154,-.544,-.825,.37,.806,-.462,.916,-.234,.326);es="Linear";ed="In";};["Armature.001"]={tm=.017;cf=cfr(0,0,0,1,0,0,0,1,0,0,0,1);es="Linear";ed="In";};["Root"]={tm=.017;cf=cfr(-.707,-.955,0,1,0,0,0,1,0,0,0,1);es="Linear";ed="In";};["Spine01"]={tm=.017;cf=cfr(0,0,0,.999,-.039,.013,.039,.999,.001,-.013,0,1);es="Linear";ed="In";};["Spine02"]={tm=.017;cf=cfr(0,0,0,.935,0,-.354,0,1,0,.354,0,.935);es="Linear";ed="In";};["Spine03"]={tm=.017;cf=cfr(0,0,0,.993,0,-.119,0,1,0,.119,0,.993);es="Linear";ed="In";};["Clavicle_Right"]={tm=.017;cf=cfr(0,0,0,1,0,0,0,1,0,0,0,1);es="Linear";ed="In";};["UpperArm_Right"]={tm=.017;cf=cfr(0,0,0,.943,.317,.099,-.32,.787,.528,.089,-.53,.844);es="Linear";ed="In";};["LowerArm_Right"]={tm=.017;cf=cfr(0,0,0,.25,-.291,-.923,-.853,.386,-.352,.459,.875,-.152);es="Linear";ed="In";};["Wrist_Right"]={tm=.017;cf=cfr(0,0,0,1,0,0,0,1,0,0,0,1);es="Linear";ed="In";};["Hand_Right"]={tm=.017;cf=cfr(0,0,0,1,0,0,0,.778,-.629,0,.629,.778);es="Linear";ed="In";};["Fingers_Right"]={tm=.017;cf=cfr(0,0,-.004,1,0,0,0,.507,-.862,0,.862,.507);es="Linear";ed="In";};["Clavicle_Left"]={tm=.017;cf=cfr(0,0,0,1,0,0,0,1,0,0,0,1);es="Linear";ed="In";};["UpperArm_Left"]={tm=.017;cf=cfr(0,0,0,.897,-.298,.326,.307,.951,.026,-.318,.077,.945);es="Linear";ed="In";};["LowerArm_Left"]={tm=.017;cf=cfr(0,0,0,.317,.31,.896,-.015,.947,-.322,-.948,.089,.305);es="Linear";ed="In";};["Wrist_Left"]={tm=.017;cf=cfr(0,0,0,1,0,0,0,.805,.593,0,-.593,.805);es="Linear";ed="In";};["Hand_Left"]={tm=.017;cf=cfr(0,0,0,1,0,0,0,.999,-.036,0,.036,.999);es="Linear";ed="In";};["Fingers_Left"]={tm=.017;cf=cfr(0,0,0,1,0,0,0,.963,-.27,0,.27,.963);es="Linear";ed="In";};["Neck"]={tm=.017;cf=cfr(0,0,0,.989,.007,.149,-.012,.999,.032,-.149,-.033,.988);es="Linear";ed="In";};["Head"]={tm=.017;cf=cfr(0,0,0,.946,.258,.194,-.253,.966,-.051,-.201,-.001,.98);es="Linear";ed="In";};["Pelvis_Right"]={tm=.017;cf=cfr(0,0,0,1,0,0,0,1,0,0,0,1);es="Linear";ed="In";};["Thigh_Right"]={tm=.017;cf=cfr(0,0,0,1,.002,-.005,0,.961,.277,.005,-.277,.961);es="Linear";ed="In";};["Calf_Right"]={tm=.017;cf=cfr(0,0,0,1,.002,-.002,-.001,.991,.131,.002,-.131,.991);es="Linear";ed="In";};["Foot_Right"]={tm=.017;cf=cfr(0,0,0,1,.004,.005,-.002,.913,-.408,-.006,.408,.913);es="Linear";ed="In";};["Pelvis_Left"]={tm=.017;cf=cfr(0,0,0,1,0,0,0,1,0,0,0,1);es="Linear";ed="In";};["Thigh_Left"]={tm=.017;cf=cfr(0,0,0,1,.001,-.012,-.007,.822,-.569,.009,.57,.822);es="Linear";ed="In";};["Calf_Left"]={tm=.017;cf=cfr(0,0,0,1,-.009,.007,.003,.835,.55,-.011,-.55,.835);es="Linear";ed="In";};["Foot_Left"]={tm=.017;cf=cfr(0,0,0,1,0,0,0,1,0,0,0,1);es="Linear";ed="In";};};{tm=.085;["Foot_Right_end"]={tm=.016;cf=cfr(-4.619,-8.453,3.423,.672,-.572,.471,-.702,-.694,.16,.236,-.438,-.867);es="Linear";ed="In";};["Foot_Left_end"]={tm=.016;cf=cfr(.011,-.513,2.752,1,-.007,-.007,-.007,.008,-1,.007,1,.008);es="Linear";ed="In";};["RootNode"]={tm=.016;cf=cfr(0,0,0,-1,0,0,0,1,0,0,0,-1);es="Linear";ed="In";};["Head_end"]={tm=.016;cf=cfr(-.669,-1.131,1.59,.594,-.629,.501,.784,.593,-.184,-.182,.502,.846);es="Linear";ed="In";};["Fingers_Left_end"]={tm=.016;cf=cfr(.813,.056,2.151,.445,.474,-.76,-.345,-.692,-.634,-.826,.545,-.144);es="Linear";ed="In";};["MinosPrime"]={tm=.016;cf=cfr(0,0,0,1,0,0,0,1,0,0,0,1);es="Linear";ed="In";};["Fingers_Right_end"]={tm=.016;cf=cfr(-.585,8.634,-.45,.154,-.544,-.825,.37,.806,-.462,.916,-.234,.326);es="Linear";ed="In";};["Armature.001"]={tm=.016;cf=cfr(0,0,0,1,0,0,0,1,0,0,0,1);es="Linear";ed="In";};["Root"]={tm=.016;cf=cfr(-1.047,-1.335,0,1,0,0,0,1,0,0,0,1);es="Linear";ed="In";};["Spine01"]={tm=.016;cf=cfr(0,0,0,.999,-.039,.017,.039,.999,.001,-.017,0,1);es="Linear";ed="In";};["Spine02"]={tm=.016;cf=cfr(0,0,0,.882,0,-.471,0,1,0,.471,0,.882);es="Linear";ed="In";};["Spine03"]={tm=.016;cf=cfr(0,0,0,.989,0,-.149,0,1,0,.149,0,.989);es="Linear";ed="In";};["Clavicle_Right"]={tm=.016;cf=cfr(0,0,0,1,0,0,0,1,0,0,0,1);es="Linear";ed="In";};["UpperArm_Right"]={tm=.016;cf=cfr(0,0,0,.856,.467,.22,-.5,.646,.577,.127,-.604,.787);es="Linear";ed="In";};["LowerArm_Right"]={tm=.016;cf=cfr(0,0,0,.323,-.18,-.929,-.937,.081,-.341,.137,.98,-.143);es="Linear";ed="In";};["Wrist_Right"]={tm=.016;cf=cfr(0,0,0,1,0,0,0,1,0,0,0,1);es="Linear";ed="In";};["Hand_Right"]={tm=.016;cf=cfr(0,0,0,1,0,0,0,.675,-.738,0,.738,.675);es="Linear";ed="In";};["Fingers_Right"]={tm=.016;cf=cfr(0,0,-.004,1,0,0,0,.374,-.927,0,.927,.374);es="Linear";ed="In";};["Clavicle_Left"]={tm=.016;cf=cfr(0,0,0,1,0,0,0,1,0,0,0,1);es="Linear";ed="In";};["UpperArm_Left"]={tm=.016;cf=cfr(0,0,0,.763,-.474,.44,.542,.84,-.034,-.353,.264,.898);es="Linear";ed="In";};["LowerArm_Left"]={tm=.016;cf=cfr(0,0,0,.262,.295,.919,-.119,.955,-.272,-.958,-.038,.286);es="Linear";ed="In";};["Wrist_Left"]={tm=.016;cf=cfr(0,0,0,1,0,0,0,.619,.785,0,-.785,.619);es="Linear";ed="In";};["Hand_Left"]={tm=.016;cf=cfr(0,0,0,1,0,0,0,1,.03,0,-.03,1);es="Linear";ed="In";};["Fingers_Left"]={tm=.016;cf=cfr(0,0,0,1,0,0,0,.983,-.185,0,.185,.983);es="Linear";ed="In";};["Neck"]={tm=.016;cf=cfr(0,0,0,.98,.018,.197,-.027,.999,.041,-.196,-.045,.98);es="Linear";ed="In";};["Head"]={tm=.016;cf=cfr(0,0,0,.928,.258,.269,-.249,.966,-.071,-.278,-.001,.96);es="Linear";ed="In";};["Pelvis_Right"]={tm=.016;cf=cfr(0,0,0,1,0,0,0,1,0,0,0,1);es="Linear";ed="In";};["Thigh_Right"]={tm=.016;cf=cfr(0,0,0,1,.003,-.007,0,.928,.372,.007,-.372,.928);es="Linear";ed="In";};["Calf_Right"]={tm=.016;cf=cfr(0,0,0,1,.002,-.003,-.002,.986,.164,.003,-.164,.986);es="Linear";ed="In";};["Foot_Right"]={tm=.016;cf=cfr(0,0,0,1,.006,.006,-.002,.839,-.545,-.009,.545,.839);es="Linear";ed="In";};["Pelvis_Left"]={tm=.016;cf=cfr(0,0,0,1,0,0,0,1,0,0,0,1);es="Linear";ed="In";};["Thigh_Left"]={tm=.016;cf=cfr(0,0,0,1,-.001,-.016,-.012,.658,-.753,.011,.753,.658);es="Linear";ed="In";};["Calf_Left"]={tm=.016;cf=cfr(0,0,0,1,-.013,.009,.003,.683,.73,-.015,-.73,.683);es="Linear";ed="In";};["Foot_Left"]={tm=.016;cf=cfr(0,0,0,1,0,0,0,1,0,0,0,1);es="Linear";ed="In";};};{tm=.101;["Foot_Right_end"]={tm=.0169;cf=cfr(-4.619,-8.453,3.423,.672,-.572,.471,-.702,-.694,.16,.236,-.438,-.867);es="Linear";ed="In";};["Foot_Left_end"]={tm=.0169;cf=cfr(.011,-.513,2.752,1,-.007,-.007,-.007,.008,-1,.007,1,.008);es="Linear";ed="In";};["RootNode"]={tm=.0169;cf=cfr(0,0,0,-1,0,0,0,1,0,0,0,-1);es="Linear";ed="In";};["Head_end"]={tm=.0169;cf=cfr(-.669,-1.131,1.59,.594,-.629,.501,.784,.593,-.184,-.182,.502,.846);es="Linear";ed="In";};["Fingers_Left_end"]={tm=.0169;cf=cfr(.813,.056,2.151,.445,.474,-.76,-.345,-.692,-.634,-.826,.545,-.144);es="Linear";ed="In";};["MinosPrime"]={tm=.0169;cf=cfr(0,0,0,1,0,0,0,1,0,0,0,1);es="Linear";ed="In";};["Fingers_Right_end"]={tm=.0169;cf=cfr(-.585,8.634,-.45,.154,-.544,-.825,.37,.806,-.462,.916,-.234,.326);es="Linear";ed="In";};["Armature.001"]={tm=.0169;cf=cfr(0,0,0,1,0,0,0,1,0,0,0,1);es="Linear";ed="In";};["Root"]={tm=.0169;cf=cfr(-1.425,-1.697,0,1,0,0,0,1,0,0,0,1);es="Linear";ed="In";};["Spine01"]={tm=.0169;cf=cfr(0,0,0,.999,-.039,.02,.039,.999,.001,-.02,0,1);es="Linear";ed="In";};["Spine02"]={tm=.0169;cf=cfr(0,0,0,.826,0,-.563,0,1,0,.563,0,.826);es="Linear";ed="In";};["Spine03"]={tm=.0169;cf=cfr(0,0,0,.984,0,-.178,0,1,0,.178,0,.984);es="Linear";ed="In";};["Clavicle_Right"]={tm=.0169;cf=cfr(0,0,0,1,0,0,0,1,0,0,0,1);es="Linear";ed="In";};["UpperArm_Right"]={tm=.0169;cf=cfr(0,0,0,.734,.583,.348,-.654,.469,.593,.182,-.663,.726);es="Linear";ed="In";};["LowerArm_Right"]={tm=.0169;cf=cfr(0,0,0,.362,-.042,-.931,-.914,-.214,-.345,-.185,.976,-.116);es="Linear";ed="In";};["Wrist_Right"]={tm=.0169;cf=cfr(0,0,0,1,0,0,0,1,0,0,0,1);es="Linear";ed="In";};["Hand_Right"]={tm=.0169;cf=cfr(0,0,0,1,0,0,0,.578,-.816,0,.816,.578);es="Linear";ed="In";};["Fingers_Right"]={tm=.0169;cf=cfr(0,0,-.004,1,0,0,0,.258,-.966,0,.966,.258);es="Linear";ed="In";};["Clavicle_Left"]={tm=.0169;cf=cfr(0,0,0,1,0,0,0,1,0,0,0,1);es="Linear";ed="In";};["UpperArm_Left"]={tm=.0169;cf=cfr(0,0,0,.635,-.568,.523,.692,.72,-.057,-.345,.398,.85);es="Linear";ed="In";};["LowerArm_Left"]={tm=.0169;cf=cfr(0,0,0,.218,.276,.936,-.207,.95,-.233,-.954,-.143,.264);es="Linear";ed="In";};["Wrist_Left"]={tm=.0169;cf=cfr(0,0,0,1,0,0,0,.455,.89,0,-.89,.455);es="Linear";ed="In";};["Hand_Left"]={tm=.0169;cf=cfr(0,0,0,1,0,0,0,.995,.096,0,-.096,.995);es="Linear";ed="In";};["Fingers_Left"]={tm=.0169;cf=cfr(0,0,0,1,0,0,0,.995,-.098,0,.098,.995);es="Linear";ed="In";};["Neck"]={tm=.0169;cf=cfr(0,0,0,.969,.029,.245,-.042,.998,.049,-.243,-.058,.968);es="Linear";ed="In";};["Head"]={tm=.0169;cf=cfr(0,0,0,.903,.258,.343,-.242,.966,-.09,-.354,-.001,.935);es="Linear";ed="In";};["Pelvis_Right"]={tm=.0169;cf=cfr(0,0,0,1,0,0,0,1,0,0,0,1);es="Linear";ed="In";};["Thigh_Right"]={tm=.0169;cf=cfr(0,0,0,1,.004,-.008,0,.901,.434,.009,-.434,.901);es="Linear";ed="In";};["Calf_Right"]={tm=.0169;cf=cfr(0,0,0,1,.002,-.003,-.002,.981,.193,.003,-.193,.981);es="Linear";ed="In";};["Foot_Right"]={tm=.0169;cf=cfr(0,0,0,1,.008,.008,-.001,.743,-.669,-.011,.669,.743);es="Linear";ed="In";};["Pelvis_Left"]={tm=.0169;cf=cfr(0,0,0,1,0,0,0,1,0,0,0,1);es="Linear";ed="In";};["Thigh_Left"]={tm=.0169;cf=cfr(0,0,0,1,-.003,-.02,-.016,.455,-.891,.012,.891,.455);es="Linear";ed="In";};["Calf_Left"]={tm=.0169;cf=cfr(0,0,0,1,-.018,.009,.001,.494,.87,-.02,-.87,.493);es="Linear";ed="In";};["Foot_Left"]={tm=.0169;cf=cfr(0,0,0,1,0,0,0,1,0,0,0,1);es="Linear";ed="In";};};{tm=.118;["Foot_Right_end"]={tm=.0170;cf=cfr(-4.619,-8.453,3.423,.672,-.572,.471,-.702,-.694,.16,.236,-.438,-.867);es="Linear";ed="In";};["Foot_Left_end"]={tm=.0170;cf=cfr(.011,-.513,2.752,1,-.007,-.007,-.007,.008,-1,.007,1,.008);es="Linear";ed="In";};["RootNode"]={tm=.0170;cf=cfr(0,0,0,-1,0,0,0,1,0,0,0,-1);es="Linear";ed="In";};["Head_end"]={tm=.0170;cf=cfr(-.669,-1.131,1.59,.594,-.629,.501,.784,.593,-.184,-.182,.502,.846);es="Linear";ed="In";};["Fingers_Left_end"]={tm=.0170;cf=cfr(.813,.056,2.151,.445,.474,-.76,-.345,-.692,-.634,-.826,.545,-.144);es="Linear";ed="In";};["MinosPrime"]={tm=.0170;cf=cfr(0,0,0,1,0,0,0,1,0,0,0,1);es="Linear";ed="In";};["Fingers_Right_end"]={tm=.0170;cf=cfr(-.585,8.634,-.45,.154,-.544,-.825,.37,.806,-.462,.916,-.234,.326);es="Linear";ed="In";};["Armature.001"]={tm=.0170;cf=cfr(0,0,0,1,0,0,0,1,0,0,0,1);es="Linear";ed="In";};["Root"]={tm=.0170;cf=cfr(-1.825,-2.001,0,1,0,0,0,1,0,0,0,1);es="Linear";ed="In";};["Spine01"]={tm=.0170;cf=cfr(0,0,0,.999,-.039,.023,.039,.999,.001,-.023,0,1);es="Linear";ed="In";};["Spine02"]={tm=.0170;cf=cfr(0,0,0,.761,0,-.648,0,1,0,.648,0,.761);es="Linear";ed="In";};["Spine03"]={tm=.0170;cf=cfr(0,0,0,.983,0,-.185,0,1,0,.185,0,.983);es="Linear";ed="In";};["Clavicle_Right"]={tm=.0170;cf=cfr(0,0,0,1,0,0,0,1,0,0,0,1);es="Linear";ed="In";};["UpperArm_Right"]={tm=.0170;cf=cfr(0,0,0,.638,.637,.432,-.736,.339,.586,.226,-.692,.685);es="Linear";ed="In";};["LowerArm_Right"]={tm=.0170;cf=cfr(0,0,0,.364,.072,-.929,-.839,-.407,-.361,-.404,.911,-.088);es="Linear";ed="In";};["Wrist_Right"]={tm=.0170;cf=cfr(0,0,0,1,0,0,0,1,0,0,0,1);es="Linear";ed="In";};["Hand_Right"]={tm=.0170;cf=cfr(0,0,0,1,0,0,0,.471,-.882,0,.882,.471);es="Linear";ed="In";};["Fingers_Right"]={tm=.0170;cf=cfr(0,0,-.004,1,0,0,0,.138,-.99,0,.99,.138);es="Linear";ed="In";};["Clavicle_Left"]={tm=.0170;cf=cfr(0,0,0,1,0,0,0,1,0,0,0,1);es="Linear";ed="In";};["UpperArm_Left"]={tm=.0170;cf=cfr(0,0,0,.485,-.631,.606,.818,.572,-.06,-.308,.525,.793);es="Linear";ed="In";};["LowerArm_Left"]={tm=.0170;cf=cfr(0,0,0,.175,.253,.951,-.294,.936,-.195,-.94,-.246,.238);es="Linear";ed="In";};["Wrist_Left"]={tm=.0170;cf=cfr(0,0,0,1,0,0,0,.272,.962,0,-.962,.272);es="Linear";ed="In";};["Hand_Left"]={tm=.0170;cf=cfr(0,0,0,1,0,0,0,.987,.161,0,-.161,.987);es="Linear";ed="In";};["Fingers_Left"]={tm=.0170;cf=cfr(0,0,0,1,0,0,0,.999,-.049,0,.049,.999);es="Linear";ed="In";};["Neck"]={tm=.0170;cf=cfr(0,0,0,.956,.038,.292,-.057,.997,.056,-.289,-.07,.955);es="Linear";ed="In";};["Head"]={tm=.0170;cf=cfr(0,0,0,.873,.258,.413,-.234,.966,-.109,-.428,-.001,.904);es="Linear";ed="In";};["Pelvis_Right"]={tm=.0170;cf=cfr(0,0,0,1,0,0,0,1,0,0,0,1);es="Linear";ed="In";};["Thigh_Right"]={tm=.0170;cf=cfr(0,0,0,1,.005,-.008,0,.869,.494,.01,-.494,.869);es="Linear";ed="In";};["Calf_Right"]={tm=.0170;cf=cfr(0,0,0,1,.003,-.003,-.002,.975,.222,.004,-.222,.975);es="Linear";ed="In";};["Foot_Right"]={tm=.0170;cf=cfr(0,0,0,1,.011,.008,0,.631,-.776,-.013,.776,.631);es="Linear";ed="In";};["Pelvis_Left"]={tm=.0170;cf=cfr(0,0,0,1,0,0,0,1,0,0,0,1);es="Linear";ed="In";};["Thigh_Left"]={tm=.0170;cf=cfr(0,0,0,1,-.005,-.022,-.02,.306,-.952,.012,.952,.306);es="Linear";ed="In";};["Calf_Left"]={tm=.0170;cf=cfr(0,0,0,1,-.021,.008,-.001,.354,.935,-.022,-.935,.354);es="Linear";ed="In";};["Foot_Left"]={tm=.0170;cf=cfr(0,0,0,1,0,0,0,1,0,0,0,1);es="Linear";ed="In";};};{tm=.135;["Foot_Right_end"]={tm=.0169;cf=cfr(-4.619,-8.453,3.423,.672,-.572,.471,-.702,-.694,.16,.236,-.438,-.867);es="Linear";ed="In";};["Foot_Left_end"]={tm=.0169;cf=cfr(.011,-.513,2.752,1,-.007,-.007,-.007,.008,-1,.007,1,.008);es="Linear";ed="In";};["RootNode"]={tm=.0169;cf=cfr(0,0,0,-1,0,0,0,1,0,0,0,-1);es="Linear";ed="In";};["Head_end"]={tm=.0169;cf=cfr(-.669,-1.131,1.59,.594,-.629,.501,.784,.593,-.184,-.182,.502,.846);es="Linear";ed="In";};["Fingers_Left_end"]={tm=.0169;cf=cfr(.813,.056,2.151,.445,.474,-.76,-.345,-.692,-.634,-.826,.545,-.144);es="Linear";ed="In";};["MinosPrime"]={tm=.0169;cf=cfr(0,0,0,1,0,0,0,1,0,0,0,1);es="Linear";ed="In";};["Fingers_Right_end"]={tm=.0169;cf=cfr(-.585,8.634,-.45,.154,-.544,-.825,.37,.806,-.462,.916,-.234,.326);es="Linear";ed="In";};["Armature.001"]={tm=.0169;cf=cfr(0,0,0,1,0,0,0,1,0,0,0,1);es="Linear";ed="In";};["Root"]={tm=.0169;cf=cfr(-2.236,-2.212,0,1,0,0,0,1,0,0,0,1);es="Linear";ed="In";};["Spine01"]={tm=.0169;cf=cfr(0,0,0,.999,-.039,.027,.039,.999,.001,-.027,0,1);es="Linear";ed="In";};["Spine02"]={tm=.0169;cf=cfr(0,0,0,.688,0,-.726,0,1,0,.726,0,.688);es="Linear";ed="In";};["Spine03"]={tm=.0169;cf=cfr(0,0,0,.981,0,-.192,0,1,0,.192,0,.981);es="Linear";ed="In";};["Clavicle_Right"]={tm=.0169;cf=cfr(0,0,0,1,0,0,0,1,0,0,0,1);es="Linear";ed="In";};["UpperArm_Right"]={tm=.0169;cf=cfr(0,0,0,.532,.672,.514,-.801,.202,.564,.276,-.712,.646);es="Linear";ed="In";};["LowerArm_Right"]={tm=.0169;cf=cfr(0,0,0,.341,.183,-.922,-.722,-.578,-.381,-.602,.796,-.065);es="Linear";ed="In";};["Wrist_Right"]={tm=.0169;cf=cfr(0,0,0,1,0,0,0,1,0,0,0,1);es="Linear";ed="In";};["Hand_Right"]={tm=.0169;cf=cfr(0,0,0,1,0,0,0,.358,-.934,0,.934,.358);es="Linear";ed="In";};["Fingers_Right"]={tm=.0169;cf=cfr(0,0,-.004,1,0,0,0,.016,-1,0,1,.016);es="Linear";ed="In";};["Clavicle_Left"]={tm=.0169;cf=cfr(0,0,0,1,0,0,0,1,0,0,0,1);es="Linear";ed="In";};["UpperArm_Left"]={tm=.0169;cf=cfr(0,0,0,.323,-.657,.681,.914,.404,-.044,-.246,.636,.731);es="Linear";ed="In";};["LowerArm_Left"]={tm=.0169;cf=cfr(0,0,0,.135,.225,.965,-.38,.911,-.16,-.915,-.346,.208);es="Linear";ed="In";};["Wrist_Left"]={tm=.0169;cf=cfr(0,0,0,1,0,0,0,.081,.997,0,-.997,.081);es="Linear";ed="In";};["Hand_Left"]={tm=.0169;cf=cfr(0,0,0,1,0,0,0,.974,.226,0,-.226,.974);es="Linear";ed="In";};["Fingers_Left"]={tm=.0169;cf=cfr(0,0,0,1,0,0,0,1,0,0,0,1);es="Linear";ed="In";};["Neck"]={tm=.0169;cf=cfr(0,0,0,.94,.047,.338,-.073,.995,.063,-.334,-.084,.939);es="Linear";ed="In";};["Head"]={tm=.0169;cf=cfr(0,0,0,.868,.258,.425,-.233,.966,-.112,-.439,-.001,.898);es="Linear";ed="In";};["Pelvis_Right"]={tm=.0169;cf=cfr(0,0,0,1,0,0,0,1,0,0,0,1);es="Linear";ed="In";};["Thigh_Right"]={tm=.0169;cf=cfr(0,0,0,1,.006,-.009,0,.834,.552,.011,-.552,.834);es="Linear";ed="In";};["Calf_Right"]={tm=.0169;cf=cfr(0,0,0,1,.003,-.004,-.002,.968,.251,.004,-.25,.968);es="Linear";ed="In";};["Foot_Right"]={tm=.0169;cf=cfr(0,0,0,1,.012,.008,0,.581,-.814,-.014,.814,.581);es="Linear";ed="In";};["Pelvis_Left"]={tm=.0169;cf=cfr(0,0,0,1,0,0,0,1,0,0,0,1);es="Linear";ed="In";};["Thigh_Left"]={tm=.0169;cf=cfr(0,0,0,1,-.008,-.024,-.023,.15,-.988,.011,.989,.15);es="Linear";ed="In";};["Calf_Left"]={tm=.0169;cf=cfr(0,0,0,1,-.023,.008,-.003,.205,.979,-.024,-.978,.205);es="Linear";ed="In";};["Foot_Left"]={tm=.0169;cf=cfr(0,0,0,1,0,0,0,1,0,0,0,1);es="Linear";ed="In";};};{tm=.152;["Foot_Right_end"]={tm=.0170;cf=cfr(-4.619,-8.453,3.423,.672,-.572,.471,-.702,-.694,.16,.236,-.438,-.867);es="Linear";ed="In";};["Foot_Left_end"]={tm=.0170;cf=cfr(.011,-.513,2.752,1,-.007,-.007,-.007,.008,-1,.007,1,.008);es="Linear";ed="In";};["RootNode"]={tm=.0170;cf=cfr(0,0,0,-1,0,0,0,1,0,0,0,-1);es="Linear";ed="In";};["Head_end"]={tm=.0170;cf=cfr(-.669,-1.131,1.59,.594,-.629,.501,.784,.593,-.184,-.182,.502,.846);es="Linear";ed="In";};["Fingers_Left_end"]={tm=.0170;cf=cfr(.813,.056,2.151,.445,.474,-.76,-.345,-.692,-.634,-.826,.545,-.144);es="Linear";ed="In";};["MinosPrime"]={tm=.0170;cf=cfr(0,0,0,1,0,0,0,1,0,0,0,1);es="Linear";ed="In";};["Fingers_Right_end"]={tm=.0170;cf=cfr(-.585,8.634,-.45,.154,-.544,-.825,.37,.806,-.462,.916,-.234,.326);es="Linear";ed="In";};["Armature.001"]={tm=.0170;cf=cfr(0,0,0,1,0,0,0,1,0,0,0,1);es="Linear";ed="In";};["Root"]={tm=.0170;cf=cfr(-2.642,-2.29,0,1,0,0,0,1,0,0,0,1);es="Linear";ed="In";};["Spine01"]={tm=.0170;cf=cfr(0,0,0,.999,-.039,.03,.039,.999,.001,-.03,0,1);es="Linear";ed="In";};["Spine02"]={tm=.0170;cf=cfr(0,0,0,.681,0,-.732,0,1,0,.732,0,.681);es="Linear";ed="In";};["Spine03"]={tm=.0170;cf=cfr(0,0,0,.98,0,-.199,0,1,0,.199,0,.98);es="Linear";ed="In";};["Clavicle_Right"]={tm=.0170;cf=cfr(0,0,0,1,0,0,0,1,0,0,0,1);es="Linear";ed="In";};["UpperArm_Right"]={tm=.0170;cf=cfr(0,0,0,.521,.675,.522,-.806,.188,.562,.281,-.714,.642);es="Linear";ed="In";};["LowerArm_Right"]={tm=.0170;cf=cfr(0,0,0,.335,.2,-.921,-.701,-.6,-.385,-.63,.774,-.061);es="Linear";ed="In";};["Wrist_Right"]={tm=.0170;cf=cfr(0,0,0,1,0,0,0,1,0,0,0,1);es="Linear";ed="In";};["Hand_Right"]={tm=.0170;cf=cfr(0,0,0,1,0,0,0,.348,-.938,0,.938,.348);es="Linear";ed="In";};["Fingers_Right"]={tm=.0170;cf=cfr(0,0,-.004,1,0,0,0,.005,-1,0,1,.005);es="Linear";ed="In";};["Clavicle_Left"]={tm=.0170;cf=cfr(0,0,0,1,0,0,0,1,0,0,0,1);es="Linear";ed="In";};["UpperArm_Left"]={tm=.0170;cf=cfr(0,0,0,.309,-.659,.686,.921,.388,-.041,-.239,.644,.727);es="Linear";ed="In";};["LowerArm_Left"]={tm=.0170;cf=cfr(0,0,0,.131,.223,.966,-.387,.908,-.157,-.913,-.354,.205);es="Linear";ed="In";};["Wrist_Left"]={tm=.0170;cf=cfr(0,0,0,1,0,0,0,.065,.998,0,-.998,.065);es="Linear";ed="In";};["Hand_Left"]={tm=.0170;cf=cfr(0,0,0,1,0,0,0,.973,.23,0,-.23,.973);es="Linear";ed="In";};["Fingers_Left"]={tm=.0170;cf=cfr(0,0,0,1,0,0,0,.999,.049,0,-.049,.999);es="Linear";ed="In";};["Neck"]={tm=.0170;cf=cfr(0,0,0,.922,.056,.384,-.089,.994,.069,-.378,-.097,.921);es="Linear";ed="In";};["Head"]={tm=.0170;cf=cfr(0,0,0,.862,.258,.436,-.231,.966,-.115,-.451,-.001,.893);es="Linear";ed="In";};["Pelvis_Right"]={tm=.0170;cf=cfr(0,0,0,1,0,0,0,1,0,0,0,1);es="Linear";ed="In";};["Thigh_Right"]={tm=.0170;cf=cfr(0,0,0,1,.008,-.01,0,.795,.607,.012,-.607,.795);es="Linear";ed="In";};["Calf_Right"]={tm=.0170;cf=cfr(0,0,0,1,.004,-.004,-.002,.96,.279,.005,-.279,.96);es="Linear";ed="In";};["Foot_Right"]={tm=.0170;cf=cfr(0,0,0,1,.013,.008,.001,.53,-.848,-.015,.848,.53);es="Linear";ed="In";};["Pelvis_Left"]={tm=.0170;cf=cfr(0,0,0,1,0,0,0,1,0,0,0,1);es="Linear";ed="In";};["Thigh_Left"]={tm=.0170;cf=cfr(0,0,0,1,-.008,-.024,-.023,.135,-.991,.011,.991,.135);es="Linear";ed="In";};["Calf_Left"]={tm=.0170;cf=cfr(0,0,0,1,-.024,.007,-.003,.191,.982,-.025,-.981,.191);es="Linear";ed="In";};["Foot_Left"]={tm=.0170;cf=cfr(0,0,0,1,0,0,0,1,0,0,0,1);es="Linear";ed="In";};};{tm=.169;["Foot_Right_end"]={tm=.0169;cf=cfr(-4.619,-8.453,3.423,.672,-.572,.471,-.702,-.694,.16,.236,-.438,-.867);es="Linear";ed="In";};["Foot_Left_end"]={tm=.0169;cf=cfr(.011,-.513,2.752,1,-.007,-.007,-.007,.008,-1,.007,1,.008);es="Linear";ed="In";};["RootNode"]={tm=.0169;cf=cfr(0,0,0,-1,0,0,0,1,0,0,0,-1);es="Linear";ed="In";};["Head_end"]={tm=.0169;cf=cfr(-.669,-1.131,1.59,.594,-.629,.501,.784,.593,-.184,-.182,.502,.846);es="Linear";ed="In";};["Fingers_Left_end"]={tm=.0169;cf=cfr(.813,.056,2.151,.445,.474,-.76,-.345,-.692,-.634,-.826,.545,-.144);es="Linear";ed="In";};["MinosPrime"]={tm=.0169;cf=cfr(0,0,0,1,0,0,0,1,0,0,0,1);es="Linear";ed="In";};["Fingers_Right_end"]={tm=.0169;cf=cfr(-.585,8.634,-.45,.154,-.544,-.825,.37,.806,-.462,.916,-.234,.326);es="Linear";ed="In";};["Armature.001"]={tm=.0169;cf=cfr(0,0,0,1,0,0,0,1,0,0,0,1);es="Linear";ed="In";};["Root"]={tm=.0169;cf=cfr(-3.008,-2.287,0,1,0,0,0,1,0,0,0,1);es="Linear";ed="In";};["Spine01"]={tm=.0169;cf=cfr(0,0,0,.999,-.039,.033,.039,.999,.001,-.033,0,.999);es="Linear";ed="In";};["Spine02"]={tm=.0169;cf=cfr(0,0,0,.674,0,-.739,0,1,0,.739,0,.674);es="Linear";ed="In";};["Spine03"]={tm=.0169;cf=cfr(0,0,0,.979,0,-.205,0,1,0,.205,0,.979);es="Linear";ed="In";};["Clavicle_Right"]={tm=.0169;cf=cfr(0,0,0,1,0,0,0,1,0,0,0,1);es="Linear";ed="In";};["UpperArm_Right"]={tm=.0169;cf=cfr(0,0,0,.511,.677,.53,-.811,.174,.559,.286,-.715,.638);es="Linear";ed="In";};["LowerArm_Right"]={tm=.0169;cf=cfr(0,0,0,.328,.217,-.919,-.679,-.622,-.39,-.657,.752,-.057);es="Linear";ed="In";};["Wrist_Right"]={tm=.0169;cf=cfr(0,0,0,1,0,0,0,1,0,0,0,1);es="Linear";ed="In";};["Hand_Right"]={tm=.0169;cf=cfr(0,0,0,1,0,0,0,.337,-.941,0,.941,.337);es="Linear";ed="In";};["Fingers_Right"]={tm=.0169;cf=cfr(0,0,-.004,1,0,0,0,-.005,-1,0,1,-.005);es="Linear";ed="In";};["Clavicle_Left"]={tm=.0169;cf=cfr(0,0,0,1,0,0,0,1,0,0,0,1);es="Linear";ed="In";};["UpperArm_Left"]={tm=.0169;cf=cfr(0,0,0,.294,-.661,.69,.927,.373,-.039,-.232,.651,.722);es="Linear";ed="In";};["LowerArm_Left"]={tm=.0169;cf=cfr(0,0,0,.127,.22,.967,-.394,.906,-.154,-.91,-.362,.202);es="Linear";ed="In";};["Wrist_Left"]={tm=.0169;cf=cfr(0,0,0,1,0,0,0,.049,.999,0,-.999,.049);es="Linear";ed="In";};["Hand_Left"]={tm=.0169;cf=cfr(0,0,0,1,0,0,0,.972,.234,0,-.234,.972);es="Linear";ed="In";};["Fingers_Left"]={tm=.0169;cf=cfr(0,0,0,1,0,0,0,.999,.049,0,-.049,.999);es="Linear";ed="In";};["Neck"]={tm=.0169;cf=cfr(0,0,0,.922,.056,.384,-.089,.994,.069,-.378,-.097,.921);es="Linear";ed="In";};["Head"]={tm=.0169;cf=cfr(0,0,0,.856,.258,.447,-.23,.966,-.118,-.462,-.001,.887);es="Linear";ed="In";};["Pelvis_Right"]={tm=.0169;cf=cfr(0,0,0,1,0,0,0,1,0,0,0,1);es="Linear";ed="In";};["Thigh_Right"]={tm=.0169;cf=cfr(0,0,0,1,.008,-.01,0,.795,.607,.012,-.607,.795);es="Linear";ed="In";};["Calf_Right"]={tm=.0169;cf=cfr(0,0,0,1,.004,-.004,-.002,.96,.279,.005,-.279,.96);es="Linear";ed="In";};["Foot_Right"]={tm=.0169;cf=cfr(0,0,0,1,.013,.008,.001,.53,-.848,-.015,.848,.53);es="Linear";ed="In";};["Pelvis_Left"]={tm=.0169;cf=cfr(0,0,0,1,0,0,0,1,0,0,0,1);es="Linear";ed="In";};["Thigh_Left"]={tm=.0169;cf=cfr(0,0,0,1,-.008,-.024,-.023,.12,-.993,.011,.993,.119);es="Linear";ed="In";};["Calf_Left"]={tm=.0169;cf=cfr(0,0,0,1,-.024,.007,-.003,.176,.984,-.025,-.984,.176);es="Linear";ed="In";};["Foot_Left"]={tm=.0169;cf=cfr(0,0,0,1,0,0,0,1,0,0,0,1);es="Linear";ed="In";};};{tm=.186;["Foot_Right_end"]={tm=.0170;cf=cfr(-4.619,-8.453,3.423,.672,-.572,.471,-.702,-.694,.16,.236,-.438,-.867);es="Linear";ed="In";};["Foot_Left_end"]={tm=.0170;cf=cfr(.011,-.513,2.752,1,-.007,-.007,-.007,.008,-1,.007,1,.008);es="Linear";ed="In";};["RootNode"]={tm=.0170;cf=cfr(0,0,0,-1,0,0,0,1,0,0,0,-1);es="Linear";ed="In";};["Head_end"]={tm=.0170;cf=cfr(-.669,-1.131,1.59,.594,-.629,.501,.784,.593,-.184,-.182,.502,.846);es="Linear";ed="In";};["Fingers_Left_end"]={tm=.0170;cf=cfr(.813,.056,2.151,.445,.474,-.76,-.345,-.692,-.634,-.826,.545,-.144);es="Linear";ed="In";};["MinosPrime"]={tm=.0170;cf=cfr(0,0,0,1,0,0,0,1,0,0,0,1);es="Linear";ed="In";};["Fingers_Right_end"]={tm=.0170;cf=cfr(-.585,8.634,-.45,.154,-.544,-.825,.37,.806,-.462,.916,-.234,.326);es="Linear";ed="In";};["Armature.001"]={tm=.0170;cf=cfr(0,0,0,1,0,0,0,1,0,0,0,1);es="Linear";ed="In";};["Root"]={tm=.0170;cf=cfr(-3.374,-2.285,0,1,0,0,0,1,0,0,0,1);es="Linear";ed="In";};["Spine01"]={tm=.0170;cf=cfr(0,0,0,.999,-.039,.037,.038,.999,.001,-.037,0,.999);es="Linear";ed="In";};["Spine02"]={tm=.0170;cf=cfr(0,0,0,.667,0,-.745,0,1,0,.745,0,.667);es="Linear";ed="In";};["Spine03"]={tm=.0170;cf=cfr(0,0,0,.977,0,-.212,0,1,0,.212,0,.977);es="Linear";ed="In";};["Clavicle_Right"]={tm=.0170;cf=cfr(0,0,0,1,0,0,0,1,0,0,0,1);es="Linear";ed="In";};["UpperArm_Right"]={tm=.0170;cf=cfr(0,0,0,.5,.679,.538,-.816,.161,.556,.291,-.716,.634);es="Linear";ed="In";};["LowerArm_Right"]={tm=.0170;cf=cfr(0,0,0,.328,.217,-.919,-.679,-.622,-.39,-.657,.752,-.057);es="Linear";ed="In";};["Wrist_Right"]={tm=.0170;cf=cfr(0,0,0,1,0,0,0,1,0,0,0,1);es="Linear";ed="In";};["Hand_Right"]={tm=.0170;cf=cfr(0,0,0,1,0,0,0,.327,-.945,0,.945,.327);es="Linear";ed="In";};["Fingers_Right"]={tm=.0170;cf=cfr(0,0,-.004,1,0,0,0,-.016,-1,0,1,-.016);es="Linear";ed="In";};["Clavicle_Left"]={tm=.0170;cf=cfr(0,0,0,1,0,0,0,1,0,0,0,1);es="Linear";ed="In";};["UpperArm_Left"]={tm=.0170;cf=cfr(0,0,0,.28,-.662,.695,.934,.357,-.036,-.224,.659,.718);es="Linear";ed="In";};["LowerArm_Left"]={tm=.0170;cf=cfr(0,0,0,.124,.217,.968,-.401,.903,-.151,-.907,-.37,.199);es="Linear";ed="In";};["Wrist_Left"]={tm=.0170;cf=cfr(0,0,0,1,0,0,0,.033,.999,0,-.999,.033);es="Linear";ed="In";};["Hand_Left"]={tm=.0170;cf=cfr(0,0,0,1,0,0,0,.971,.238,0,-.238,.971);es="Linear";ed="In";};["Fingers_Left"]={tm=.0170;cf=cfr(0,0,0,1,0,0,0,.999,.049,0,-.049,.999);es="Linear";ed="In";};["Neck"]={tm=.0170;cf=cfr(0,0,0,.922,.056,.384,-.089,.994,.069,-.378,-.097,.921);es="Linear";ed="In";};["Head"]={tm=.0170;cf=cfr(0,0,0,.851,.258,.458,-.228,.966,-.121,-.474,-.001,.881);es="Linear";ed="In";};["Pelvis_Right"]={tm=.0170;cf=cfr(0,0,0,1,0,0,0,1,0,0,0,1);es="Linear";ed="In";};["Thigh_Right"]={tm=.0170;cf=cfr(0,0,0,1,.008,-.01,0,.795,.607,.012,-.607,.795);es="Linear";ed="In";};["Calf_Right"]={tm=.0170;cf=cfr(0,0,0,1,.004,-.004,-.002,.96,.279,.005,-.279,.96);es="Linear";ed="In";};["Foot_Right"]={tm=.0170;cf=cfr(0,0,0,1,.013,.008,.001,.53,-.848,-.015,.848,.53);es="Linear";ed="In";};["Pelvis_Left"]={tm=.0170;cf=cfr(0,0,0,1,0,0,0,1,0,0,0,1);es="Linear";ed="In";};["Thigh_Left"]={tm=.0170;cf=cfr(0,0,0,1,-.009,-.024,-.023,.104,-.994,.011,.995,.104);es="Linear";ed="In";};["Calf_Left"]={tm=.0170;cf=cfr(0,0,0,1,-.024,.007,-.003,.161,.987,-.025,-.987,.161);es="Linear";ed="In";};["Foot_Left"]={tm=.0170;cf=cfr(0,0,0,1,0,0,0,1,0,0,0,1);es="Linear";ed="In";};};{tm=.203;["Foot_Right_end"]={tm=.0169;cf=cfr(-4.619,-8.453,3.423,.672,-.572,.471,-.702,-.694,.16,.236,-.438,-.867);es="Linear";ed="In";};["Fo