-- // converted using mech's animoduler
local cfr = CFrame.new

return {{tm=0;["Foot_Right_end"]={tm=.017;cf=cfr(-4.619,-8.453,3.423,.672,-.572,.471,-.702,-.694,.16,.236,-.438,-.867);es="Linear";ed="In";};["Foot_Left_end"]={tm=.017;cf=cfr(.011,-.513,2.752,1,-.007,-.007,-.007,.008,-1,.007,1,.008);es="Linear";ed="In";};["RootNode"]={tm=.017;cf=cfr(0,0,0,-1,0,0,0,1,0,0,0,-1);es="Linear";ed="In";};["Head_end"]={tm=.017;cf=cfr(-.669,-1.131,1.59,.594,-.629,.501,.784,.593,-.184,-.182,.502,.846);es="Linear";ed="In";};["Fingers_Left_end"]={tm=.017;cf=cfr(.813,.056,2.151,.445,.474,-.76,-.345,-.692,-.634,-.826,.545,-.144);es="Linear";ed="In";};["MinosPrime"]={tm=.017;cf=cfr(0,0,0,1,0,0,0,1,0,0,0,1);es="Linear";ed="In";};["Fingers_Right_end"]={tm=.017;cf=cfr(-.585,8.634,-.45,.154,-.544,-.825,.37,.806,-.462,.916,-.234,.326);es="Linear";ed="In";};["Armature.001"]={tm=.017;cf=cfr(0,0,0,1,0,0,0,1,0,0,0,1);es="Linear";ed="In";};["Root"]={tm=.017;cf=cfr(0,0,0,1,0,0,0,1,0,0,0,1);es="Linear";ed="In";};["Spine01"]={tm=.017;cf=cfr(0,0,0,.999,-.039,0,.039,.999,0,0,0,1);es="Linear";ed="In";};["Spine02"]={tm=.017;cf=cfr(0,0,0,1,0,0,0,1,0,0,0,1);es="Linear";ed="In";};["Spine03"]={tm=.017;cf=cfr(0,0,0,1,0,0,0,1,0,0,0,1);es="Linear";ed="In";};["Clavicle_Right"]={tm=.017;cf=cfr(0,0,0,1,0,0,0,1,0,0,0,1);es="Linear";ed="In";};["UpperArm_Right"]={tm=.017;cf=cfr(0,0,0,.981,-.143,-.131,.176,.941,.288,.081,-.306,.949);es="Linear";ed="In";};["LowerArm_Right"]={tm=.017;cf=cfr(0,0,0,.039,-.392,-.919,-.235,.891,-.39,.971,.231,-.057);es="Linear";ed="In";};["Wrist_Right"]={tm=.017;cf=cfr(0,0,0,1,0,0,0,1,0,0,0,1);es="Linear";ed="In";};["Hand_Right"]={tm=.017;cf=cfr(0,0,0,1,0,0,0,.967,-.255,0,.255,.967);es="Linear";ed="In";};["Fingers_Right"]={tm=.017;cf=cfr(0,0,-.004,1,0,0,0,.811,-.585,0,.585,.811);es="Linear";ed="In";};["Clavicle_Left"]={tm=.017;cf=cfr(0,0,0,1,0,0,0,1,0,0,0,1);es="Linear";ed="In";};["UpperArm_Left"]={tm=.017;cf=cfr(0,0,0,.965,.232,.122,-.257,.929,.267,-.052,-.289,.956);es="Linear";ed="In";};["LowerArm_Left"]={tm=.017;cf=cfr(0,0,0,.472,.311,.825,.257,.847,-.466,-.843,.432,.32);es="Linear";ed="In";};["Wrist_Left"]={tm=.017;cf=cfr(0,0,0,1,0,0,0,1,0,0,0,1);es="Linear";ed="In";};["Hand_Left"]={tm=.017;cf=cfr(0,0,0,1,0,0,0,.975,-.221,0,.221,.975);es="Linear";ed="In";};["Fingers_Left"]={tm=.017;cf=cfr(0,0,0,1,0,0,0,.867,-.498,0,.498,.867);es="Linear";ed="In";};["Neck"]={tm=.017;cf=cfr(0,0,0,1,-.03,0,.03,1,0,0,0,1);es="Linear";ed="In";};["Head"]={tm=.017;cf=cfr(0,0,0,.966,.258,-.01,-.258,.966,.004,.011,-.001,1);es="Linear";ed="In";};["Pelvis_Right"]={tm=.017;cf=cfr(0,0,0,1,0,0,0,1,0,0,0,1);es="Linear";ed="In";};["Thigh_Right"]={tm=.017;cf=cfr(0,0,0,1,0,0,0,1,0,0,0,1);es="Linear";ed="In";};["Calf_Right"]={tm=.017;cf=cfr(0,0,0,1,0,0,0,1,0,0,0,1);es="Linear";ed="In";};["Foot_Right"]={tm=.017;cf=cfr(0,0,0,1,0,0,0,1,0,0,0,1);es="Linear";ed="In";};["Pelvis_Left"]={tm=.017;cf=cfr(0,0,0,1,0,0,0,1,0,0,0,1);es="Linear";ed="In";};["Thigh_Left"]={tm=.017;cf=cfr(0,0,0,1,0,0,0,1,0,0,0,1);es="Linear";ed="In";};["Calf_Left"]={tm=.017;cf=cfr(0,0,0,1,0,0,0,1,0,0,0,1);es="Linear";ed="In";};["Foot_Left"]={tm=.017;cf=cfr(0,0,0,1,0,0,0,1,0,0,0,1);es="Linear";ed="In";};};{tm=.017;["Foot_Right_end"]={tm=.016;cf=cfr(-4.619,-8.453,3.423,.672,-.572,.471,-.702,-.694,.16,.236,-.438,-.867);es="Linear";ed="In";};["Foot_Left_end"]={tm=.016;cf=cfr(.011,-.513,2.752,1,-.007,-.007,-.007,.008,-1,.007,1,.008);es="Linear";ed="In";};["RootNode"]={tm=.016;cf=cfr(0,0,0,-1,0,0,0,1,0,0,0,-1);es="Linear";ed="In";};["Head_end"]={tm=.016;cf=cfr(-.669,-1.131,1.59,.594,-.629,.501,.784,.593,-.184,-.182,.502,.846);es="Linear";ed="In";};["Fingers_Left_end"]={tm=.016;cf=cfr(.813,.056,2.151,.445,.474,-.76,-.345,-.692,-.634,-.826,.545,-.144);es="Linear";ed="In";};["MinosPrime"]={tm=.016;cf=cfr(0,0,0,1,0,0,0,1,0,0,0,1);es="Linear";ed="In";};["Fingers_Right_end"]={tm=.016;cf=cfr(-.585,8.634,-.45,.154,-.544,-.825,.37,.806,-.462,.916,-.234,.326);es="Linear";ed="In";};["Armature.001"]={tm=.016;cf=cfr(0,0,0,1,0,0,0,1,0,0,0,1);es="Linear";ed="In";};["Root"]={tm=.016;cf=cfr(0,-.03,0,1,0,0,0,1,0,0,0,1);es="Linear";ed="In";};["Spine01"]={tm=.016;cf=cfr(0,0,0,1,-.006,0,.006,1,0,0,0,1);es="Linear";ed="In";};["Spine02"]={tm=.016;cf=cfr(0,0,0,.999,.046,0,-.046,.999,0,0,0,1);es="Linear";ed="In";};["Spine03"]={tm=.016;cf=cfr(0,0,0,.999,.035,0,-.035,.999,0,0,0,1);es="Linear";ed="In";};["Clavicle_Right"]={tm=.016;cf=cfr(0,0,0,1,-.005,.001,.005,.999,.039,-.001,-.039,.999);es="Linear";ed="In";};["UpperArm_Right"]={tm=.016;cf=cfr(0,0,0,.982,-.148,-.121,.179,.932,.315,.066,-.331,.941);es="Linear";ed="In";};["LowerArm_Right"]={tm=.016;cf=cfr(0,0,0,.061,-.361,-.93,-.27,.891,-.364,.961,.274,-.043);es="Linear";ed="In";};["Wrist_Right"]={tm=.016;cf=cfr(0,0,0,.999,0,-.05,0,1,0,.05,0,.999);es="Linear";ed="In";};["Hand_Right"]={tm=.016;cf=cfr(0,0,0,1,0,0,0,.955,-.296,0,.296,.955);es="Linear";ed="In";};["Fingers_Right"]={tm=.016;cf=cfr(0,0,-.004,1,0,0,0,.781,-.625,0,.625,.781);es="Linear";ed="In";};["Clavicle_Left"]={tm=.016;cf=cfr(0,0,0,1,-.005,0,.005,.999,-.039,.001,.039,.999);es="Linear";ed="In";};["UpperArm_Left"]={tm=.016;cf=cfr(0,0,0,.968,.232,.095,-.249,.94,.234,-.035,-.25,.968);es="Linear";ed="In";};["LowerArm_Left"]={tm=.016;cf=cfr(0,0,0,.437,.321,.84,.249,.854,-.456,-.864,.408,.294);es="Linear";ed="In";};["Wrist_Left"]={tm=.016;cf=cfr(0,0,0,.999,-.007,.039,.007,1,-.006,-.039,.006,.999);es="Linear";ed="In";};["Hand_Left"]={tm=.016;cf=cfr(0,0,0,1,0,0,0,.982,-.191,0,.191,.982);es="Linear";ed="In";};["Fingers_Left"]={tm=.016;cf=cfr(0,0,0,1,0,0,0,.886,-.464,0,.464,.886);es="Linear";ed="In";};["Neck"]={tm=.016;cf=cfr(0,0,0,1,-.03,0,.03,1,0,0,0,1);es="Linear";ed="In";};["Head"]={tm=.016;cf=cfr(0,0,0,.966,.258,-.01,-.258,.966,.004,.011,-.001,1);es="Linear";ed="In";};["Pelvis_Right"]={tm=.016;cf=cfr(0,0,0,1,0,0,0,1,0,0,0,1);es="Linear";ed="In";};["Thigh_Right"]={tm=.016;cf=cfr(0,0,0,1,0,0,0,1,-.003,0,.003,1);es="Linear";ed="In";};["Calf_Right"]={tm=.016;cf=cfr(0,0,0,1,0,0,0,.999,.051,0,-.051,.999);es="Linear";ed="In";};["Foot_Right"]={tm=.016;cf=cfr(0,0,0,1,0,0,0,.999,-.043,0,.043,.999);es="Linear";ed="In";};["Pelvis_Left"]={tm=.016;cf=cfr(0,0,0,1,0,0,0,1,0,0,0,1);es="Linear";ed="In";};["Thigh_Left"]={tm=.016;cf=cfr(0,0,0,1,0,0,0,.999,-.045,0,.045,.999);es="Linear";ed="In";};["Calf_Left"]={tm=.016;cf=cfr(0,0,0,1,0,0,0,.999,.043,0,-.043,.999);es="Linear";ed="In";};["Foot_Left"]={tm=.016;cf=cfr(0,0,0,1,0,0,0,.999,-.041,0,.041,.999);es="Linear";ed="In";};};{tm=.033;["Foot_Right_end"]={tm=.017;cf=cfr(-4.619,-8.453,3.423,.672,-.572,.471,-.702,-.694,.16,.236,-.438,-.867);es="Linear";ed="In";};["Foot_Left_end"]={tm=.017;cf=cfr(.011,-.513,2.752,1,-.007,-.007,-.007,.008,-1,.007,1,.008);es="Linear";ed="In";};["RootNode"]={tm=.017;cf=cfr(0,0,0,-1,0,0,0,1,0,0,0,-1);es="Linear";ed="In";};["Head_end"]={tm=.017;cf=cfr(-.669,-1.131,1.59,.594,-.629,.501,.784,.593,-.184,-.182,.502,.846);es="Linear";ed="In";};["Fingers_Left_end"]={tm=.017;cf=cfr(.813,.056,2.151,.445,.474,-.76,-.345,-.692,-.634,-.826,.545,-.144);es="Linear";ed="In";};["MinosPrime"]={tm=.017;cf=cfr(0,0,0,1,0,0,0,1,0,0,0,1);es="Linear";ed="In";};["Fingers_Right_end"]={tm=.017;cf=cfr(-.585,8.634,-.45,.154,-.544,-.825,.37,.806,-.462,.916,-.234,.326);es="Linear";ed="In";};["Armature.001"]={tm=.017;cf=cfr(0,0,0,1,0,0,0,1,0,0,0,1);es="Linear";ed="In";};["Root"]={tm=.017;cf=cfr(-.001,-.113,0,1,0,0,0,1,0,0,0,1);es="Linear";ed="In";};["Spine01"]={tm=.017;cf=cfr(0,0,0,1,.026,0,-.026,1,0,0,0,1);es="Linear";ed="In";};["Spine02"]={tm=.017;cf=cfr(0,0,0,.996,.092,0,-.092,.996,0,0,0,1);es="Linear";ed="In";};["Spine03"]={tm=.017;cf=cfr(0,0,0,.998,.07,0,-.07,.998,0,0,0,1);es="Linear";ed="In";};["Clavicle_Right"]={tm=.017;cf=cfr(0,0,0,1,-.009,.001,.009,.997,.079,-.001,-.079,.997);es="Linear";ed="In";};["UpperArm_Right"]={tm=.017;cf=cfr(0,0,0,.982,-.153,-.111,.182,.922,.341,.05,-.355,.933);es="Linear";ed="In";};["LowerArm_Right"]={tm=.017;cf=cfr(0,0,0,.081,-.33,-.941,-.306,.89,-.338,.949,.315,-.029);es="Linear";ed="In";};["Wrist_Right"]={tm=.017;cf=cfr(0,0,0,.995,0,-.099,0,1,0,.099,0,.995);es="Linear";ed="In";};["Hand_Right"]={tm=.017;cf=cfr(0,0,0,1,0,0,0,.942,-.336,0,.336,.942);es="Linear";ed="In";};["Fingers_Right"]={tm=.017;cf=cfr(0,0,-.004,1,0,0,0,.748,-.663,0,.663,.748);es="Linear";ed="In";};["Clavicle_Left"]={tm=.017;cf=cfr(0,0,0,1,-.009,0,.009,.997,-.077,.001,.077,.997);es="Linear";ed="In";};["UpperArm_Left"]={tm=.017;cf=cfr(0,0,0,.97,.232,.068,-.241,.95,.2,-.018,-.211,.977);es="Linear";ed="In";};["LowerArm_Left"]={tm=.017;cf=cfr(0,0,0,.402,.33,.854,.24,.862,-.446,-.884,.384,.267);es="Linear";ed="In";};["Wrist_Left"]={tm=.017;cf=cfr(0,0,0,.997,-.014,.078,.015,1,-.012,-.078,.013,.997);es="Linear";ed="In";};["Hand_Left"]={tm=.017;cf=cfr(0,0,0,1,0,0,0,.987,-.16,0,.16,.987);es="Linear";ed="In";};["Fingers_Left"]={tm=.017;cf=cfr(0,0,0,1,0,0,0,.904,-.429,0,.429,.904);es="Linear";ed="In";};["Neck"]={tm=.017;cf=cfr(0,0,0,1,-.03,0,.03,1,0,0,0,1);es="Linear";ed="In";};["Head"]={tm=.017;cf=cfr(0,0,0,.966,.258,-.01,-.258,.966,.004,.011,-.001,1);es="Linear";ed="In";};["Pelvis_Right"]={tm=.017;cf=cfr(0,0,0,1,0,0,0,1,0,0,0,1);es="Linear";ed="In";};["Thigh_Right"]={tm=.017;cf=cfr(0,0,0,1,0,0,0,1,-.005,0,.005,1);es="Linear";ed="In";};["Calf_Right"]={tm=.017;cf=cfr(0,0,0,1,0,0,0,.995,.101,0,-.101,.995);es="Linear";ed="In";};["Foot_Right"]={tm=.017;cf=cfr(0,0,0,1,0,0,0,.996,-.086,0,.086,.996);es="Linear";ed="In";};["Pelvis_Left"]={tm=.017;cf=cfr(0,0,0,1,0,0,0,1,0,0,0,1);es="Linear";ed="In";};["Thigh_Left"]={tm=.017;cf=cfr(0,0,0,1,0,0,0,.996,-.09,0,.09,.996);es="Linear";ed="In";};["Calf_Left"]={tm=.017;cf=cfr(0,0,0,1,0,0,0,.996,.086,0,-.086,.996);es="Linear";ed="In";};["Foot_Left"]={tm=.017;cf=cfr(0,0,0,1,0,0,0,.997,-.083,0,.083,.997);es="Linear";ed="In";};};{tm=.05;["Foot_Right_end"]={tm=.017;cf=cfr(-4.619,-8.453,3.423,.672,-.572,.471,-.702,-.694,.16,.236,-.438,-.867);es="Linear";ed="In";};["Foot_Left_end"]={tm=.017;cf=cfr(.011,-.513,2.752,1,-.007,-.007,-.007,.008,-1,.007,1,.008);es="Linear";ed="In";};["RootNode"]={tm=.017;cf=cfr(0,0,0,-1,0,0,0,1,0,0,0,-1);es="Linear";ed="In";};["Head_end"]={tm=.017;cf=cfr(-.669,-1.131,1.59,.594,-.629,.501,.784,.593,-.184,-.182,.502,.846);es="Linear";ed="In";};["Fingers_Left_end"]={tm=.017;cf=cfr(.813,.056,2.151,.445,.474,-.76,-.345,-.692,-.634,-.826,.545,-.144);es="Linear";ed="In";};["MinosPrime"]={tm=.017;cf=cfr(0,0,0,1,0,0,0,1,0,0,0,1);es="Linear";ed="In";};["Fingers_Right_end"]={tm=.017;cf=cfr(-.585,8.634,-.45,.154,-.544,-.825,.37,.806,-.462,.916,-.234,.326);es="Linear";ed="In";};["Armature.001"]={tm=.017;cf=cfr(0,0,0,1,0,0,0,1,0,0,0,1);es="Linear";ed="In";};["Root"]={tm=.017;cf=cfr(-.002,-.243,0,1,0,0,0,1,0,0,0,1);es="Linear";ed="In";};["Spine01"]={tm=.017;cf=cfr(0,0,0,.998,.059,0,-.059,.998,0,0,0,1);es="Linear";ed="In";};["Spine02"]={tm=.017;cf=cfr(0,0,0,.991,.137,0,-.137,.991,0,0,0,1);es="Linear";ed="In";};["Spine03"]={tm=.017;cf=cfr(0,0,0,.994,.105,0,-.105,.994,0,0,0,1);es="Linear";ed="In";};["Clavicle_Right"]={tm=.017;cf=cfr(0,0,0,1,-.014,.001,.014,.993,.118,-.002,-.118,.993);es="Linear";ed="In";};["UpperArm_Right"]={tm=.017;cf=cfr(0,0,0,.982,-.158,-.102,.185,.912,.367,.035,-.379,.925);es="Linear";ed="In";};["LowerArm_Right"]={tm=.017;cf=cfr(0,0,0,.184,-.305,-.934,-.373,.858,-.354,.909,.414,.044);es="Linear";ed="In";};["Wrist_Right"]={tm=.017;cf=cfr(0,0,0,.989,0,-.149,0,1,0,.149,0,.989);es="Linear";ed="In";};["Hand_Right"]={tm=.017;cf=cfr(0,0,0,1,0,0,0,.927,-.376,0,.376,.927);es="Linear";ed="In";};["Fingers_Right"]={tm=.017;cf=cfr(0,0,-.004,1,0,0,0,.714,-.7,0,.7,.714);es="Linear";ed="In";};["Clavicle_Left"]={tm=.017;cf=cfr(0,0,0,1,-.014,0,.014,.993,-.116,.002,.116,.993);es="Linear";ed="In";};["UpperArm_Left"]={tm=.017;cf=cfr(0,0,0,.975,.221,-.025,-.218,.973,.079,.042,-.072,.997);es="Linear";ed="In";};["LowerArm_Left"]={tm=.017;cf=cfr(0,0,0,.366,.339,.867,.23,.869,-.437,-.902,.36,.24);es="Linear";ed="In";};["Wrist_Left"]={tm=.017;cf=cfr(0,0,0,.993,-.02,.117,.022,1,-.017,-.117,.019,.993);es="Linear";ed="In";};["Hand_Left"]={tm=.017;cf=cfr(0,0,0,1,0,0,0,.992,-.129,0,.129,.992);es="Linear";ed="In";};["Fingers_Left"]={tm=.017;cf=cfr(0,0,0,1,0,0,0,.951,-.309,0,.309,.951);es="Linear";ed="In";};["Neck"]={tm=.017;cf=cfr(0,0,0,1,-.03,0,.03,1,0,0,0,1);es="Linear";ed="In";};["Head"]={tm=.017;cf=cfr(0,0,0,.966,.258,-.01,-.258,.966,.004,.011,-.001,1);es="Linear";ed="In";};["Pelvis_Right"]={tm=.017;cf=cfr(0,0,0,1,0,0,0,1,0,0,0,1);es="Linear";ed="In";};["Thigh_Right"]={tm=.017;cf=cfr(0,0,0,1,0,0,0,1,-.008,0,.008,1);es="Linear";ed="In";};["Calf_Right"]={tm=.017;cf=cfr(0,0,0,1,0,0,0,.988,.152,0,-.152,.988);es="Linear";ed="In";};["Foot_Right"]={tm=.017;cf=cfr(0,0,0,1,0,0,0,.992,-.129,0,.129,.992);es="Linear";ed="In";};["Pelvis_Left"]={tm=.017;cf=cfr(0,0,0,1,0,0,0,1,0,0,0,1);es="Linear";ed="In";};["Thigh_Left"]={tm=.017;cf=cfr(0,0,0,1,0,0,0,.991,-.134,0,.134,.991);es="Linear";ed="In";};["Calf_Left"]={tm=.017;cf=cfr(0,0,0,1,0,0,0,.973,.23,0,-.23,.973);es="Linear";ed="In";};["Foot_Left"]={tm=.017;cf=cfr(0,0,0,1,0,0,0,.992,-.124,0,.124,.992);es="Linear";ed="In";};};{tm=.067;["Foot_Right_end"]={tm=.016;cf=cfr(-4.619,-8.453,3.423,.672,-.572,.471,-.702,-.694,.16,.236,-.438,-.867);es="Linear";ed="In";};["Foot_Left_end"]={tm=.016;cf=cfr(.011,-.513,2.752,1,-.007,-.007,-.007,.008,-1,.007,1,.008);es="Linear";ed="In";};["RootNode"]={tm=.016;cf=cfr(0,0,0,-1,0,0,0,1,0,0,0,-1);es="Linear";ed="In";};["Head_end"]={tm=.016;cf=cfr(-.669,-1.131,1.59,.594,-.629,.501,.784,.593,-.184,-.182,.502,.846);es="Linear";ed="In";};["Fingers_Left_end"]={tm=.016;cf=cfr(.813,.056,2.151,.445,.474,-.76,-.345,-.692,-.634,-.826,.545,-.144);es="Linear";ed="In";};["MinosPrime"]={tm=.016;cf=cfr(0,0,0,1,0,0,0,1,0,0,0,1);es="Linear";ed="In";};["Fingers_Right_end"]={tm=.016;cf=cfr(-.585,8.634,-.45,.154,-.544,-.825,.37,.806,-.462,.916,-.234,.326);es="Linear";ed="In";};["Armature.001"]={tm=.016;cf=cfr(0,0,0,1,0,0,0,1,0,0,0,1);es="Linear";ed="In";};["Root"]={tm=.016;cf=cfr(-.003,-.412,0,1,0,0,0,1,0,0,0,1);es="Linear";ed="In";};["Spine01"]={tm=.016;cf=cfr(0,0,0,.996,.091,0,-.091,.996,0,0,0,1);es="Linear";ed="In";};["Spine02"]={tm=.016;cf=cfr(0,0,0,.983,.183,0,-.183,.983,0,0,0,1);es="Linear";ed="In";};["Spine03"]={tm=.016;cf=cfr(0,0,0,.99,.14,0,-.14,.99,0,0,0,1);es="Linear";ed="In";};["Clavicle_Right"]={tm=.016;cf=cfr(0,0,0,1,-.019,0,.019,.987,.157,-.003,-.157,.988);es="Linear";ed="In";};["UpperArm_Right"]={tm=.016;cf=cfr(0,0,0,.982,-.164,-.093,.187,.9,.393,.019,-.403,.915);es="Linear";ed="In";};["LowerArm_Right"]={tm=.016;cf=cfr(0,0,0,.284,-.27,-.92,-.436,.818,-.375,.854,.507,.115);es="Linear";ed="In";};["Wrist_Right"]={tm=.016;cf=cfr(0,0,0,.98,0,-.198,0,1,0,.198,0,.98);es="Linear";ed="In";};["Hand_Right"]={tm=.016;cf=cfr(0,0,0,1,0,0,0,.881,-.473,0,.473,.881);es="Linear";ed="In";};["Fingers_Right"]={tm=.016;cf=cfr(0,0,-.004,1,0,0,0,.678,-.735,0,.735,.678);es="Linear";ed="In";};["Clavicle_Left"]={tm=.016;cf=cfr(0,0,0,1,-.019,.001,.019,.988,-.154,.002,.154,.988);es="Linear";ed="In";};["UpperArm_Left"]={tm=.016;cf=cfr(0,0,0,.974,.196,-.117,-.203,.978,-.046,.106,.069,.992);es="Linear";ed="In";};["LowerArm_Left"]={tm=.016;cf=cfr(0,0,0,.273,.355,.894,.205,.887,-.414,-.94,.296,.169);es="Linear";ed="In";};["Wrist_Left"]={tm=.016;cf=cfr(0,0,0,.987,-.026,.156,.03,.999,-.022,-.155,.026,.988);es="Linear";ed="In";};["Hand_Left"]={tm=.016;cf=cfr(0,0,0,1,0,0,0,.995,-.098,0,.098,.995);es="Linear";ed="In";};["Fingers_Left"]={tm=.016;cf=cfr(0,0,0,1,0,0,0,.983,-.183,0,.183,.983);es="Linear";ed="In";};["Neck"]={tm=.016;cf=cfr(0,0,0,1,-.03,0,.03,1,0,0,0,1);es="Linear";ed="In";};["Head"]={tm=.016;cf=cfr(0,0,0,.966,.258,-.01,-.258,.966,.004,.011,-.001,1);es="Linear";ed="In";};["Pelvis_Right"]={tm=.016;cf=cfr(0,0,0,1,0,0,0,1,0,0,0,1);es="Linear";ed="In";};["Thigh_Right"]={tm=.016;cf=cfr(0,0,0,1,0,0,0,1,-.011,0,.011,1);es="Linear";ed="In";};["Calf_Right"]={tm=.016;cf=cfr(0,0,0,1,0,0,0,.979,.202,0,-.202,.979);es="Linear";ed="In";};["Foot_Right"]={tm=.016;cf=cfr(0,0,0,1,0,0,0,.972,-.236,0,.236,.972);es="Linear";ed="In";};["Pelvis_Left"]={tm=.016;cf=cfr(0,0,0,1,0,0,0,1,0,0,0,1);es="Linear";ed="In";};["Thigh_Left"]={tm=.016;cf=cfr(0,0,0,1,0,0,0,.984,-.179,0,.179,.984);es="Linear";ed="In";};["Calf_Left"]={tm=.016;cf=cfr(0,0,0,1,0,0,0,.929,.371,0,-.371,.929);es="Linear";ed="In";};["Foot_Left"]={tm=.016;cf=cfr(0,0,0,1,0,0,0,.986,-.166,0,.166,.986);es="Linear";ed="In";};};{tm=.083;["Foot_Right_end"]={tm=.017;cf=cfr(-4.619,-8.453,3.423,.672,-.572,.471,-.702,-.694,.16,.236,-.438,-.867);es="Linear";ed="In";};["Foot_Left_end"]={tm=.017;cf=cfr(.011,-.513,2.752,1,-.007,-.007,-.007,.008,-1,.007,1,.008);es="Linear";ed="In";};["RootNode"]={tm=.017;cf=cfr(0,0,0,-1,0,0,0,1,0,0,0,-1);es="Linear";ed="In";};["Head_end"]={tm=.017;cf=cfr(-.669,-1.131,1.59,.594,-.629,.501,.784,.593,-.184,-.182,.502,.846);es="Linear";ed="In";};["Fingers_Left_end"]={tm=.017;cf=cfr(.813,.056,2.151,.445,.474,-.76,-.345,-.692,-.634,-.826,.545,-.144);es="Linear";ed="In";};["MinosPrime"]={tm=.017;cf=cfr(0,0,0,1,0,0,0,1,0,0,0,1);es="Linear";ed="In";};["Fingers_Right_end"]={tm=.017;cf=cfr(-.585,8.634,-.45,.154,-.544,-.825,.37,.806,-.462,.916,-.234,.326);es="Linear";ed="In";};["Armature.001"]={tm=.017;cf=cfr(0,0,0,1,0,0,0,1,0,0,0,1);es="Linear";ed="In";};["Root"]={tm=.017;cf=cfr(-.005,-.611,0,1,0,0,0,1,0,0,0,1);es="Linear";ed="In";};["Spine01"]={tm=.017;cf=cfr(0,0,0,.992,.123,0,-.123,.992,0,0,0,1);es="Linear";ed="In";};["Spine02"]={tm=.017;cf=cfr(0,0,0,.974,.227,0,-.227,.974,0,0,0,1);es="Linear";ed="In";};["Spine03"]={tm=.017;cf=cfr(0,0,0,.985,.175,0,-.175,.985,0,0,0,1);es="Linear";ed="In";};["Clavicle_Right"]={tm=.017;cf=cfr(0,0,0,1,-.024,0,.023,.98,.196,-.004,-.196,.981);es="Linear";ed="In";};["UpperArm_Right"]={tm=.017;cf=cfr(0,0,0,.982,-.169,-.083,.189,.889,.418,.003,-.426,.905);es="Linear";ed="In";};["LowerArm_Right"]={tm=.017;cf=cfr(0,0,0,.378,-.225,-.898,-.492,.773,-.4,.784,.593,.182);es="Linear";ed="In";};["Wrist_Right"]={tm=.017;cf=cfr(0,0,0,.954,0,-.3,0,1,0,.3,0,.954);es="Linear";ed="In";};["Hand_Right"]={tm=.017;cf=cfr(0,0,0,1,0,0,0,.824,-.566,0,.566,.824);es="Linear";ed="In";};["Fingers_Right"]={tm=.017;cf=cfr(0,0,-.004,1,0,0,0,.597,-.803,0,.803,.597);es="Linear";ed="In";};["Clavicle_Left"]={tm=.017;cf=cfr(0,0,0,1,-.023,.002,.023,.981,-.192,.003,.192,.981);es="Linear";ed="In";};["UpperArm_Left"]={tm=.017;cf=cfr(0,0,0,.966,.159,-.204,-.195,.965,-.172,.17,.206,.964);es="Linear";ed="In";};["LowerArm_Left"]={tm=.017;cf=cfr(0,0,0,.176,.365,.914,.176,.902,-.394,-.969,.23,.094);es="Linear";ed="In";};["Wrist_Left"]={tm=.017;cf=cfr(0,0,0,.98,-.032,.194,.038,.999,-.027,-.193,.034,.981);es="Linear";ed="In";};["Hand_Left"]={tm=.017;cf=cfr(0,0,0,1,0,0,0,.998,-.068,0,.068,.998);es="Linear";ed="In";};["Fingers_Left"]={tm=.017;cf=cfr(0,0,0,1,0,0,0,.999,-.054,0,.054,.999);es="Linear";ed="In";};["Neck"]={tm=.017;cf=cfr(0,0,0,1,-.03,0,.03,1,0,0,0,1);es="Linear";ed="In";};["Head"]={tm=.017;cf=cfr(0,0,0,.966,.258,-.01,-.258,.966,.004,.011,-.001,1);es="Linear";ed="In";};["Pelvis_Right"]={tm=.017;cf=cfr(0,0,0,1,0,0,0,1,0,0,0,1);es="Linear";ed="In";};["Thigh_Right"]={tm=.017;cf=cfr(0,0,0,1,0,0,0,1,-.013,0,.013,1);es="Linear";ed="In";};["Calf_Right"]={tm=.017;cf=cfr(0,0,0,1,0,0,0,.95,.312,0,-.312,.95);es="Linear";ed="In";};["Foot_Right"]={tm=.017;cf=cfr(0,0,0,1,0,0,0,.94,-.342,0,.342,.94);es="Linear";ed="In";};["Pelvis_Left"]={tm=.017;cf=cfr(0,0,0,1,0,0,0,1,0,0,0,1);es="Linear";ed="In";};["Thigh_Left"]={tm=.017;cf=cfr(0,0,0,1,0,0,0,.96,-.28,0,.28,.96);es="Linear";ed="In";};["Calf_Left"]={tm=.017;cf=cfr(0,0,0,1,0,0,0,.864,.504,0,-.504,.864);es="Linear";ed="In";};["Foot_Left"]={tm=.017;cf=cfr(0,0,0,1,0,0,0,.978,-.206,0,.206,.978);es="Linear";ed="In";};};{tm=.1;["Foot_Right_end"]={tm=.017;cf=cfr(-4.619,-8.453,3.423,.672,-.572,.471,-.702,-.694,.16,.236,-.438,-.867);es="Linear";ed="In";};["Foot_Left_end"]={tm=.017;cf=cfr(.011,-.513,2.752,1,-.007,-.007,-.007,.008,-1,.007,1,.008);es="Linear";ed="In";};["RootNode"]={tm=.017;cf=cfr(0,0,0,-1,0,0,0,1,0,0,0,-1);es="Linear";ed="In";};["Head_end"]={tm=.017;cf=cfr(-.669,-1.131,1.59,.594,-.629,.501,.784,.593,-.184,-.182,.502,.846);es="Linear";ed="In";};["Fingers_Left_end"]={tm=.017;cf=cfr(.813,.056,2.151,.445,.474,-.76,-.345,-.692,-.634,-.826,.545,-.144);es="Linear";ed="In";};["MinosPrime"]={tm=.017;cf=cfr(0,0,0,1,0,0,0,1,0,0,0,1);es="Linear";ed="In";};["Fingers_Right_end"]={tm=.017;cf=cfr(-.585,8.634,-.45,.154,-.544,-.825,.37,.806,-.462,.916,-.234,.326);es="Linear";ed="In";};["Armature.001"]={tm=.017;cf=cfr(0,0,0,1,0,0,0,1,0,0,0,1);es="Linear";ed="In";};["Root"]={tm=.017;cf=cfr(-.007,-.834,0,1,0,0,0,1,0,0,0,1);es="Linear";ed="In";};["Spine01"]={tm=.017;cf=cfr(0,0,0,.988,.156,0,-.156,.988,0,0,0,1);es="Linear";ed="In";};["Spine02"]={tm=.017;cf=cfr(0,0,0,.952,.306,0,-.306,.952,0,0,0,1);es="Linear";ed="In";};["Spine03"]={tm=.017;cf=cfr(0,0,0,.978,.21,0,-.21,.978,0,0,0,1);es="Linear";ed="In";};["Clavicle_Right"]={tm=.017;cf=cfr(0,0,0,1,-.028,-.001,.028,.972,.235,-.006,-.235,.972);es="Linear";ed="In";};["UpperArm_Right"]={tm=.017;cf=cfr(0,0,0,.982,-.175,-.074,.19,.876,.443,-.013,-.449,.893);es="Linear";ed="In";};["LowerArm_Right"]={tm=.017;cf=cfr(0,0,0,.547,-.272,-.792,-.488,.665,-.565,.681,.695,.231);es="Linear";ed="In";};["Wrist_Right"]={tm=.017;cf=cfr(0,0,0,.917,0,-.4,0,1,0,.4,0,.917);es="Linear";ed="In";};["Hand_Right"]={tm=.017;cf=cfr(0,0,0,1,0,0,0,.758,-.652,0,.652,.758);es="Linear";ed="In";};["Fingers_Right"]={tm=.017;cf=cfr(0,0,-.004,1,0,0,0,.507,-.862,0,.862,.507);es="Linear";ed="In";};["Clavicle_Left"]={tm=.017;cf=cfr(0,0,0,1,-.028,.003,.028,.973,-.23,.003,.23,.973);es="Linear";ed="In";};["UpperArm_Left"]={tm=.017;cf=cfr(0,0,0,.953,.111,-.284,-.196,.935,-.294,.233,.336,.913);es="Linear";ed="In";};["LowerArm_Left"]={tm=.017;cf=cfr(0,0,0,.077,.368,.927,.145,.915,-.376,-.986,.163,.018);es="Linear";ed="In";};["Wrist_Left"]={tm=.017;cf=cfr(0,0,0,.965,-.041,.259,.052,.998,-.034,-.257,.047,.965);es="Linear";ed="In";};["Hand_Left"]={tm=.017;cf=cfr(0,0,0,1,0,0,0,.999,-.037,0,.037,.999);es="Linear";ed="In";};["Fingers_Left"]={tm=.017;cf=cfr(0,0,0,1,0,0,0,.997,.075,0,-.075,.997);es="Linear";ed="In";};["Neck"]={tm=.017;cf=cfr(0,0,0,1,-.03,0,.03,1,0,0,0,1);es="Linear";ed="In";};["Head"]={tm=.017;cf=cfr(0,0,0,.966,.258,-.01,-.258,.966,.004,.011,-.001,1);es="Linear";ed="In";};["Pelvis_Right"]={tm=.017;cf=cfr(0,0,0,1,0,0,0,1,0,0,0,1);es="Linear";ed="In";};["Thigh_Right"]={tm=.017;cf=cfr(0,0,0,1,0,0,0,1,-.016,0,.016,1);es="Linear";ed="In";};["Calf_Right"]={tm=.017;cf=cfr(0,0,0,1,0,0,0,.908,.419,0,-.419,.908);es="Linear";ed="In";};["Foot_Right"]={tm=.017;cf=cfr(0,0,0,1,0,0,0,.897,-.443,0,.443,.897);es="Linear";ed="In";};["Pelvis_Left"]={tm=.017;cf=cfr(0,0,0,1,0,0,0,1,0,0,0,1);es="Linear";ed="In";};["Thigh_Left"]={tm=.017;cf=cfr(0,0,0,1,0,0,0,.926,-.379,0,.379,.926);es="Linear";ed="In";};["Calf_Left"]={tm=.017;cf=cfr(0,0,0,1,0,0,0,.781,.624,0,-.624,.781);es="Linear";ed="In";};["Foot_Left"]={tm=.017;cf=cfr(0,0,0,1,0,0,0,.969,-.247,0,.247,.969);es="Linear";ed="In";};};{tm=.117;["Foot_Right_end"]={tm=.016;cf=cfr(-4.619,-8.453,3.423,.672,-.572,.471,-.702,-.694,.16,.236,-.438,-.867);es="Linear";ed="In";};["Foot_Left_end"]={tm=.016;cf=cfr(.011,-.513,2.752,1,-.007,-.007,-.007,.008,-1,.007,1,.008);es="Linear";ed="In";};["RootNode"]={tm=.016;cf=cfr(0,0,0,-1,0,0,0,1,0,0,0,-1);es="Linear";ed="In";};["Head_end"]={tm=.016;cf=cfr(-.669,-1.131,1.59,.594,-.629,.501,.784,.593,-.184,-.182,.502,.846);es="Linear";ed="In";};["Fingers_Left_end"]={tm=.016;cf=cfr(.813,.056,2.151,.445,.474,-.76,-.345,-.692,-.634,-.826,.545,-.144);es="Linear";ed="In";};["MinosPrime"]={tm=.016;cf=cfr(0,0,0,1,0,0,0,1,0,0,0,1);es="Linear";ed="In";};["Fingers_Right_end"]={tm=.016;cf=cfr(-.585,8.634,-.45,.154,-.544,-.825,.37,.806,-.462,.916,-.234,.326);es="Linear";ed="In";};["Armature.001"]={tm=.016;cf=cfr(0,0,0,1,0,0,0,1,0,0,0,1);es="Linear";ed="In";};["Root"]={tm=.016;cf=cfr(-.009,-1.072,0,1,0,0,0,1,0,0,0,1);es="Linear";ed="In";};["Spine01"]={tm=.016;cf=cfr(0,0,0,.982,.188,0,-.188,.982,0,0,0,1);es="Linear";ed="In";};["Spine02"]={tm=.016;cf=cfr(0,0,0,.924,.383,0,-.383,.924,0,0,0,1);es="Linear";ed="In";};["Spine03"]={tm=.016;cf=cfr(0,0,0,.97,.244,0,-.244,.97,0,0,0,1);es="Linear";ed="In";};["Clavicle_Right"]={tm=.016;cf=cfr(0,0,0,.999,-.034,-.002,.033,.96,.279,-.007,-.279,.96);es="Linear";ed="In";};["UpperArm_Right"]={tm=.016;cf=cfr(0,0,0,.981,-.181,-.065,.19,.863,.468,-.029,-.472,.881);es="Linear";ed="In";};["LowerArm_Right"]={tm=.016;cf=cfr(0,0,0,.699,-.289,-.655,-.444,.542,-.713,.561,.789,.25);es="Linear";ed="In";};["Wrist_Right"]={tm=.016;cf=cfr(0,0,0,.869,0,-.495,0,1,0,.495,0,.869);es="Linear";ed="In";};["Hand_Right"]={tm=.016;cf=cfr(0,0,0,1,0,0,0,.684,-.73,0,.73,.684);es="Linear";ed="In";};["Fingers_Right"]={tm=.016;cf=cfr(0,0,-.004,1,0,0,0,.412,-.911,0,.911,.412);es="Linear";ed="In";};["Clavicle_Left"]={tm=.016;cf=cfr(0,0,0,.999,-.032,.005,.032,.963,-.267,.004,.267,.964);es="Linear";ed="In";};["UpperArm_Left"]={tm=.016;cf=cfr(0,0,0,.926,.023,-.376,-.207,.864,-.458,.314,.502,.805);es="Linear";ed="In";};["LowerArm_Left"]={tm=.016;cf=cfr(0,0,0,-.021,.364,.931,.111,.926,-.36,-.994,.096,-.06);es="Linear";ed="In";};["Wrist_Left"]={tm=.016;cf=cfr(0,0,0,.945,-.05,.323,.066,.997,-.041,-.32,.06,.945);es="Linear";ed="In";};["Hand_Left"]={tm=.016;cf=cfr(0,0,0,1,0,0,0,1,-.006,0,.006,1);es="Linear";ed="In";};["Fingers_Left"]={tm=.016;cf=cfr(0,0,0,1,0,0,0,.971,.241,0,-.241,.971);es="Linear";ed="In";};["Neck"]={tm=.016;cf=cfr(0,0,0,1,-.03,0,.03,1,0,0,0,1);es="Linear";ed="In";};["Head"]={tm=.016;cf=cfr(0,0,0,.966,.258,-.01,-.258,.966,.004,.011,-.001,1);es="Linear";ed="In";};["Pelvis_Right"]={tm=.016;cf=cfr(0,0,0,1,0,0,0,1,0,0,0,1);es="Linear";ed="In";};["Thigh_Right"]={tm=.016;cf=cfr(0,0,0,1,0,0,0,1,-.018,0,.018,1);es="Linear";ed="In";};["Calf_Right"]={tm=.016;cf=cfr(0,0,0,1,0,0,0,.854,.52,0,-.52,.854);es="Linear";ed="In";};["Foot_Right"]={tm=.016;cf=cfr(0,0,0,1,0,0,0,.843,-.538,0,.538,.843);es="Linear";ed="In";};["Pelvis_Left"]={tm=.016;cf=cfr(0,0,0,1,0,0,0,1,0,0,0,1);es="Linear";ed="In";};["Thigh_Left"]={tm=.016;cf=cfr(0,0,0,1,0,0,0,.881,-.474,0,.474,.881);es="Linear";ed="In";};["Calf_Left"]={tm=.016;cf=cfr(0,0,0,1,0,0,0,.643,.766,0,-.766,.643);es="Linear";ed="In";};["Foot_Left"]={tm=.016;cf=cfr(0,0,0,1,0,0,0,.956,-.293,0,.293,.956);es="Linear";ed="In";};};{tm=.133;["Foot_Right_end"]={tm=.0169;cf=cfr(-4.619,-8.453,3.423,.672,-.572,.471,-.702,-.694,.16,.236,-.438,-.867);es="Linear";ed="In";};["Foot_Left_end"]={tm=.0169;cf=cfr(.011,-.513,2.752,1,-.007,-.007,-.007,.008,-1,.007,1,.008);es="Linear";ed="In";};["RootNode"]={tm=.0169;cf=cfr(0,0,0,-1,0,0,0,1,0,0,0,-1);es="Linear";ed="In";};["Head_end"]={tm=.0169;cf=cfr(-.669,-1.131,1.59,.594,-.629,.501,.784,.593,-.184,-.182,.502,.846);es="Linear";ed="In";};["Fingers_Left_end"]={tm=.0169;cf=cfr(.813,.056,2.151,.445,.474,-.76,-.345,-.692,-.634,-.826,.545,-.144);es="Linear";ed="In";};["MinosPrime"]={tm=.0169;cf=cfr(0,0,0,1,0,0,0,1,0,0,0,1);es="Linear";ed="In";};["Fingers_Right_end"]={tm=.0169;cf=cfr(-.585,8.634,-.45,.154,-.544,-.825,.37,.806,-.462,.916,-.234,.326);es="Linear";ed="In";};["Armature.001"]={tm=.0169;cf=cfr(0,0,0,1,0,0,0,1,0,0,0,1);es="Linear";ed="In";};["Root"]={tm=.0169;cf=cfr(-.011,-1.31,0,1,0,0,0,1,0,0,0,1);es="Linear";ed="In";};["Spine01"]={tm=.0169;cf=cfr(0,0,0,.976,.219,0,-.219,.976,0,0,0,1);es="Linear";ed="In";};["Spine02"]={tm=.0169;cf=cfr(0,0,0,.889,.457,0,-.457,.889,0,0,0,1);es="Linear";ed="In";};["Spine03"]={tm=.0169;cf=cfr(0,0,0,.961,.278,0,-.278,.961,0,0,0,1);es="Linear";ed="In";};["Clavicle_Right"]={tm=.0169;cf=cfr(0,0,0,.999,-.039,-.004,.038,.946,.322,-.009,-.322,.947);es="Linear";ed="In";};["UpperArm_Right"]={tm=.0169;cf=cfr(0,0,0,.981,-.187,-.056,.19,.849,.493,-.044,-.494,.868);es="Linear";ed="In";};["LowerArm_Right"]={tm=.0169;cf=cfr(0,0,0,.838,-.297,-.458,-.349,.354,-.868,.42,.887,.193);es="Linear";ed="In";};["Wrist_Right"]={tm=.0169;cf=cfr(0,0,0,.812,0,-.584,0,1,0,.584,0,.812);es="Linear";ed="In";};["Hand_Right"]={tm=.0169;cf=cfr(0,0,0,1,0,0,0,.608,-.794,0,.794,.608);es="Linear";ed="In";};["Fingers_Right"]={tm=.0169;cf=cfr(0,0,-.004,1,0,0,0,.313,-.95,0,.95,.313);es="Linear";ed="In";};["Clavicle_Left"]={tm=.0169;cf=cfr(0,0,0,.999,-.036,.007,.037,.952,-.304,.004,.304,.953);es="Linear";ed="In";};["UpperArm_Left"]={tm=.0169;cf=cfr(0,0,0,.891,-.082,-.447,-.234,.761,-.605,.39,.644,.659);es="Linear";ed="In";};["LowerArm_Left"]={tm=.0169;cf=cfr(0,0,0,-.103,.356,.929,.082,.933,-.349,-.991,.04,-.126);es="Linear";ed="In";};["Wrist_Left"]={tm=.0169;cf=cfr(0,0,0,.921,-.057,.386,.081,.996,-.046,-.382,.074,.921);es="Linear";ed="In";};["Hand_Left"]={tm=.0169;cf=cfr(0,0,0,1,0,0,0,1,.025,0,-.025,1);es="Linear";ed="In";};["Fingers_Left"]={tm=.0169;cf=cfr(0,0,0,1,0,0,0,.916,.401,0,-.401,.916);es="Linear";ed="In";};["Neck"]={tm=.0169;cf=cfr(0,0,0,1,-.031,0,.031,1,.001,0,-.001,1);es="Linear";ed="In";};["Head"]={tm=.0169;cf=cfr(0,0,0,.966,.258,-.01,-.258,.966,.004,.011,-.001,1);es="Linear";ed="In";};["Pelvis_Right"]={tm=.0169;cf=cfr(0,0,0,1,0,0,0,1,0,0,0,1);es="Linear";ed="In";};["Thigh_Right"]={tm=.0169;cf=cfr(0,0,0,1,0,0,0,1,-.021,0,.021,1);es="Linear";ed="In";};["Calf_Right"]={tm=.0169;cf=cfr(0,0,0,1,0,0,0,.789,.614,0,-.614,.789);es="Linear";ed="In";};["Foot_Right"]={tm=.0169;cf=cfr(0,0,0,1,0,0,0,.784,-.62,0,.62,.784);es="Linear";ed="In";};["Pelvis_Left"]={tm=.0169;cf=cfr(0,0,0,1,0,0,0,1,0,0,0,1);es="Linear";ed="In";};["Thigh_Left"]={tm=.0169;cf=cfr(0,0,0,1,0,0,0,.826,-.563,0,.563,.826);es="Linear";ed="In";};["Calf_Left"]={tm=.0169;cf=cfr(0,0,0,1,0,0,0,.478,.879,0,-.879,.478);es="Linear";ed="In";};["Foot_Left"]={tm=.0169;cf=cfr(0,0,0,1,0,0,0,.941,-.339,0,.339,.941);es="Linear";ed="In";};};{tm=.15;["Foot_Right_end"]={tm=.0170;cf=cfr(-4.619,-8.453,3.423,.672,-.572,.471,-.702,-.694,.16,.236,-.438,-.867);es="Linear";ed="In";};["Foot_Left_end"]={tm=.0170;cf=cfr(.011,-.513,2.752,1,-.007,-.007,-.007,.008,-1,.007,1,.008);es="Linear";ed="In";};["RootNode"]={tm=.0170;cf=cfr(0,0,0,-1,0,0,0,1,0,0,0,-1);es="Linear";ed="In";};["Head_end"]={tm=.0170;cf=cfr(-.669,-1.131,1.59,.594,-.629,.501,.784,.593,-.184,-.182,.502,.846);es="Linear";ed="In";};["Fingers_Left_end"]={tm=.0170;cf=cfr(.813,.056,2.151,.445,.474,-.76,-.345,-.692,-.634,-.826,.545,-.144);es="Linear";ed="In";};["MinosPrime"]={tm=.0170;cf=cfr(0,0,0,1,0,0,0,1,0,0,0,1);es="Linear";ed="In";};["Fingers_Right_end"]={tm=.0170;cf=cfr(-.585,8.634,-.45,.154,-.544,-.825,.37,.806,-.462,.916,-.234,.326);es="Linear";ed="In";};["Armature.001"]={tm=.0170;cf=cfr(0,0,0,1,0,0,0,1,0,0,0,1);es="Linear";ed="In";};["Root"]={tm=.0170;cf=cfr(-.013,-1.548,0,1,0,0,0,1,0,0,0,1);es="Linear";ed="In";};["Spine01"]={tm=.0170;cf=cfr(0,0,0,.968,.251,0,-.251,.968,0,0,0,1);es="Linear";ed="In";};["Spine02"]={tm=.0170;cf=cfr(0,0,0,.849,.528,0,-.528,.849,0,0,0,1);es="Linear";ed="In";};["Spine03"]={tm=.0170;cf=cfr(0,0,0,.95,.311,0,-.311,.95,0,0,0,1);es="Linear";ed="In";};["Clavicle_Right"]={tm=.0170;cf=cfr(0,0,0,.999,-.044,-.005,.043,.93,.365,-.011,-.365,.931);es="Linear";ed="In";};["UpperArm_Right"]={tm=.0170;cf=cfr(0,0,0,.98,-.193,-.048,.19,.835,.517,-.06,-.516,.855);es="Linear";ed="In";};["LowerArm_Right"]={tm=.0170;cf=cfr(0,0,0,.936,-.255,-.242,-.207,.157,-.966,.284,.954,.094);es="Linear";ed="In";};["Wrist_Right"]={tm=.0170;cf=cfr(0,0,0,.771,0,-.637,0,1,0,.637,0,.771);es="Linear";ed="In";};["Hand_Right"]={tm=.0170;cf=cfr(0,0,0,1,0,0,0,.525,-.851,0,.851,.525);es="Linear";ed="In";};["Fingers_Right"]={tm=.0170;cf=cfr(0,0,-.004,1,0,0,0,.249,-.969,0,.969,.249);es="Linear";ed="In";};["Clavicle_Left"]={tm=.0170;cf=cfr(0,0,0,.999,-.04,.009,.041,.939,-.341,.005,.341,.94);es="Linear";ed="In";};["UpperArm_Left"]={tm=.0170;cf=cfr(0,0,0,.848,-.196,-.492,-.274,.633,-.724,.454,.749,.483);es="Linear";ed="In";};["LowerArm_Left"]={tm=.0170;cf=cfr(0,0,0,-.185,.343,.921,.052,.939,-.34,-.981,-.016,-.192);es="Linear";ed="In";};["Wrist_Left"]={tm=.0170;cf=cfr(0,0,0,.892,-.064,.447,.096,.994,-.051,-.441,.088,.893);es="Linear";ed="In";};["Hand_Left"]={tm=.0170;cf=cfr(0,0,0,1,0,0,0,.998,.056,0,-.056,.998);es="Linear";ed="In";};["Fingers_Left"]={tm=.0170;cf=cfr(0,0,0,1,0,0,0,.836,.549,0,-.549,.836);es="Linear";ed="In";};["Neck"]={tm=.0170;cf=cfr(0,0,0,1,-.031,0,.031,1,.001,0,-.001,1);es="Linear";ed="In";};["Head"]={tm=.0170;cf=cfr(0,0,0,.966,.258,-.01,-.258,.966,.004,.011,-.001,1);es="Linear";ed="In";};["Pelvis_Right"]={tm=.0170;cf=cfr(0,0,0,1,0,0,0,1,0,0,0,1);es="Linear";ed="In";};["Thigh_Right"]={tm=.0170;cf=cfr(0,0,0,1,0,0,0,1,-.024,0,.024,1);es="Linear";ed="In";};["Calf_Right"]={tm=.0170;cf=cfr(0,0,0,1,0,0,0,.728,.686,0,-.686,.728);es="Linear";ed="In";};["Foot_Right"]={tm=.0170;cf=cfr(0,0,0,1,0,0,0,.717,-.697,0,.697,.717);es="Linear";ed="In";};["Pelvis_Left"]={tm=.0170;cf=cfr(0,0,0,1,0,0,0,1,0,0,0,1);es="Linear";ed="In";};["Thigh_Left"]={tm=.0170;cf=cfr(0,0,0,1,0,0,0,.763,-.646,0,.646,.763);es="Linear";ed="In";};["Calf_Left"]={tm=.0170;cf=cfr(0,0,0,1,0,0,0,.295,.955,0,-.955,.295);es="Linear";ed="In";};["Foot_Left"]={tm=.0170;cf=cfr(0,0,0,1,0,0,0,.923,-.384,0,.384,.923);es="Linear";ed="In";};};{tm=.167;["Foot_Right_end"]={tm=.0159;cf=cfr(-4.619,-8.453,3.423,.672,-.572,.471,-.702,-.694,.16,.236,-.438,-.867);es="Linear";ed="In";};["Foot_Left_end"]={tm=.0159;cf=cfr(.011,-.513,2.752,1,-.007,-.007,-.007,.008,-1,.007,1,.008);es="Linear";ed="In";};["RootNode"]={tm=.0159;cf=cfr(0,0,0,-1,0,0,0,1,0,0,0,-1);es="Linear";ed="In";};["Head_end"]={tm=.0159;cf=cfr(-.669,-1.131,1.59,.594,-.629,.501,.784,.593,-.184,-.182,.502,.846);es="Linear";ed="In";};["Fingers_Left_end"]={tm=.0159;cf=cfr(.813,.056,2.151,.445,.474,-.76,-.345,-.692,-.634,-.826,.545,-.144);es="Linear";ed="In";};["MinosPrime"]={tm=.0159;cf=cfr(0,0,0,1,0,0,0,1,0,0,0,1);es="Linear";ed="In";};["Fingers_Right_end"]={tm=.0159;cf=cfr(-.585,8.634,-.45,.154,-.544,-.825,.37,.806,-.462,.916,-.234,.326);es="Linear";ed="In";};["Armature.001"]={tm=.0159;cf=cfr(0,0,0,1,0,0,0,1,0,0,0,1);es="Linear";ed="In";};["Root"]={tm=.0159;cf=cfr(-.014,-1.787,0,1,0,0,0,1,0,0,0,1);es="Linear";ed="In";};["Spine01"]={tm=.0159;cf=cfr(0,0,0,.961,.277,0,-.277,.961,0,0,0,1);es="Linear";ed="In";};["Spine02"]={tm=.0159;cf=cfr(0,0,0,.803,.596,0,-.596,.803,0,0,0,1);es="Linear";ed="In";};["Spine03"]={tm=.0159;cf=cfr(0,0,0,.939,.345,0,-.345,.939,0,0,0,1);es="Linear";ed="In";};["Clavicle_Right"]={tm=.0159;cf=cfr(0,0,0,.999,-.049,-.007,.048,.912,.408,-.013,-.408,.913);es="Linear";ed="In";};["UpperArm_Right"]={tm=.0159;cf=cfr(0,0,0,.979,-.2,-.039,.19,.82,.541,-.076,-.537,.84);es="Linear";ed="In";};["LowerArm_Right"]={tm=.0159;cf=cfr(0,0,0,.986,-.152,-.074,-.079,-.022,-.997,.15,.988,-.034);es="Linear";ed="In";};["Wrist_Right"]={tm=.0159;cf=cfr(0,0,0,.727,0,-.687,0,1,0,.687,0,.727);es="Linear";ed="In";};["Hand_Right"]={tm=.0159;cf=cfr(0,0,0,1,0,0,0,.437,-.9,0,.9,.437);es="Linear";ed="In";};["Fingers_Right"]={tm=.0159;cf=cfr(0,0,-.004,1,0,0,0,.183,-.983,0,.983,.183);es="Linear";ed="In";};["Clavicle_Left"]={tm=.0159;cf=cfr(0,0,0,.999,-.044,.012,.045,.925,-.377,.006,.377,.926);es="Linear";ed="In";};["UpperArm_Left"]={tm=.0159;cf=cfr(0,0,0,.823,-.279,-.495,-.298,.531,-.793,.484,.8,.354);es="Linear";ed="In";};["LowerArm_Left"]={tm=.0159;cf=cfr(0,0,0,-.266,.326,.907,.02,.943,-.333,-.964,-.07,-.257);es="Linear";ed="In";};["Wrist_Left"]={tm=.0159;cf=cfr(0,0,0,.86,-.069,.506,.112,.992,-.054,-.499,.103,.861);es="Linear";ed="In";};["Hand_Left"]={tm=.0159;cf=cfr(0,0,0,1,0,0,0,.997,.075,0,-.075,.997);es="Linear";ed="In";};["Fingers_Left"]={tm=.0159;cf=cfr(0,0,0,1,0,0,0,.775,.632,0,-.632,.775);es="Linear";ed="In";};["Neck"]={tm=.0159;cf=cfr(0,0,0,1,-.031,0,.031,1,.001,0,-.001,1);es="Linear";ed="In";};["Head"]={tm=.0159;cf=cfr(0,0,0,.966,.258,-.01,-.258,.966,.004,.011,-.001,1);es="Linear";ed="In";};["Pelvis_Right"]={tm=.0159;cf=cfr(0,0,0,1,0,0,0,1,0,0,0,1);es="Linear";ed="In";};["Thigh_Right"]={tm=.0159;cf=cfr(0,0,0,1,0,0,0,1,-.026,0,.026,1);es="Linear";ed="In";};["Calf_Right"]={tm=.0159;cf=cfr(0,0,0,1,0,0,0,.659,.752,0,-.752,.659);es="Linear";ed="In";};["Foot_Right"]={tm=.0159;cf=cfr(0,0,0,1,0,0,0,.642,-.766,0,.766,.642);es="Linear";ed="In";};["Pelvis_Left"]={tm=.0159;cf=cfr(0,0,0,1,0,0,0,1,0,0,0,1);es="Linear";ed="In";};["Thigh_Left"]={tm=.0159;cf=cfr(0,0,0,1,0,0,0,.708,-.706,0,.706,.708);es="Linear";ed="In";};["Calf_Left"]={tm=.0159;cf=cfr(0,0,0,1,0,0,0,.167,.986,0,-.986,.167);es="Linear";ed="In";};["Foot_Left"]={tm=.0159;cf=cfr(0,0,0,1,0,0,0,.904,-.428,0,.428,.904);es="Linear";ed="In";};};{tm=.183;["Foot_Right_end"]={tm=.0170;cf=cfr(-4.619,-8.453,3.423,.672,-.572,.471,-.702,-.694,.16,.236,-.438,-.867);es="Linear";ed="In";};["Foot_Left_end"]={tm=.0170;cf=cfr(.011,-.513,2.752,1,-.007,-.007,-.007,.008,-1,.007,1,.008);es="Linear";ed="In";};["RootNode"]={tm=.0170;cf=cfr(0,0,0,-1,0,0,0,1,0,0,0,-1);es="Linear";ed="In";};["Head_end"]={tm=.0170;cf=cfr(-.669,-1.131,1.59,.594,-.629,.501,.784,.593,-.184,-.182,.502,.846);es="Linear";ed="In";};["Fingers_Left_end"]={tm=.0170;cf=cfr(.813,.056,2.151,.445,.474,-.76,-.345,-.692,-.634,-.826,.545,-.144);es="Linear";ed="In";};["MinosPrime"]={tm=.0170;cf=cfr(0,0,0,1,0,0,0,1,0,0,0,1);es="Linear";ed="In";};["Fingers_Right_end"]={tm=.0170;cf=cfr(-.585,8.634,-.45,.154,-.544,-.825,.37,.806,-.462,.916,-.234,.326);es="Linear";ed="In";};["Armature.001"]={tm=.0170;cf=cfr(0,0,0,1,0,0,0,1,0,0,0,1);es="Linear";ed="In";};["Root"]={tm=.0170;cf=cfr(-.016,-2.025,0,1,0,0,0,1,0,0,0,1);es="Linear";ed="In";};["Spine01"]={tm=.0170;cf=cfr(0,0,0,.953,.302,0,-.302,.953,0,0,0,1);es="Linear";ed="In";};["Spine02"]={tm=.0170;cf=cfr(0,0,0,.78,.626,0,-.626,.78,0,0,0,1);es="Linear";ed="In";};["Spine03"]={tm=.0170;cf=cfr(0,0,0,.926,.378,0,-.378,.926,0,0,0,1);es="Linear";ed="In";};["Clavicle_Right"]={tm=.0170;cf=cfr(0,0,0,.999,-.054,-.01,.052,.892,.449,-.016,-.449,.893);es="Linear";ed="In";};["UpperArm_Right"]={tm=.0170;cf=cfr(0,0,0,.979,-.202,-.038,.19,.816,.546,-.08,-.541,.837);es="Linear";ed="In";};["LowerArm_Right"]={tm=.0170;cf=cfr(0,0,0,.997,-.019,.078,.073,-.183,-.98,.033,.983,-.181);es="Linear";ed="In";};["Wrist_Right"]={tm=.0170;cf=cfr(0,0,0,.679,0,-.734,0,1,0,.734,0,.679);es="Linear";ed="In";};["Hand_Right"]={tm=.0170;cf=cfr(0,0,0,1,0,0,0,.344,-.939,0,.939,.344);es="Linear";ed="In";};["Fingers_Right"]={tm=.0170;cf=cfr(0,0,-.004,1,0,0,0,.116,-.993,0,.993,.116);es="Linear";ed="In";};["Clavicle_Left"]={tm=.0170;cf=cfr(0,0,0,.999,-.048,.014,.05,.91,-.412,.007,.413,.911);es="Linear";ed="In";};["UpperArm_Left"]={tm=.0170;cf=cfr(0,0,0,.796,-.362,-.485,-.326,.419,-.847,.51,.833,.216);es="Linear";ed="In";};["LowerArm_Left"]={tm=.0170;cf=cfr(0,0,0,-.344,.304,.888,-.012,.945,-.328,-.939,-.123,-.322);es="Linear";ed="In";};["Wrist_Left"]={tm=.0170;cf=cfr(0,0,0,.823,-.074,.563,.127,.99,-.056,-.553,.118,.825);es="Linear";ed="In";};["Hand_Left"]={tm=.0170;cf=cfr(0,0,0,1,0,0,0,.996,.094,0,-.094,.996);es="Linear";ed="In";};["Fingers_Left"]={tm=.0170;cf=cfr(0,0,0,1,0,0,0,.705,.709,0,-.709,.705);es="Linear";ed="In";};["Neck"]={tm=.0170;cf=cfr(0,0,0,1,-.031,0,.031,1,.001,0,-.001,1);es="Linear";ed="In";};["Head"]={tm=.0170;cf=cfr(0,0,0,.966,.258,-.01,-.258,.966,.004,.011,-.001,1);es="Linear";ed="In";};["Pelvis_Right"]={tm=.0170;cf=cfr(0,0,0,1,0,0,0,1,0,0,0,1);es="Linear";ed="In";};["Thigh_Right"]={tm=.0170;cf=cfr(0,0,0,1,0,0,0,1,-.029,0,.029,1);es="Linear";ed="In";};["Calf_Right"]={tm=.0170;cf=cfr(0,0,0,1,0,0,0,.583,.812,0,-.812,.583);es="Linear";ed="In";};["Foot_Right"]={tm=.0170;cf=cfr(0,0,0,1,0,0,0,.561,-.828,0,.828,.561);es="Linear";ed="In";};["Pelvis_Left"]={tm=.0170;cf=cfr(0,0,0,1,0,0,0,1,0,0,0,1);es="Linear";ed="In";};["Thigh_Left"]={tm=.0170;cf=cfr(0,0,0,1,0,0,-.001,.648,-.762,0,.762,.648);es="Linear";ed="In";};["Calf_Left"]={tm=.0170;cf=cfr(0,0,0,1,0,0,0,.036,.999,0,-.999,.036);es="Linear";ed="In";};["Foot_Left"]={tm=.0170;cf=cfr(0,0,0,1,0,0,0,.882,-.471,0,.471,.882);es="Linear";ed="In";};};{tm=.2;["Foot_Right_end"]={tm=.0169;cf=cfr(-4.619,-8.453,3.423,.672,-.572,.471,-.702,-.694,.16,.236,-.438,-.867);es="Linear";ed="In";};["Foot_Left_end"]={tm=.0169;cf=cfr(.011,-.513,2.752,1,-.007,-.007,-.007,.008,-1,.007,1,.008);es="Linear";ed="In";};["RootNode"]={tm=.0169;cf=cfr(0,0,0,-1,0,0,0,1,0,0,0,-1);es="Linear";ed="In";};["Head_end"]={tm=.0169;cf=cfr(-.669