-- // converted using mech's animoduler
local cfr = CFrame.new

return {{tm=0;["Foot_Right_end"]={tm=.017;cf=cfr(-4.619,-8.453,3.423,.672,-.572,.471,-.702,-.694,.16,.236,-.438,-.867);es="Linear";ed="In";};["Foot_Left_end"]={tm=.017;cf=cfr(.011,-.513,2.752,1,-.007,-.007,-.007,.008,-1,.007,1,.008);es="Linear";ed="In";};["RootNode"]={tm=.017;cf=cfr(0,0,0,-1,0,0,0,1,0,0,0,-1);es="Linear";ed="In";};["Head_end"]={tm=.017;cf=cfr(-.669,-1.131,1.59,.594,-.629,.501,.784,.593,-.184,-.182,.502,.846);es="Linear";ed="In";};["Fingers_Left_end"]={tm=.017;cf=cfr(.813,.056,2.151,.445,.474,-.76,-.345,-.692,-.634,-.826,.545,-.144);es="Linear";ed="In";};["MinosPrime"]={tm=.017;cf=cfr(0,0,0,1,0,0,0,1,0,0,0,1);es="Linear";ed="In";};["Fingers_Right_end"]={tm=.017;cf=cfr(-.585,8.634,-.45,.154,-.544,-.825,.37,.806,-.462,.916,-.234,.326);es="Linear";ed="In";};["Armature.001"]={tm=.017;cf=cfr(0,0,0,1,0,0,0,1,0,0,0,1);es="Linear";ed="In";};["Root"]={tm=.017;cf=cfr(-.004,-.512,0,1,0,0,0,1,0,0,0,1);es="Linear";ed="In";};["Spine01"]={tm=.017;cf=cfr(0,0,0,.998,.069,0,-.069,.998,0,0,0,1);es="Linear";ed="In";};["Spine02"]={tm=.017;cf=cfr(0,0,0,.994,0,-.111,0,1,0,.111,0,.994);es="Linear";ed="In";};["Spine03"]={tm=.017;cf=cfr(0,0,0,.995,0,-.098,0,1,0,.098,0,.995);es="Linear";ed="In";};["Clavicle_Right"]={tm=.017;cf=cfr(0,0,0,1,0,0,0,1,0,0,0,1);es="Linear";ed="In";};["UpperArm_Right"]={tm=.017;cf=cfr(0,0,0,.981,-.143,-.131,.176,.941,.288,.081,-.306,.949);es="Linear";ed="In";};["LowerArm_Right"]={tm=.017;cf=cfr(0,0,0,.039,-.392,-.919,-.235,.891,-.39,.971,.231,-.057);es="Linear";ed="In";};["Wrist_Right"]={tm=.017;cf=cfr(0,0,0,1,0,0,0,1,0,0,0,1);es="Linear";ed="In";};["Hand_Right"]={tm=.017;cf=cfr(0,0,0,1,0,0,0,.336,-.942,0,.942,.336);es="Linear";ed="In";};["Fingers_Right"]={tm=.017;cf=cfr(0,0,-.004,1,0,0,0,-.228,-.974,0,.974,-.228);es="Linear";ed="In";};["Clavicle_Left"]={tm=.017;cf=cfr(0,0,0,1,0,0,0,1,0,0,0,1);es="Linear";ed="In";};["UpperArm_Left"]={tm=.017;cf=cfr(0,0,0,.967,.25,-.054,-.254,.961,-.112,.024,.122,.992);es="Linear";ed="In";};["LowerArm_Left"]={tm=.017;cf=cfr(0,0,0,.472,.311,.825,.257,.847,-.466,-.843,.432,.32);es="Linear";ed="In";};["Wrist_Left"]={tm=.017;cf=cfr(0,0,0,1,0,0,0,1,0,0,0,1);es="Linear";ed="In";};["Hand_Left"]={tm=.017;cf=cfr(0,0,0,1,0,0,0,.587,-.81,0,.81,.587);es="Linear";ed="In";};["Fingers_Left"]={tm=.017;cf=cfr(0,0,0,1,0,0,0,-.205,-.979,0,.979,-.205);es="Linear";ed="In";};["Neck"]={tm=.017;cf=cfr(0,0,0,1,-.03,0,.03,1,0,0,0,1);es="Linear";ed="In";};["Head"]={tm=.017;cf=cfr(0,0,0,.945,.232,.231,-.252,.966,.062,-.209,-.116,.971);es="Linear";ed="In";};["Pelvis_Right"]={tm=.017;cf=cfr(0,0,0,1,0,0,0,1,0,0,0,1);es="Linear";ed="In";};["Thigh_Right"]={tm=.017;cf=cfr(0,0,0,1,-.001,.01,.007,.853,-.521,-.008,.521,.853);es="Linear";ed="In";};["Calf_Right"]={tm=.017;cf=cfr(0,0,0,1,.012,-.008,-.003,.73,.684,.014,-.683,.73);es="Linear";ed="In";};["Foot_Right"]={tm=.017;cf=cfr(0,0,0,1,.001,.002,-.001,.984,-.176,-.003,.176,.984);es="Linear";ed="In";};["Pelvis_Left"]={tm=.017;cf=cfr(0,0,0,1,0,0,0,1,0,0,0,1);es="Linear";ed="In";};["Thigh_Left"]={tm=.017;cf=cfr(0,0,0,1,-.002,.004,.001,.972,.234,-.004,-.234,.972);es="Linear";ed="In";};["Calf_Left"]={tm=.017;cf=cfr(0,0,0,1,-.009,.007,.003,.815,.579,-.011,-.579,.815);es="Linear";ed="In";};["Foot_Left"]={tm=.017;cf=cfr(0,0,0,1,.001,.004,-.002,.967,.254,-.003,-.254,.967);es="Linear";ed="In";};};{tm=.017;["Foot_Right_end"]={tm=.016;cf=cfr(-4.619,-8.453,3.423,.672,-.572,.471,-.702,-.694,.16,.236,-.438,-.867);es="Linear";ed="In";};["Foot_Left_end"]={tm=.016;cf=cfr(.011,-.513,2.752,1,-.007,-.007,-.007,.008,-1,.007,1,.008);es="Linear";ed="In";};["RootNode"]={tm=.016;cf=cfr(0,0,0,-1,0,0,0,1,0,0,0,-1);es="Linear";ed="In";};["Head_end"]={tm=.016;cf=cfr(-.669,-1.131,1.59,.594,-.629,.501,.784,.593,-.184,-.182,.502,.846);es="Linear";ed="In";};["Fingers_Left_end"]={tm=.016;cf=cfr(.813,.056,2.151,.445,.474,-.76,-.345,-.692,-.634,-.826,.545,-.144);es="Linear";ed="In";};["MinosPrime"]={tm=.016;cf=cfr(0,0,0,1,0,0,0,1,0,0,0,1);es="Linear";ed="In";};["Fingers_Right_end"]={tm=.016;cf=cfr(-.585,8.634,-.45,.154,-.544,-.825,.37,.806,-.462,.916,-.234,.326);es="Linear";ed="In";};["Armature.001"]={tm=.016;cf=cfr(0,0,0,1,0,0,0,1,0,0,0,1);es="Linear";ed="In";};["Root"]={tm=.016;cf=cfr(-.004,-.495,0,1,0,0,0,1,0,0,0,1);es="Linear";ed="In";};["Spine01"]={tm=.016;cf=cfr(0,0,0,.998,.069,0,-.069,.998,0,0,0,1);es="Linear";ed="In";};["Spine02"]={tm=.016;cf=cfr(0,0,0,.994,0,-.106,0,1,0,.106,0,.994);es="Linear";ed="In";};["Spine03"]={tm=.016;cf=cfr(0,0,0,.996,0,-.087,0,1,0,.087,0,.996);es="Linear";ed="In";};["Clavicle_Right"]={tm=.016;cf=cfr(0,0,0,1,0,0,0,1,0,0,0,1);es="Linear";ed="In";};["UpperArm_Right"]={tm=.016;cf=cfr(0,0,0,.981,-.146,-.128,.176,.946,.271,.081,-.288,.954);es="Linear";ed="In";};["LowerArm_Right"]={tm=.016;cf=cfr(0,0,0,.039,-.392,-.919,-.235,.891,-.39,.971,.231,-.057);es="Linear";ed="In";};["Wrist_Right"]={tm=.016;cf=cfr(0,0,0,1,0,0,0,1,0,0,0,1);es="Linear";ed="In";};["Hand_Right"]={tm=.016;cf=cfr(0,0,0,1,0,0,0,.336,-.942,0,.942,.336);es="Linear";ed="In";};["Fingers_Right"]={tm=.016;cf=cfr(0,0,-.004,1,0,0,0,-.228,-.974,0,.974,-.228);es="Linear";ed="In";};["Clavicle_Left"]={tm=.016;cf=cfr(0,0,0,1,0,0,0,1,0,0,0,1);es="Linear";ed="In";};["UpperArm_Left"]={tm=.016;cf=cfr(0,0,0,.967,.251,-.049,-.254,.963,-.094,.024,.103,.994);es="Linear";ed="In";};["LowerArm_Left"]={tm=.016;cf=cfr(0,0,0,.472,.311,.825,.257,.847,-.466,-.843,.432,.32);es="Linear";ed="In";};["Wrist_Left"]={tm=.016;cf=cfr(0,0,0,1,0,0,0,1,0,0,0,1);es="Linear";ed="In";};["Hand_Left"]={tm=.016;cf=cfr(0,0,0,1,0,0,0,.587,-.81,0,.81,.587);es="Linear";ed="In";};["Fingers_Left"]={tm=.016;cf=cfr(0,0,0,1,0,0,0,-.205,-.979,0,.979,-.205);es="Linear";ed="In";};["Neck"]={tm=.016;cf=cfr(0,0,0,1,-.03,0,.03,1,0,0,0,1);es="Linear";ed="In";};["Head"]={tm=.016;cf=cfr(0,0,0,.948,.234,.215,-.251,.967,.055,-.195,-.106,.975);es="Linear";ed="In";};["Pelvis_Right"]={tm=.016;cf=cfr(0,0,0,1,0,0,0,1,0,0,0,1);es="Linear";ed="In";};["Thigh_Right"]={tm=.016;cf=cfr(0,0,0,1,-.001,.01,.006,.876,-.483,-.008,.483,.875);es="Linear";ed="In";};["Calf_Right"]={tm=.016;cf=cfr(0,0,0,1,.011,-.008,-.003,.764,.645,.013,-.645,.764);es="Linear";ed="In";};["Foot_Right"]={tm=.016;cf=cfr(0,0,0,1,.001,.002,-.001,.99,-.144,-.002,.144,.99);es="Linear";ed="In";};["Pelvis_Left"]={tm=.016;cf=cfr(0,0,0,1,0,0,0,1,0,0,0,1);es="Linear";ed="In";};["Thigh_Left"]={tm=.016;cf=cfr(0,0,0,1,-.002,.003,.001,.981,.192,-.004,-.192,.981);es="Linear";ed="In";};["Calf_Left"]={tm=.016;cf=cfr(0,0,0,1,-.01,.008,.003,.79,.614,-.012,-.613,.79);es="Linear";ed="In";};["Foot_Left"]={tm=.016;cf=cfr(0,0,0,1,.001,.004,-.003,.955,.295,-.004,-.295,.955);es="Linear";ed="In";};};{tm=.033;["Foot_Right_end"]={tm=.017;cf=cfr(-4.619,-8.453,3.423,.672,-.572,.471,-.702,-.694,.16,.236,-.438,-.867);es="Linear";ed="In";};["Foot_Left_end"]={tm=.017;cf=cfr(.011,-.513,2.752,1,-.007,-.007,-.007,.008,-1,.007,1,.008);es="Linear";ed="In";};["RootNode"]={tm=.017;cf=cfr(0,0,0,-1,0,0,0,1,0,0,0,-1);es="Linear";ed="In";};["Head_end"]={tm=.017;cf=cfr(-.669,-1.131,1.59,.594,-.629,.501,.784,.593,-.184,-.182,.502,.846);es="Linear";ed="In";};["Fingers_Left_end"]={tm=.017;cf=cfr(.813,.056,2.151,.445,.474,-.76,-.345,-.692,-.634,-.826,.545,-.144);es="Linear";ed="In";};["MinosPrime"]={tm=.017;cf=cfr(0,0,0,1,0,0,0,1,0,0,0,1);es="Linear";ed="In";};["Fingers_Right_end"]={tm=.017;cf=cfr(-.585,8.634,-.45,.154,-.544,-.825,.37,.806,-.462,.916,-.234,.326);es="Linear";ed="In";};["Armature.001"]={tm=.017;cf=cfr(0,0,0,1,0,0,0,1,0,0,0,1);es="Linear";ed="In";};["Root"]={tm=.017;cf=cfr(-.004,-.45,0,1,0,0,0,1,0,0,0,1);es="Linear";ed="In";};["Spine01"]={tm=.017;cf=cfr(0,0,0,.998,.069,0,-.069,.998,0,0,0,1);es="Linear";ed="In";};["Spine02"]={tm=.017;cf=cfr(0,0,0,.995,0,-.102,0,1,0,.102,0,.995);es="Linear";ed="In";};["Spine03"]={tm=.017;cf=cfr(0,0,0,.997,0,-.076,0,1,0,.076,0,.997);es="Linear";ed="In";};["Clavicle_Right"]={tm=.017;cf=cfr(0,0,0,1,0,0,0,1,0,0,0,1);es="Linear";ed="In";};["UpperArm_Right"]={tm=.017;cf=cfr(0,0,0,.981,-.148,-.125,.176,.951,.253,.081,-.271,.959);es="Linear";ed="In";};["LowerArm_Right"]={tm=.017;cf=cfr(0,0,0,.039,-.392,-.919,-.235,.891,-.39,.971,.231,-.057);es="Linear";ed="In";};["Wrist_Right"]={tm=.017;cf=cfr(0,0,0,1,0,0,0,1,0,0,0,1);es="Linear";ed="In";};["Hand_Right"]={tm=.017;cf=cfr(0,0,0,1,0,0,0,.336,-.942,0,.942,.336);es="Linear";ed="In";};["Fingers_Right"]={tm=.017;cf=cfr(0,0,-.004,1,0,0,0,-.228,-.974,0,.974,-.228);es="Linear";ed="In";};["Clavicle_Left"]={tm=.017;cf=cfr(0,0,0,1,0,0,0,1,0,0,0,1);es="Linear";ed="In";};["UpperArm_Left"]={tm=.017;cf=cfr(0,0,0,.967,.251,-.044,-.254,.964,-.075,.024,.084,.996);es="Linear";ed="In";};["LowerArm_Left"]={tm=.017;cf=cfr(0,0,0,.472,.311,.825,.257,.847,-.466,-.843,.432,.32);es="Linear";ed="In";};["Wrist_Left"]={tm=.017;cf=cfr(0,0,0,1,0,0,0,1,0,0,0,1);es="Linear";ed="In";};["Hand_Left"]={tm=.017;cf=cfr(0,0,0,1,0,0,0,.587,-.81,0,.81,.587);es="Linear";ed="In";};["Fingers_Left"]={tm=.017;cf=cfr(0,0,0,1,0,0,0,-.205,-.979,0,.979,-.205);es="Linear";ed="In";};["Neck"]={tm=.017;cf=cfr(0,0,0,1,-.03,0,.03,1,0,0,0,1);es="Linear";ed="In";};["Head"]={tm=.017;cf=cfr(0,0,0,.951,.235,.198,-.249,.967,.048,-.181,-.095,.979);es="Linear";ed="In";};["Pelvis_Right"]={tm=.017;cf=cfr(0,0,0,1,0,0,0,1,0,0,0,1);es="Linear";ed="In";};["Thigh_Right"]={tm=.017;cf=cfr(0,0,0,1,-.002,.009,.005,.896,-.444,-.007,.444,.896);es="Linear";ed="In";};["Calf_Right"]={tm=.017;cf=cfr(0,0,0,1,.01,-.008,-.003,.796,.606,.012,-.605,.796);es="Linear";ed="In";};["Foot_Right"]={tm=.017;cf=cfr(0,0,0,1,.001,.002,-.001,.994,-.111,-.002,.111,.994);es="Linear";ed="In";};["Pelvis_Left"]={tm=.017;cf=cfr(0,0,0,1,0,0,0,1,0,0,0,1);es="Linear";ed="In";};["Thigh_Left"]={tm=.017;cf=cfr(0,0,0,1,-.001,.003,.001,.989,.15,-.003,-.15,.989);es="Linear";ed="In";};["Calf_Left"]={tm=.017;cf=cfr(0,0,0,1,-.011,.008,.003,.762,.647,-.013,-.647,.762);es="Linear";ed="In";};["Foot_Left"]={tm=.017;cf=cfr(0,0,0,1,.002,.005,-.003,.942,.335,-.004,-.335,.942);es="Linear";ed="In";};};{tm=.05;["Foot_Right_end"]={tm=.017;cf=cfr(-4.619,-8.453,3.423,.672,-.572,.471,-.702,-.694,.16,.236,-.438,-.867);es="Linear";ed="In";};["Foot_Left_end"]={tm=.017;cf=cfr(.011,-.513,2.752,1,-.007,-.007,-.007,.008,-1,.007,1,.008);es="Linear";ed="In";};["RootNode"]={tm=.017;cf=cfr(0,0,0,-1,0,0,0,1,0,0,0,-1);es="Linear";ed="In";};["Head_end"]={tm=.017;cf=cfr(-.669,-1.131,1.59,.594,-.629,.501,.784,.593,-.184,-.182,.502,.846);es="Linear";ed="In";};["Fingers_Left_end"]={tm=.017;cf=cfr(.813,.056,2.151,.445,.474,-.76,-.345,-.692,-.634,-.826,.545,-.144);es="Linear";ed="In";};["MinosPrime"]={tm=.017;cf=cfr(0,0,0,1,0,0,0,1,0,0,0,1);es="Linear";ed="In";};["Fingers_Right_end"]={tm=.017;cf=cfr(-.585,8.634,-.45,.154,-.544,-.825,.37,.806,-.462,.916,-.234,.326);es="Linear";ed="In";};["Armature.001"]={tm=.017;cf=cfr(0,0,0,1,0,0,0,1,0,0,0,1);es="Linear";ed="In";};["Root"]={tm=.017;cf=cfr(-.003,-.385,0,1,0,0,0,1,0,0,0,1);es="Linear";ed="In";};["Spine01"]={tm=.017;cf=cfr(0,0,0,.998,.069,0,-.069,.998,0,0,0,1);es="Linear";ed="In";};["Spine02"]={tm=.017;cf=cfr(0,0,0,.995,0,-.098,0,1,0,.098,0,.995);es="Linear";ed="In";};["Spine03"]={tm=.017;cf=cfr(0,0,0,.998,0,-.065,0,1,0,.065,0,.998);es="Linear";ed="In";};["Clavicle_Right"]={tm=.017;cf=cfr(0,0,0,1,0,0,0,1,0,0,0,1);es="Linear";ed="In";};["UpperArm_Right"]={tm=.017;cf=cfr(0,0,0,.981,-.15,-.122,.176,.956,.236,.081,-.253,.964);es="Linear";ed="In";};["LowerArm_Right"]={tm=.017;cf=cfr(0,0,0,.039,-.392,-.919,-.235,.891,-.39,.971,.231,-.057);es="Linear";ed="In";};["Wrist_Right"]={tm=.017;cf=cfr(0,0,0,1,0,0,0,1,0,0,0,1);es="Linear";ed="In";};["Hand_Right"]={tm=.017;cf=cfr(0,0,0,1,0,0,0,.336,-.942,0,.942,.336);es="Linear";ed="In";};["Fingers_Right"]={tm=.017;cf=cfr(0,0,-.004,1,0,0,0,-.228,-.974,0,.974,-.228);es="Linear";ed="In";};["Clavicle_Left"]={tm=.017;cf=cfr(0,0,0,1,0,0,0,1,0,0,0,1);es="Linear";ed="In";};["UpperArm_Left"]={tm=.017;cf=cfr(0,0,0,.967,.252,-.04,-.254,.965,-.057,.024,.065,.998);es="Linear";ed="In";};["LowerArm_Left"]={tm=.017;cf=cfr(0,0,0,.472,.311,.825,.257,.847,-.466,-.843,.432,.32);es="Linear";ed="In";};["Wrist_Left"]={tm=.017;cf=cfr(0,0,0,1,0,0,0,1,0,0,0,1);es="Linear";ed="In";};["Hand_Left"]={tm=.017;cf=cfr(0,0,0,1,0,0,0,.587,-.81,0,.81,.587);es="Linear";ed="In";};["Fingers_Left"]={tm=.017;cf=cfr(0,0,0,1,0,0,0,-.205,-.979,0,.979,-.205);es="Linear";ed="In";};["Neck"]={tm=.017;cf=cfr(0,0,0,1,-.03,0,.03,1,0,0,0,1);es="Linear";ed="In";};["Head"]={tm=.017;cf=cfr(0,0,0,.954,.237,.182,-.248,.968,.041,-.166,-.084,.982);es="Linear";ed="In";};["Pelvis_Right"]={tm=.017;cf=cfr(0,0,0,1,0,0,0,1,0,0,0,1);es="Linear";ed="In";};["Thigh_Right"]={tm=.017;cf=cfr(0,0,0,1,-.002,.008,.005,.915,-.405,-.007,.405,.914);es="Linear";ed="In";};["Calf_Right"]={tm=.017;cf=cfr(0,0,0,1,.008,-.007,-.003,.866,.5,.01,-.5,.866);es="Linear";ed="In";};["Foot_Right"]={tm=.017;cf=cfr(0,0,0,1,.001,.001,-.001,.997,-.078,-.001,.078,.997);es="Linear";ed="In";};["Pelvis_Left"]={tm=.017;cf=cfr(0,0,0,1,0,0,0,1,0,0,0,1);es="Linear";ed="In";};["Thigh_Left"]={tm=.017;cf=cfr(0,0,0,1,-.001,.002,0,.994,.107,-.002,-.107,.994);es="Linear";ed="In";};["Calf_Left"]={tm=.017;cf=cfr(0,0,0,1,-.013,.009,.003,.69,.724,-.015,-.724,.69);es="Linear";ed="In";};["Foot_Left"]={tm=.017;cf=cfr(0,0,0,1,.002,.007,-.004,.902,.432,-.005,-.432,.902);es="Linear";ed="In";};};{tm=.067;["Foot_Right_end"]={tm=.016;cf=cfr(-4.619,-8.453,3.423,.672,-.572,.471,-.702,-.694,.16,.236,-.438,-.867);es="Linear";ed="In";};["Foot_Left_end"]={tm=.016;cf=cfr(.011,-.513,2.752,1,-.007,-.007,-.007,.008,-1,.007,1,.008);es="Linear";ed="In";};["RootNode"]={tm=.016;cf=cfr(0,0,0,-1,0,0,0,1,0,0,0,-1);es="Linear";ed="In";};["Head_end"]={tm=.016;cf=cfr(-.669,-1.131,1.59,.594,-.629,.501,.784,.593,-.184,-.182,.502,.846);es="Linear";ed="In";};["Fingers_Left_end"]={tm=.016;cf=cfr(.813,.056,2.151,.445,.474,-.76,-.345,-.692,-.634,-.826,.545,-.144);es="Linear";ed="In";};["MinosPrime"]={tm=.016;cf=cfr(0,0,0,1,0,0,0,1,0,0,0,1);es="Linear";ed="In";};["Fingers_Right_end"]={tm=.016;cf=cfr(-.585,8.634,-.45,.154,-.544,-.825,.37,.806,-.462,.916,-.234,.326);es="Linear";ed="In";};["Armature.001"]={tm=.016;cf=cfr(0,0,0,1,0,0,0,1,0,0,0,1);es="Linear";ed="In";};["Root"]={tm=.016;cf=cfr(-.002,-.306,0,1,0,0,0,1,0,0,0,1);es="Linear";ed="In";};["Spine01"]={tm=.016;cf=cfr(0,0,0,.998,.069,0,-.069,.998,0,0,0,1);es="Linear";ed="In";};["Spine02"]={tm=.016;cf=cfr(0,0,0,.996,0,-.093,0,1,0,.093,0,.996);es="Linear";ed="In";};["Spine03"]={tm=.016;cf=cfr(0,0,0,.999,0,-.055,0,1,0,.055,0,.999);es="Linear";ed="In";};["Clavicle_Right"]={tm=.016;cf=cfr(0,0,0,1,0,0,0,1,0,0,0,1);es="Linear";ed="In";};["UpperArm_Right"]={tm=.016;cf=cfr(0,0,0,.981,-.153,-.12,.176,.96,.218,.081,-.235,.969);es="Linear";ed="In";};["LowerArm_Right"]={tm=.016;cf=cfr(0,0,0,.039,-.392,-.919,-.235,.891,-.39,.971,.231,-.057);es="Linear";ed="In";};["Wrist_Right"]={tm=.016;cf=cfr(0,0,0,1,0,0,0,1,0,0,0,1);es="Linear";ed="In";};["Hand_Right"]={tm=.016;cf=cfr(0,0,0,1,0,0,0,.336,-.942,0,.942,.336);es="Linear";ed="In";};["Fingers_Right"]={tm=.016;cf=cfr(0,0,-.004,1,0,0,0,-.228,-.974,0,.974,-.228);es="Linear";ed="In";};["Clavicle_Left"]={tm=.016;cf=cfr(0,0,0,1,0,0,0,1,0,0,0,1);es="Linear";ed="In";};["UpperArm_Left"]={tm=.016;cf=cfr(0,0,0,.967,.253,-.035,-.254,.966,-.039,.024,.046,.999);es="Linear";ed="In";};["LowerArm_Left"]={tm=.016;cf=cfr(0,0,0,.472,.311,.825,.257,.847,-.466,-.843,.432,.32);es="Linear";ed="In";};["Wrist_Left"]={tm=.016;cf=cfr(0,0,0,1,0,0,0,1,0,0,0,1);es="Linear";ed="In";};["Hand_Left"]={tm=.016;cf=cfr(0,0,0,1,0,0,0,.587,-.81,0,.81,.587);es="Linear";ed="In";};["Fingers_Left"]={tm=.016;cf=cfr(0,0,0,1,0,0,0,-.205,-.979,0,.979,-.205);es="Linear";ed="In";};["Neck"]={tm=.016;cf=cfr(0,0,0,1,-.03,0,.03,1,0,0,0,1);es="Linear";ed="In";};["Head"]={tm=.016;cf=cfr(0,0,0,.957,.238,.165,-.247,.968,.034,-.152,-.074,.986);es="Linear";ed="In";};["Pelvis_Right"]={tm=.016;cf=cfr(0,0,0,1,0,0,0,1,0,0,0,1);es="Linear";ed="In";};["Thigh_Right"]={tm=.016;cf=cfr(0,0,0,1,-.001,.007,.004,.931,-.364,-.006,.364,.931);es="Linear";ed="In";};["Calf_Right"]={tm=.016;cf=cfr(0,0,0,1,.005,-.005,-.003,.922,.387,.007,-.387,.922);es="Linear";ed="In";};["Foot_Right"]={tm=.016;cf=cfr(0,0,0,1,0,.001,0,.999,-.045,-.001,.045,.999);es="Linear";ed="In";};["Pelvis_Left"]={tm=.016;cf=cfr(0,0,0,1,0,0,0,1,0,0,0,1);es="Linear";ed="In";};["Thigh_Left"]={tm=.016;cf=cfr(0,0,0,1,0,.001,0,.998,.065,-.001,-.065,.998);es="Linear";ed="In";};["Calf_Left"]={tm=.016;cf=cfr(0,0,0,1,-.015,.009,.002,.609,.793,-.017,-.793,.609);es="Linear";ed="In";};["Foot_Left"]={tm=.016;cf=cfr(0,0,0,1,.002,.008,-.006,.852,.523,-.006,-.523,.852);es="Linear";ed="In";};};{tm=.083;["Foot_Right_end"]={tm=.017;cf=cfr(-4.619,-8.453,3.423,.672,-.572,.471,-.702,-.694,.16,.236,-.438,-.867);es="Linear";ed="In";};["Foot_Left_end"]={tm=.017;cf=cfr(.011,-.513,2.752,1,-.007,-.007,-.007,.008,-1,.007,1,.008);es="Linear";ed="In";};["RootNode"]={tm=.017;cf=cfr(0,0,0,-1,0,0,0,1,0,0,0,-1);es="Linear";ed="In";};["Head_end"]={tm=.017;cf=cfr(-.669,-1.131,1.59,.594,-.629,.501,.784,.593,-.184,-.182,.502,.846);es="Linear";ed="In";};["Fingers_Left_end"]={tm=.017;cf=cfr(.813,.056,2.151,.445,.474,-.76,-.345,-.692,-.634,-.826,.545,-.144);es="Linear";ed="In";};["MinosPrime"]={tm=.017;cf=cfr(0,0,0,1,0,0,0,1,0,0,0,1);es="Linear";ed="In";};["Fingers_Right_end"]={tm=.017;cf=cfr(-.585,8.634,-.45,.154,-.544,-.825,.37,.806,-.462,.916,-.234,.326);es="Linear";ed="In";};["Armature.001"]={tm=.017;cf=cfr(0,0,0,1,0,0,0,1,0,0,0,1);es="Linear";ed="In";};["Root"]={tm=.017;cf=cfr(-.002,-.226,0,1,0,0,0,1,0,0,0,1);es="Linear";ed="In";};["Spine01"]={tm=.017;cf=cfr(0,0,0,.998,.069,0,-.069,.998,0,0,0,1);es="Linear";ed="In";};["Spine02"]={tm=.017;cf=cfr(0,0,0,.996,0,-.089,0,1,0,.089,0,.996);es="Linear";ed="In";};["Spine03"]={tm=.017;cf=cfr(0,0,0,.999,0,-.044,0,1,0,.044,0,.999);es="Linear";ed="In";};["Clavicle_Right"]={tm=.017;cf=cfr(0,0,0,1,0,0,0,1,0,0,0,1);es="Linear";ed="In";};["UpperArm_Right"]={tm=.017;cf=cfr(0,0,0,.981,-.155,-.117,.176,.964,.2,.081,-.217,.973);es="Linear";ed="In";};["LowerArm_Right"]={tm=.017;cf=cfr(0,0,0,.039,-.392,-.919,-.235,.891,-.39,.971,.231,-.057);es="Linear";ed="In";};["Wrist_Right"]={tm=.017;cf=cfr(0,0,0,1,0,0,0,1,0,0,0,1);es="Linear";ed="In";};["Hand_Right"]={tm=.017;cf=cfr(0,0,0,1,0,0,0,.336,-.942,0,.942,.336);es="Linear";ed="In";};["Fingers_Right"]={tm=.017;cf=cfr(0,0,-.004,1,0,0,0,-.228,-.974,0,.974,-.228);es="Linear";ed="In";};["Clavicle_Left"]={tm=.017;cf=cfr(0,0,0,1,0,0,0,1,0,0,0,1);es="Linear";ed="In";};["UpperArm_Left"]={tm=.017;cf=cfr(0,0,0,.967,.254,-.03,-.254,.967,-.02,.024,.027,.999);es="Linear";ed="In";};["LowerArm_Left"]={tm=.017;cf=cfr(0,0,0,.472,.311,.825,.257,.847,-.466,-.843,.432,.32);es="Linear";ed="In";};["Wrist_Left"]={tm=.017;cf=cfr(0,0,0,1,0,0,0,1,0,0,0,1);es="Linear";ed="In";};["Hand_Left"]={tm=.017;cf=cfr(0,0,0,1,0,0,0,.587,-.81,0,.81,.587);es="Linear";ed="In";};["Fingers_Left"]={tm=.017;cf=cfr(0,0,0,1,0,0,0,-.205,-.979,0,.979,-.205);es="Linear";ed="In";};["Neck"]={tm=.017;cf=cfr(0,0,0,1,-.03,0,.03,1,0,0,0,1);es="Linear";ed="In";};["Head"]={tm=.017;cf=cfr(0,0,0,.96,.239,.149,-.246,.969,.027,-.137,-.063,.989);es="Linear";ed="In";};["Pelvis_Right"]={tm=.017;cf=cfr(0,0,0,1,0,0,0,1,0,0,0,1);es="Linear";ed="In";};["Thigh_Right"]={tm=.017;cf=cfr(0,0,0,1,-.002,.006,.003,.953,-.304,-.005,.304,.953);es="Linear";ed="In";};["Calf_Right"]={tm=.017;cf=cfr(0,0,0,1,.003,-.004,-.002,.964,.267,.005,-.267,.964);es="Linear";ed="In";};["Foot_Right"]={tm=.017;cf=cfr(0,0,0,1,0,0,0,1,-.012,0,.012,1);es="Linear";ed="In";};["Pelvis_Left"]={tm=.017;cf=cfr(0,0,0,1,0,0,0,1,0,0,0,1);es="Linear";ed="In";};["Thigh_Left"]={tm=.017;cf=cfr(0,0,0,1,0,0,0,1,.022,0,-.022,1);es="Linear";ed="In";};["Calf_Left"]={tm=.017;cf=cfr(0,0,0,1,-.017,.009,.001,.522,.853,-.019,-.853,.522);es="Linear";ed="In";};["Foot_Left"]={tm=.017;cf=cfr(0,0,0,1,.001,.01,-.007,.793,.609,-.007,-.609,.793);es="Linear";ed="In";};};{tm=.1;["Foot_Right_end"]={tm=.017;cf=cfr(-4.619,-8.453,3.423,.672,-.572,.471,-.702,-.694,.16,.236,-.438,-.867);es="Linear";ed="In";};["Foot_Left_end"]={tm=.017;cf=cfr(.011,-.513,2.752,1,-.007,-.007,-.007,.008,-1,.007,1,.008);es="Linear";ed="In";};["RootNode"]={tm=.017;cf=cfr(0,0,0,-1,0,0,0,1,0,0,0,-1);es="Linear";ed="In";};["Head_end"]={tm=.017;cf=cfr(-.669,-1.131,1.59,.594,-.629,.501,.784,.593,-.184,-.182,.502,.846);es="Linear";ed="In";};["Fingers_Left_end"]={tm=.017;cf=cfr(.813,.056,2.151,.445,.474,-.76,-.345,-.692,-.634,-.826,.545,-.144);es="Linear";ed="In";};["MinosPrime"]={tm=.017;cf=cfr(0,0,0,1,0,0,0,1,0,0,0,1);es="Linear";ed="In";};["Fingers_Right_end"]={tm=.017;cf=cfr(-.585,8.634,-.45,.154,-.544,-.825,.37,.806,-.462,.916,-.234,.326);es="Linear";ed="In";};["Armature.001"]={tm=.017;cf=cfr(0,0,0,1,0,0,0,1,0,0,0,1);es="Linear";ed="In";};["Root"]={tm=.017;cf=cfr(-.001,-.149,0,1,0,0,0,1,0,0,0,1);es="Linear";ed="In";};["Spine01"]={tm=.017;cf=cfr(0,0,0,.998,.069,0,-.069,.998,0,0,0,1);es="Linear";ed="In";};["Spine02"]={tm=.017;cf=cfr(0,0,0,.996,0,-.085,0,1,0,.085,0,.996);es="Linear";ed="In";};["Spine03"]={tm=.017;cf=cfr(0,0,0,.999,0,-.033,0,1,0,.033,0,.999);es="Linear";ed="In";};["Clavicle_Right"]={tm=.017;cf=cfr(0,0,0,1,0,0,0,1,0,0,0,1);es="Linear";ed="In";};["UpperArm_Right"]={tm=.017;cf=cfr(0,0,0,.981,-.157,-.114,.176,.967,.182,.081,-.198,.977);es="Linear";ed="In";};["LowerArm_Right"]={tm=.017;cf=cfr(0,0,0,.039,-.392,-.919,-.235,.891,-.39,.971,.231,-.057);es="Linear";ed="In";};["Wrist_Right"]={tm=.017;cf=cfr(0,0,0,1,0,0,0,1,0,0,0,1);es="Linear";ed="In";};["Hand_Right"]={tm=.017;cf=cfr(0,0,0,1,0,0,0,.336,-.942,0,.942,.336);es="Linear";ed="In";};["Fingers_Right"]={tm=.017;cf=cfr(0,0,-.004,1,0,0,0,-.228,-.974,0,.974,-.228);es="Linear";ed="In";};["Clavicle_Left"]={tm=.017;cf=cfr(0,0,0,1,0,0,0,1,0,0,0,1);es="Linear";ed="In";};["UpperArm_Left"]={tm=.017;cf=cfr(0,0,0,.967,.254,-.025,-.254,.967,-.002,.024,.008,1);es="Linear";ed="In";};["LowerArm_Left"]={tm=.017;cf=cfr(0,0,0,.472,.311,.825,.257,.847,-.466,-.843,.432,.32);es="Linear";ed="In";};["Wrist_Left"]={tm=.017;cf=cfr(0,0,0,1,0,0,0,1,0,0,0,1);es="Linear";ed="In";};["Hand_Left"]={tm=.017;cf=cfr(0,0,0,1,0,0,0,.587,-.81,0,.81,.587);es="Linear";ed="In";};["Fingers_Left"]={tm=.017;cf=cfr(0,0,0,1,0,0,0,-.205,-.979,0,.979,-.205);es="Linear";ed="In";};["Neck"]={tm=.017;cf=cfr(0,0,0,1,-.03,0,.03,1,0,0,0,1);es="Linear";ed="In";};["Head"]={tm=.017;cf=cfr(0,0,0,.962,.24,.132,-.245,.969,.021,-.123,-.052,.991);es="Linear";ed="In";};["Pelvis_Right"]={tm=.017;cf=cfr(0,0,0,1,0,0,0,1,0,0,0,1);es="Linear";ed="In";};["Thigh_Right"]={tm=.017;cf=cfr(0,0,0,1,-.002,.005,.003,.97,-.242,-.004,.242,.97);es="Linear";ed="In";};["Calf_Right"]={tm=.017;cf=cfr(0,0,0,1,.002,-.003,-.002,.983,.184,.003,-.184,.983);es="Linear";ed="In";};["Foot_Right"]={tm=.017;cf=cfr(0,0,0,1,0,0,0,1,.011,0,-.011,1);es="Linear";ed="In";};["Pelvis_Left"]={tm=.017;cf=cfr(0,0,0,1,0,0,0,1,0,0,0,1);es="Linear";ed="In";};["Thigh_Left"]={tm=.017;cf=cfr(0,0,0,1,.001,0,-.001,1,-.021,0,.021,1);es="Linear";ed="In";};["Calf_Left"]={tm=.017;cf=cfr(0,0,0,1,-.018,.009,.001,.459,.888,-.02,-.888,.459);es="Linear";ed="In";};["Foot_Left"]={tm=.017;cf=cfr(0,0,0,1,.001,.011,-.008,.76,.65,-.007,-.65,.76);es="Linear";ed="In";};};{tm=.117;["Foot_Right_end"]={tm=.016;cf=cfr(-4.619,-8.453,3.423,.672,-.572,.471,-.702,-.694,.16,.236,-.438,-.867);es="Linear";ed="In";};["Foot_Left_end"]={tm=.016;cf=cfr(.011,-.513,2.752,1,-.007,-.007,-.007,.008,-1,.007,1,.008);es="Linear";ed="In";};["RootNode"]={tm=.016;cf=cfr(0,0,0,-1,0,0,0,1,0,0,0,-1);es="Linear";ed="In";};["Head_end"]={tm=.016;cf=cfr(-.669,-1.131,1.59,.594,-.629,.501,.784,.593,-.184,-.182,.502,.846);es="Linear";ed="In";};["Fingers_Left_end"]={tm=.016;cf=cfr(.813,.056,2.151,.445,.474,-.76,-.345,-.692,-.634,-.826,.545,-.144);es="Linear";ed="In";};["MinosPrime"]={tm=.016;cf=cfr(0,0,0,1,0,0,0,1,0,0,0,1);es="Linear";ed="In";};["Fingers_Right_end"]={tm=.016;cf=cfr(-.585,8.634,-.45,.154,-.544,-.825,.37,.806,-.462,.916,-.234,.326);es="Linear";ed="In";};["Armature.001"]={tm=.016;cf=cfr(0,0,0,1,0,0,0,1,0,0,0,1);es="Linear";ed="In";};["Root"]={tm=.016;cf=cfr(-.001,-.084,0,1,0,0,0,1,0,0,0,1);es="Linear";ed="In";};["Spine01"]={tm=.016;cf=cfr(0,0,0,.998,.069,0,-.069,.998,0,0,0,1);es="Linear";ed="In";};["Spine02"]={tm=.016;cf=cfr(0,0,0,.997,0,-.08,0,1,0,.08,0,.997);es="Linear";ed="In";};["Spine03"]={tm=.016;cf=cfr(0,0,0,1,0,-.022,0,1,0,.022,0,1);es="Linear";ed="In";};["Clavicle_Right"]={tm=.016;cf=cfr(0,0,0,1,0,0,0,1,0,0,0,1);es="Linear";ed="In";};["UpperArm_Right"]={tm=.016;cf=cfr(0,0,0,.981,-.159,-.111,.176,.971,.164,.081,-.18,.98);es="Linear";ed="In";};["LowerArm_Right"]={tm=.016;cf=cfr(0,0,0,.039,-.392,-.919,-.235,.891,-.39,.971,.231,-.057);es="Linear";ed="In";};["Wrist_Right"]={tm=.016;cf=cfr(0,0,0,1,0,0,0,1,0,0,0,1);es="Linear";ed="In";};["Hand_Right"]={tm=.016;cf=cfr(0,0,0,1,0,0,0,.336,-.942,0,.942,.336);es="Linear";ed="In";};["Fingers_Right"]={tm=.016;cf=cfr(0,0,-.004,1,0,0,0,-.228,-.974,0,.974,-.228);es="Linear";ed="In";};["Clavicle_Left"]={tm=.016;cf=cfr(0,0,0,1,0,0,0,1,0,0,0,1);es="Linear";ed="In";};["UpperArm_Left"]={tm=.016;cf=cfr(0,0,0,.967,.255,-.02,-.254,.967,.016,.024,-.011,1);es="Linear";ed="In";};["LowerArm_Left"]={tm=.016;cf=cfr(0,0,0,.472,.311,.825,.257,.847,-.466,-.843,.432,.32);es="Linear";ed="In";};["Wrist_Left"]={tm=.016;cf=cfr(0,0,0,1,0,0,0,1,0,0,0,1);es="Linear";ed="In";};["Hand_Left"]={tm=.016;cf=cfr(0,0,0,1,0,0,0,.587,-.81,0,.81,.587);es="Linear";ed="In";};["Fingers_Left"]={tm=.016;cf=cfr(0,0,0,1,0,0,0,-.205,-.979,0,.979,-.205);es="Linear";ed="In";};["Neck"]={tm=.016;cf=cfr(0,0,0,1,-.03,0,.03,1,0,0,0,1);es="Linear";ed="In";};["Head"]={tm=.016;cf=cfr(0,0,0,.964,.241,.115,-.244,.97,.014,-.108,-.041,.993);es="Linear";ed="In";};["Pelvis_Right"]={tm=.016;cf=cfr(0,0,0,1,0,0,0,1,0,0,0,1);es="Linear";ed="In";};["Thigh_Right"]={tm=.016;cf=cfr(0,0,0,1,-.002,.003,.002,.984,-.179,-.003,.179,.984);es="Linear";ed="In";};["Calf_Right"]={tm=.016;cf=cfr(0,0,0,1,.001,-.002,-.001,.995,.099,.002,-.099,.995);es="Linear";ed="In";};["Foot_Right"]={tm=.016;cf=cfr(0,0,0,1,0,0,0,.999,.033,0,-.033,.999);es="Linear";ed="In";};["Pelvis_Left"]={tm=.016;cf=cfr(0,0,0,1,0,0,0,1,0,0,0,1);es="Linear";ed="In";};["Thigh_Left"]={tm=.016;cf=cfr(0,0,0,1,.001,-.001,-.001,.998,-.064,.001,.064,.998);es="Linear";ed="In";};["Calf_Left"]={tm=.016;cf=cfr(0,0,0,1,-.02,.009,0,.394,.919,-.021,-.919,.394);es="Linear";ed="In";};["Foot_Left"]={tm=.016;cf=cfr(0,0,0,1,.001,.012,-.009,.725,.689,-.008,-.689,.725);es="Linear";ed="In";};};{tm=.133;["Foot_Right_end"]={tm=.0169;cf=cfr(-4.619,-8.453,3.423,.672,-.572,.471,-.702,-.694,.16,.236,-.438,-.867);es="Linear";ed="In";};["Foot_Left_end"]={tm=.0169;cf=cfr(.011,-.513,2.752,1,-.007,-.007,-.007,.008,-1,.007,1,.008);es="Linear";ed="In";};["RootNode"]={tm=.0169;cf=cfr(0,0,0,-1,0,0,0,1,0,0,0,-1);es="Linear";ed="In";};["Head_end"]={tm=.0169;cf=cfr(-.669,-1.131,1.59,.594,-.629,.501,.784,.593,-.184,-.182,.502,.846);es="Linear";ed="In";};["Fingers_Left_end"]={tm=.0169;cf=cfr(.813,.056,2.151,.445,.474,-.76,-.345,-.692,-.634,-.826,.545,-.144);es="Linear";ed="In";};["MinosPrime"]={tm=.0169;cf=cfr(0,0,0,1,0,0,0,1,0,0,0,1);es="Linear";ed="In";};["Fingers_Right_end"]={tm=.0169;cf=cfr(-.585,8.634,-.45,.154,-.544,-.825,.37,.806,-.462,.916,-.234,.326);es="Linear";ed="In";};["Armature.001"]={tm=.0169;cf=cfr(0,0,0,1,0,0,0,1,0,0,0,1);es="Linear";ed="In";};["Root"]={tm=.0169;cf=cfr(0,-.039,0,1,0,0,0,1,0,0,0,1);es="Linear";ed="In";};["Spine01"]={tm=.0169;cf=cfr(0,0,0,.998,.069,0,-.069,.998,0,0,0,1);es="Linear";ed="In";};["Spine02"]={tm=.0169;cf=cfr(0,0,0,.997,0,-.076,0,1,0,.076,0,.997);es="Linear";ed="In";};["Spine03"]={tm=.0169;cf=cfr(0,0,0,1,0,-.011,0,1,0,.011,0,1);es="Linear";ed="In";};["Clavicle_Right"]={tm=.0169;cf=cfr(0,0,0,1,0,0,0,1,0,0,0,1);es="Linear";ed="In";};["UpperArm_Right"]={tm=.0169;cf=cfr(0,0,0,.981,-.161,-.108,.176,.974,.146,.081,-.162,.983);es="Linear";ed="In";};["LowerArm_Right"]={tm=.0169;cf=cfr(0,0,0,.039,-.392,-.919,-.235,.891,-.39,.971,.231,-.057);es="Linear";ed="In";};["Wrist_Right"]={tm=.0169;cf=cfr(0,0,0,1,0,0,0,1,0,0,0,1);es="Linear";ed="In";};["Hand_Right"]={tm=.0169;cf=cfr(0,0,0,1,0,0,0,.336,-.942,0,.942,.336);es="Linear";ed="In";};["Fingers_Right"]={tm=.0169;cf=cfr(0,0,-.004,1,0,0,0,-.228,-.974,0,.974,-.228);es="Linear";ed="In";};["Clavicle_Left"]={tm=.0169;cf=cfr(0,0,0,1,0,0,0,1,0,0,0,1);es="Linear";ed="In";};["UpperArm_Left"]={tm=.0169;cf=cfr(0,0,0,.967,.255,-.016,-.254,.967,.035,.024,-.03,.999);es="Linear";ed="In";};["LowerArm_Left"]={tm=.0169;cf=cfr(0,0,0,.472,.311,.825,.257,.847,-.466,-.843,.432,.32);es="Linear";ed="In";};["Wrist_Left"]={tm=.0169;cf=cfr(0,0,0,1,0,0,0,1,0,0,0,1);es="Linear";ed="In";};["Hand_Left"]={tm=.0169;cf=cfr(0,0,0,1,0,0,0,.587,-.81,0,.81,.587);es="Linear";ed="In";};["Fingers_Left"]={tm=.0169;cf=cfr(0,0,0,1,0,0,0,-.205,-.979,0,.979,-.205);es="Linear";ed="In";};["Neck"]={tm=.0169;cf=cfr(0,0,0,1,-.03,0,.03,1,0,0,0,1);es="Linear";ed="In";};["Head"]={tm=.0169;cf=cfr(0,0,0,.965,.242,.098,-.243,.97,.007,-.093,-.03,.995);es="Linear";ed="In";};["Pelvis_Right"]={tm=.0169;cf=cfr(0,0,0,1,0,0,0,1,0,0,0,1);es="Linear";ed="In";};["Thigh_Right"]={tm=.0169;cf=cfr(0,0,0,1,-.002,.002,.002,.993,-.116,-.002,.116,.993);es="Linear";ed="In";};["Calf_Right"]={tm=.0169;cf=cfr(0,0,0,1,0,0,0,1,.013,0,-.013,1);es="Linear";ed="In";};["Foot_Right"]={tm=.0169;cf=cfr(0,0,0,1,0,-.001,0,.998,.055,.001,-.055,.998);es="Linear";ed="In";};["Pelvis_Left"]={tm=.0169;cf=cfr(0,0,0,1,0,0,0,1,0,0,0,1);es="Linear";ed="In";};["Thigh_Left"]={tm=.0169;cf=cfr(0,0,0,1,.001,-.003,-.002,.99,-.141,.002,.141,.99);es="Linear";ed="In";};["Calf_Left"]={tm=.0169;cf=cfr(0,0,0,1,-.021,.008,-.001,.327,.945,-.023,-.945,.326);es="Linear";ed="In";};["Foot_Left"]={tm=.0169;cf=cfr(0,0,0,1,.001,.012,-.009,.688,.726,-.008,-.726,.688);es="Linear";ed="In";};};{tm=.15;["Foot_Right_end"]={tm=.0170;cf=cfr(-4.619,-8.453,3.423,.672,-.572,.471,-.702,-.694,.16,.236,-.438,-.867);es="Linear";ed="In";};["Foot_Left_end"]={tm=.0170;cf=cfr(.011,-.513,2.752,1,-.007,-.007,-.007,.008,-1,.007,1,.008);es="Linear";ed="In";};["RootNode"]={tm=.0170;cf=cfr(0,0,0,-1,0,0,0,1,0,0,0,-1);es="Linear";ed="In";};["Head_end"]={tm=.0170;cf=cfr(-.669,-1.131,1.59,.594,-.629,.501,.784,.593,-.184,-.182,.502,.846);es="Linear";ed="In";};["Fingers_Left_end"]={tm=.0170;cf=cfr(.813,.056,2.151,.445,.474,-.76,-.345,-.692,-.634,-.826,.545,-.144);es="Linear";ed="In";};["MinosPrime"]={tm=.0170;cf=cfr(0,0,0,1,0,0,0,1,0,0,0,1);es="Linear";ed="In";};["Fingers_Right_end"]={tm=.0170;cf=cfr(-.585,8.634,-.45,.154,-.544,-.825,.37,.806,-.462,.916,-.234,.326);es="Linear";ed="In";};["Armature.001"]={tm=.0170;cf=cfr(0,0,0,1,0,0,0,1,0,0,0,1);es="Linear";ed="In";};["Root"]={tm=.0170;cf=cfr(0,-.022,0,1,0,0,0,1,0,0,0,1);es="Linear";ed="In";};["Spine01"]={tm=.0170;cf=cfr(0,0,0,.998,.069,0,-.069,.998,0,0,0,1);es="Linear";ed="In";};["Spine02"]={tm=.0170;cf=cfr(0,0,0,.997,0,-.072,0,1,0,.072,0,.997);es="Linear";ed="In";};["Spine03"]={tm=.0170;cf=cfr(0,0,0,1,0,0,0,1,0,0,0,1);es="Linear";ed="In";};["Clavicle_Right"]={tm=.0170;cf=cfr(0,0,0,1,0,0,0,1,0,0,0,1);es="Linear";ed="In";};["UpperArm_Right"]={tm=.0170;cf=cfr(0,0,0,.981,-.163,-.105,.176,.976,.128,.081,-.144,.986);es="Linear";ed="In";};["LowerArm_Right"]={tm=.0170;cf=cfr(0,0,0,.039,-.392,-.919,-.235,.891,-.39,.971,.231,-.057);es="Linear";ed="In";};["Wrist_Right"]={tm=.0170;cf=cfr(0,0,0,1,0,0,0,1,0,0,0,1);es="Linear";ed="In";};["Hand_Right"]={tm=.0170;cf=cfr(0,0,0,1,0,0,0,.336,-.942,0,.942,.336);es="Linear";ed="In";};["Fingers_Right"]={tm=.0170;cf=cfr(0,0,-.004,1,0,0,0,-.228,-.974,0,.974,-.228);es="Linear";ed="In";};["Clavicle_Left"]={tm=.0170;cf=cfr(0,0,0,1,0,0,0,1,0,0,0,1);es="Linear";ed="In";};["UpperArm_Left"]={tm=.0170;cf=cfr(0,0,0,.967,.255,-.011,-.254,.966,.053,.024,-.049,.999);es="Linear";ed="In";};["LowerArm_Left"]={tm=.0170;cf=cfr(0,0,0,.472,.311,.825,.257,.847,-.466,-.843,.432,.32);es="Linear";ed="In";};["Wrist_Left"]={tm=.0170;cf=cfr(0,0,0,1,0,0,0,1,0,0,0,1);es="Linear";ed="In";};["Hand_Left"]={tm=.0170;cf=cfr(0,0,0,1,0,0,0,.587,-.81,0,.81,.587);es="Linear";ed="In";};["Fingers_Left"]={tm=.0170;cf=cfr(0,0,0,1,0,0,0,-.205,-.979,0,.979,-.205);es="Linear";ed="In";};["Neck"]={tm=.0170;cf=cfr(0,0,0,1,-.03,0,.03,1,0,0,0,1);es="Linear";ed="In";};["Head"]={tm=.0170;cf=cfr(0,0,0,.967,.242,.081,-.243,.97,0,-.079,-.019,.997);es="Linear";ed="In";};["Pelvis_Right"]={tm=.0170;cf=cfr(0,0,0,1,0,0,0,1,0,0,0,1);es="Linear";ed="In";};["Thigh_Right"]={tm=.0170;cf=cfr(0,0,0,1,-.002,.001,.002,.999,-.052,-.001,.052,.999);es="Linear";ed="In";};["Calf_Right"]={tm=.0170;cf=cfr(0,0,0,1,-.001,.001,.001,.997,-.073,-.001,.073,.997);es="Linear";ed="In";};["Foot_Right"]={tm=.0170;cf=cfr(0,0,0,1,-.001,-.001,.001,.997,.077,.001,-.077,.997);es="Linear";ed="In";};["Pelvis_Left"]={tm=.0170;cf=cfr(0,0,0,1,0,0,0,1,0,0,0,1);es="Linear";ed="In";};["Thigh_Left"]={tm=.0170;cf=cfr(0,0,0,1,.002,-.004,-.002,.976,-.217,.004,.217,.976);es="Linear";ed="In";};["Calf_Left"]={tm=.0170;cf=cfr(0,0,0,1,-.022,.008,-.002,.258,.966,-.024,-.966,.258);es="Linear";ed="In";};["Foot_Left"]={tm=.0170;cf=cfr(0,0,0,1,0,.013,-.01,.649,.761,-.008,-.761,.649);es="Linear";ed="In";};};{tm=.167;["Foot_Right_end"]={tm=.0159;cf=cfr(-4.619,-8.453,3.423,.672,-.572,.471,-.702,-.694,.16,.236,-.438,-.867);es="Linear";ed="In";};["Foot_Left_end"]={tm=.0159;cf=cfr(.011,-.513,2.752,1,-.007,-.007,-.007,.008,-1,.007,1,.008);es="Linear";ed="In";};["RootNode"]={tm=.0159;cf=cfr(0,0,0,-1,0,0,0,1,0,0,0,-1);es="Linear";ed="In";};["Head_end"]={tm=.0159;cf=cfr(-.669,-1.131,1.59,.594,-.629,.501,.784,.593,-.184,-.182,.502,.846);es="Linear";ed="In";};["Fingers_Left_end"]={tm=.0159;cf=cfr(.813,.056,2.151,.445,.474,-.76,-.345,-.692,-.634,-.826,.545,-.144);es="Linear";ed="In";};["MinosPrime"]={tm=.0159;cf=cfr(0,0,0,1,0,0,0,1,0,0,0,1);es="Linear";ed="In";};["Fingers_Right_end"]={tm=.0159;cf=cfr(-.585,8.634,-.45,.154,-.544,-.825,.37,.806,-.462,.916,-.234,.326);es="Linear";ed="In";};["Armature.001"]={tm=.0159;cf=cfr(0,0,0,1,0,0,0,1,0,0,0,1);es="Linear";ed="In";};["Root"]={tm=.0159;cf=cfr(0,-.026,0,1,0,0,0,1,0,0,0,1);es="Linear";ed="In";};["Spine01"]={tm=.0159;cf=cfr(0,0,0,.998,.069,0,-.069,.998,0,0,0,1);es="Linear";ed="In";};["Spine02"]={tm=.0159;cf=cfr(0,0,0,.998,0,-.067,0,1,0,.067,0,.998);es="Linear";ed="In";};["Spine03"]={tm=.0159;cf=cfr(0,0,0,1,0,.01,0,1,0,-.01,0,1);es="Linear";ed="In";};["Clavicle_Right"]={tm=.0159;cf=cfr(0,0,0,1,0,0,0,1,0,0,0,1);es="Linear";ed="In";};["UpperArm_Right"]={tm=.0159;cf=cfr(0,0,0,.981,-.165,-.102,.176,.978,.109,.081,-.125,.989);es="Linear";ed="In";};["LowerArm_Right"]={tm=.0159;cf=cfr(0,0,0,.039,-.392,-.919,-.235,.891,-.39,.971,.231,-.057);es="Linear";ed="In";};["Wrist_Right"]={tm=.0159;cf=cfr(0,0,0,1,0,0,0,1,0,0,0,1);es="Linear";ed="In";};["Hand_Right"]={tm=.0159;cf=cfr(0,0,0,1,0,0,0,.336,-.942,0,.942,.336);es="Linear";ed="In";};["Fingers_Right"]={tm=.0159;cf=cfr(0,0,-.004,1,0,0,0,-.228,-.974,0,.974,-.228);es="Linear";ed="In";};["Clavicle_Left"]={tm=.0159;cf=cfr(0,0,0,1,0,0,0,1,0,0,0,1);es="Linear";ed="In";};["UpperArm_Left"]={tm=.0159;cf=cfr(0,0,0,.967,.255,-.006,-.254,.965,.072,.024,-.068,.997);es="Linear";ed="In";};["LowerArm_Left"]={tm=.0159;cf=cfr(0,0,0,.472,.311,.825,.257,.847,-.466,-.843,.432,.32);es="Linear";ed="In";};["Wrist_Left"]={tm=.0159;cf=cfr(0,0,0,1,0,0,0,1,0,0,0,1);es="Linear";ed="In";};["Hand_Left"]={tm=.0159;cf=cfr(0,0,0,1,0,0,0,.587,-.81,0,.81,.587);es="Linear";ed="In";};["Fingers_Left"]={tm=.0159;cf=cfr(0,0,0,1,0,0,0,-.205,-.979,0,.979,-.205);es="Linear";ed="In";};["Neck"]={tm=.0159;cf=cfr(0,0,0,1,-.03,0,.03,1,0,0,0,1);es="Linear";ed="In";};["Head"]={tm=.0159;cf=cfr(0,0,0,.968,.242,.064,-.242,.97,-.007,-.064,-.009,.998);es="Linear";ed="In";};["Pelvis_Right"]={tm=.0159;cf=cfr(0,0,0,1,0,0,0,1,0,0,0,1);es="Linear";ed="In";};["Thigh_Right"]={tm=.0159;cf=cfr(0,0,0,1,-.001,.001,.001,.999,-.039,-.001,.039,.999);es="Linear";ed="In";};["Calf_Right"]={tm=.0159;cf=cfr(0,0,0,1,-.001,.001,.001,.998,-.056,-.001,.056,.998);es="Linear";ed="In";};["Foot_Right"]={tm=.0159;cf=cfr(0,0,0,1,-.001,-.001,.001,.995,.1,.001,-.1,.995);es="Linear";ed="In";};["Pelvis_Left"]={tm=.0159;cf=cfr(0,0,0,1,0,0,0,1,0,0,0,1);es="Linear";ed="In";};["Thigh_Left"]={tm=.0159;cf=cfr(0,0,0,1,.002,-.006,-.003,.956,-.292,.005,.292,.956);es="Linear";ed="In";};["Calf_Left"]={tm=.0159;cf=cfr(0,0,0,1,-.022,.008,-.002,.259,.966,-.024,-.966,.258);es="Linear";ed="In";};["Foot_Left"]={tm=.0159;cf=cfr(0,0,0,1,0,.014,-.011,.608,.794,-.008,-.794,.608);es="Linear";ed="In";};};{tm=.183;["Foot_Right_end"]={tm=.0170;cf=cfr(-4.619,-8.453,3.423,.672,-.572,.471,-.702,-.694,.16,.236,-.438,-.867);es="Linear";ed="In";};["Foot_Left_end"]={tm=.0170;cf=cfr(.011,-.513,2.752,1,-.007,-.007,-.007,.008,-1,.007,1,.008);es="Linear";ed="In";};["RootNode"]={tm=.0170;cf=cfr(0,0,0,-1,0,0,0,1,0,0,0,-1);es="Linear";ed="In";};["Head_end"]={tm=.0170;cf=cfr(-.669,-1.131,1.59,.594,-.629,.501,.784,.593,-.184,-.182,.502,.846);es="Linear";ed="In";};["Fingers_Left_end"]={tm=.0170;cf=cfr(.813,.056,2.151,.445,.474,-.76,-.345,-.692,-.634,-.826,.545,-.144);es="Linear";ed="In";};["MinosPrime"]={tm=.0170;cf=cfr(0,0,0,1,0,0,0,1,0,0,0,1);es="Linear";ed="In";};["Fingers_Right_end"]={tm=.0170;cf=cfr(-.585,8.634,-.45,.154,-.544,-.825,.37,.806,-.462,.916,-.234,.326);es="Linear";ed="In";};["Armature.001"]={tm=.0170;cf=cfr(0,0,0,1,0,0,0,1,0,0,0,1);es="Linear";ed="In";};["Root"]={tm=.0170;cf=cfr(0,-.036,0,1,0,0,0,1,0,0,0,1);es="Linear";ed="In";};["Spine01"]={tm=.0170;cf=cfr(0,0,0,.998,.069,0,-.069,.998,0,0,0,1);es="Linear";ed="In";};["Spine02"]={tm=.0170;cf=cfr(0,0,0,.998,0,-.063,0,1,0,.063,0,.998);es="Linear";ed="In";};["Spine03"]={tm=.0170;cf=cfr(0,0,0,1,0,.021,0,1,0,-.021,0,1);es="Linear";ed="In";};["Clavicle_Right"]={tm=.0170;cf=cfr(0,0,0,1,0,0,0,1,0,0,0,1);es="Linear";ed="In";};["UpperArm_Right"]={tm=.0170;cf=cfr(0,0,0,.981,-.167,-.099,.176,.98,.091,.081,-.107,.991);es="Linear";ed="In";};["LowerArm_Right"]={tm=.0170;cf=cfr(0,0,0,.039,-.392,-.919,-.235,.891,-.39,.971,.231,-.057);es="Linear";ed="In";};["Wrist_Right"]={tm=.0170;cf=cfr(0,0,0,1,0,0,0,1,0,0,0,1);es="Linear";ed="In";};["Hand_Right"]={tm=.0170;cf=cfr(0,0,0,1,0,0,0,.336,-.942,0,.942,.336);es="Linear";ed="In";};["Fingers_Right"]={tm=.0170;cf=cfr(0,0,-.004,1,0,0,0,-.228,-.974,0,.974,-.228);es="Linear";ed="In";};["Clavicle_Left"]={tm=.0170;cf=cfr(0,0,0,1,0,0,0,1,0,0,0,1);es="Linear";ed="In";};["UpperArm_Left"]={tm=.0170;cf=cfr(0,0,0,.967,.255,-.001,-.254,.963,.09,.024,-.087,.996);es="Linear";ed="In";};["LowerArm_Left"]={tm=.0170;cf=cfr(0,0,0,.472,.311,.825,.257,.847,-.466,-.843,.432,.32);es="Linear";ed="In";};["Wrist_Left"]={tm=.0170;cf=cfr(0,0,0,1,0,0,0,1,0,0,0,1);es="Linear";ed="In";};["Hand_Left"]={tm=.0170;cf=cfr(0,0,0,1,0,0,0,.587,-.81,0,.81,.587);es="Linear";ed="In";};["Fingers_Left"]={tm=.0170;cf=cfr(0,0,0,1,0,0,0,-.205,-.979,0,.979,-.205);es="Linear";ed="In";};["Neck"]={tm=.0170;cf=cfr(0,0,0,1,-.03,0,.03,1,0,0,0,1);es="Linear";ed="In";};["Head"]={tm=.0170;cf=cfr(0,0,0,.969,.242,.047,-.242,.97,-.014,-.049,.002,.999);es="Linear";ed="In";};["Pelvis_Right"]={tm=.0170;cf=cfr(0,0,0,1,0,0,0,1,0,0,0,1);es="Linear";ed="In";};["Thigh_Right"]={tm=.0170;cf=cfr(0,0,0,1,-.001,0,.001,1,-.026,0,.026,1);es="Linear";ed="In";};["Calf_Right"]={tm=.0170;cf=cfr(0,0,0,1,0,.001,0,.999,-.04,-.001,.04,.999);es="Linear";ed="In";};["Foot_Right"]={tm=.0170;cf=cfr(0,0,0,1,0,-.001,0,.998,.061,.001,-.061,.998);es="Linear";ed="In";};["Pelvis_Left"]={tm=.0170;cf=cfr(0,0,0,1,0,0,0,1,0,0,0,1);es="Linear";ed="In";};["Thigh_Left"]={tm=.0170;cf=cfr(0,0,0,1,.002,-.007,-.004,.931,-.366,.006,.366,.931);es="Linear";ed="In";};["Calf_Left"]={tm=.0170;cf=cfr(0,0,0,1,-.022,.008,-.002,.26,.966,-.024,-.965,.259);es="Linear";ed="In";};["Foot_Left"]={tm=.0170;cf=cfr(0,0,0,1,.001,.012,-.009,.697,.717,-.008,-.718,.696);es="Linear";ed="In";};};{tm=.2;["Foot_Right_end"]={tm=.0169;cf=cfr(-4.619,-8.453,3.423,.672,-.572,.471,-.702,-.694,.16,.236,-.438,-.867);es="Linear";ed="In";};["Foot_Left_end"]={tm=.0169;cf=cfr(.011,-.513,2.752,1,-.007,-.007,-.007,.008,-1,.007,1,.008);es="Linear";ed="In";};["RootNode"]={tm=.0169;cf=cfr(0,0,0,-1,0,0,0,1,0,0,0,-1);es="Linear";ed="In";};["Head_end"]={tm=.0169;cf=cfr(-.669,-1.131,1.59,.594,-.629,.5